0 0.411901 0.361227 0.057648 0.047415
0 0.384473 0.430267 0.054857 0.037656
0 0.387263 0.465830 0.045560 0.041842
0 0.390516 0.501396 0.048351 0.043236
0 0.384937 0.539749 0.063225 0.041842
0 0.384006 0.581592 0.066944 0.044629
0 0.380289 0.620641 0.059510 0.044629
0 0.381684 0.665970 0.067873 0.048815
0 0.384937 0.722454 0.063225 0.047422
0 0.389121 0.769180 0.069735 0.048815
0 0.389121 0.833333 0.064154 0.048815
0 0.537424 0.456764 0.053928 0.037656
0 0.537891 0.489541 0.056719 0.041842
0 0.539284 0.530680 0.048351 0.043236
0 0.540213 0.569736 0.055790 0.040449
0 0.549976 0.616458 0.060438 0.047422
0 0.550905 0.662484 0.052999 0.044629
0 0.554627 0.713392 0.073455 0.048815
0 0.566714 0.768480 0.073455 0.050215
0 0.569967 0.823571 0.066949 0.051608
0 0.576011 0.887031 0.067873 0.064154
0 0.583451 0.961647 0.082752 0.062760
0 0.584379 0.225944 0.043698 0.036263
0 0.588099 0.294284 0.049280 0.036263
0 0.591352 0.343792 0.053928 0.032077
0 0.596931 0.369593 0.052066 0.041842
0 0.599720 0.402373 0.052070 0.032077
0 0.606230 0.433750 0.055786 0.039049
0 0.605766 0.467227 0.054857 0.039049
0 0.606230 0.504186 0.055786 0.037656
0 0.613668 0.541839 0.057648 0.043236
0 0.618783 0.587168 0.064154 0.047422
0 0.618780 0.630407 0.056719 0.044629
0 0.628546 0.671549 0.059505 0.046029
0 0.633194 0.721758 0.068802 0.051602
0 0.646675 0.768480 0.054861 0.044629
0 0.652255 0.823571 0.073451 0.057181
0 0.658763 0.889121 0.066016 0.048815
0 0.676430 0.962344 0.084614 0.058581
0 0.662018 0.136683 0.040911 0.030684
0 0.677823 0.190374 0.035334 0.032077
0 0.688982 0.265690 0.046489 0.032083
0 0.695955 0.289398 0.038125 0.032077
0 0.709902 0.324268 0.039978 0.032077
0 0.714551 0.349372 0.051141 0.034863
0 0.721988 0.379359 0.049280 0.039056
0 0.736402 0.410042 0.057648 0.039056
0 0.739655 0.448398 0.054857 0.037656
0 0.746628 0.483262 0.057648 0.037656
0 0.767550 0.526501 0.058581 0.043236
0 0.779173 0.577406 0.068806 0.044629
0 0.786148 0.623431 0.069735 0.047422
0 0.798234 0.671549 0.066016 0.048815
0 0.800558 0.718271 0.072522 0.047415
0 0.818223 0.769876 0.078103 0.050208
0 0.827057 0.824964 0.080894 0.051608
0 0.843329 0.886331 0.072526 0.054395
0 0.855417 0.963040 0.072526 0.059974
