0 0.411437 0.360531 0.054861 0.046022
0 0.390516 0.500700 0.046493 0.041842
0 0.385868 0.540446 0.065087 0.043236
0 0.384473 0.580895 0.062296 0.043236
0 0.381220 0.624827 0.057648 0.041842
0 0.381217 0.668060 0.070664 0.047422
0 0.384473 0.722454 0.060438 0.047422
0 0.389586 0.771270 0.068806 0.050208
0 0.388657 0.834030 0.063225 0.050208
0 0.376105 0.895397 0.084614 0.058581
0 0.542539 0.569736 0.054861 0.046022
0 0.550905 0.617155 0.062296 0.048815
0 0.551838 0.663180 0.052999 0.043236
0 0.555091 0.715482 0.074384 0.052995
0 0.566712 0.763600 0.069735 0.051602
0 0.571361 0.822178 0.069735 0.054395
0 0.576476 0.887028 0.066944 0.058574
0 0.579731 0.961647 0.082752 0.059974
0 0.597398 0.366807 0.052999 0.044629
0 0.601582 0.403070 0.052070 0.033470
0 0.606230 0.434447 0.053928 0.037656
0 0.603904 0.465830 0.052999 0.041842
0 0.605299 0.504883 0.055790 0.039049
0 0.613203 0.541842 0.054861 0.046029
0 0.619247 0.587865 0.063225 0.048815
0 0.618783 0.629710 0.054857 0.043236
0 0.628079 0.672246 0.060438 0.047422
0 0.633659 0.721758 0.066016 0.048815
0 0.647142 0.769873 0.053928 0.041842
0 0.653186 0.822874 0.073455 0.058574
0 0.659692 0.891911 0.066016 0.054395
0 0.662949 0.960947 0.061367 0.053001
0 0.715015 0.350765 0.052070 0.032077
0 0.722919 0.379359 0.045560 0.033470
0 0.736402 0.411436 0.057648 0.039056
0 0.738726 0.449792 0.054857 0.040443
0 0.745699 0.485355 0.057648 0.039056
0 0.767550 0.525804 0.060438 0.044629
0 0.778707 0.578799 0.067873 0.044629
0 0.786148 0.624131 0.069735 0.043236
0 0.799164 0.671549 0.069735 0.048815
0 0.799164 0.718968 0.069735 0.048809
0 0.817758 0.769873 0.079032 0.053001
0 0.836354 0.826357 0.067873 0.054395
0 0.844260 0.885635 0.068806 0.055788
0 0.854952 0.960947 0.067873 0.058574
