0 0.414692 0.714089 0.066944 0.050208
0 0.420734 0.768480 0.056719 0.050215
0 0.416549 0.832637 0.059505 0.052995
0 0.411901 0.901673 0.079965 0.054388
0 0.407253 0.968620 0.065087 0.054388
0 0.587170 0.182705 0.039983 0.030684
0 0.603440 0.255228 0.042773 0.036263
0 0.615992 0.314505 0.038121 0.034870
0 0.613670 0.447699 0.053928 0.041842
0 0.575080 0.592747 0.060438 0.044635
0 0.642491 0.639469 0.063229 0.043236
0 0.651324 0.684798 0.066016 0.050208
0 0.658763 0.735007 0.060434 0.047422
0 0.668526 0.790098 0.061367 0.048815
0 0.676895 0.847979 0.070664 0.053001
0 0.588563 0.792887 0.072526 0.051608
0 0.591354 0.847282 0.072526 0.054395
0 0.583915 0.908646 0.066944 0.059974
0 0.680614 0.976289 0.063225 0.047422
0 0.810786 0.685495 0.057648 0.046029
0 0.813576 0.740586 0.072526 0.050208
0 0.833566 0.796374 0.062296 0.047422
0 0.845653 0.854951 0.075317 0.053001
0 0.855417 0.910739 0.072526 0.047415
0 0.879590 0.973499 0.085543 0.053001
