0 0.586239 0.182008 0.039978 0.032077
0 0.601580 0.254531 0.040911 0.037656
0 0.612274 0.447002 0.056719 0.043236
0 0.420269 0.766390 0.059505 0.054395
0 0.416552 0.831937 0.061367 0.054395
0 0.410506 0.900973 0.084614 0.055788
0 0.405393 0.970013 0.065082 0.059974
0 0.585775 0.789398 0.070664 0.055788
0 0.592283 0.846582 0.068802 0.052995
0 0.582984 0.907253 0.068806 0.059974
0 0.650395 0.685495 0.067873 0.048815
0 0.658299 0.735703 0.063229 0.051602
0 0.667595 0.790794 0.065087 0.050208
0 0.676430 0.846582 0.067878 0.052995
0 0.682938 0.976989 0.064158 0.046022
0 0.811250 0.739886 0.073455 0.057181
0 0.835425 0.796374 0.066016 0.050208
0 0.846118 0.854255 0.078103 0.054395
0 0.855417 0.912832 0.074384 0.057187
0 0.877732 0.973499 0.087400 0.053001
