0 0.407253 0.746862 0.059505 0.048815
0 0.401673 0.804740 0.079961 0.050208
0 0.397025 0.866807 0.065082 0.051608
0 0.386797 0.924688 0.066944 0.061367
0 0.541608 0.410739 0.052999 0.040449
0 0.584846 0.880752 0.070664 0.054395
0 0.597398 0.985355 0.086471 0.029290
0 0.624360 0.651325 0.062296 0.047415
0 0.636450 0.698047 0.058576 0.051602
0 0.647140 0.755231 0.065087 0.051608
0 0.650859 0.811019 0.076241 0.057181
0 0.659227 0.866807 0.065087 0.057181
0 0.670386 0.927474 0.063229 0.047422
0 0.679219 0.983962 0.064158 0.032077
0 0.711762 0.344492 0.049280 0.039049
0 0.785217 0.629707 0.058576 0.048815
0 0.795443 0.676429 0.064158 0.047415
0 0.802882 0.723851 0.071597 0.053001
0 0.823802 0.775452 0.079965 0.058574
0 0.834961 0.844489 0.081823 0.054395
0 0.853092 0.907253 0.069735 0.051602
0 0.863320 0.973499 0.088333 0.053001
