0 0.395165 0.633193 0.063229 0.047415
0 0.228266 0.970013 0.071593 0.059974
0 0.391445 0.673639 0.050208 0.047422
0 0.387263 0.723151 0.052999 0.046029
0 0.384473 0.772666 0.073451 0.055788
0 0.377964 0.836820 0.058576 0.053001
0 0.371921 0.901673 0.085543 0.059974
0 0.549976 0.661784 0.069735 0.051602
0 0.556484 0.720361 0.067873 0.054395
0 0.560206 0.783818 0.077174 0.055788
0 0.570434 0.843096 0.066016 0.059967
0 0.580662 0.906556 0.069735 0.061367
0 0.580660 0.971410 0.082752 0.057181
0 0.582520 0.171546 0.043702 0.030684
0 0.592747 0.239889 0.038125 0.033477
0 0.595538 0.271270 0.049280 0.040443
0 0.600651 0.360527 0.053932 0.037656
0 0.604835 0.441423 0.045564 0.037663
0 0.609486 0.475592 0.045560 0.041836
0 0.613203 0.529290 0.066016 0.048815
0 0.617852 0.574616 0.060434 0.044635
0 0.623431 0.628314 0.062296 0.046029
0 0.627615 0.676429 0.065082 0.053001
0 0.631335 0.728034 0.063225 0.047422
0 0.640167 0.789401 0.069735 0.052995
0 0.652255 0.852161 0.062296 0.052995
0 0.655508 0.914922 0.057648 0.047422
0 0.663876 0.973499 0.065087 0.053001
0 0.708971 0.305439 0.051137 0.036257
0 0.718270 0.356344 0.047418 0.040449
0 0.721990 0.398187 0.052999 0.037663
0 0.732682 0.428870 0.055790 0.034863
0 0.741517 0.465133 0.054857 0.040449
0 0.765690 0.525104 0.062300 0.040443
0 0.785215 0.569736 0.060438 0.043236
0 0.797305 0.615065 0.066016 0.050208
0 0.814505 0.670853 0.070668 0.050208
0 0.828453 0.723848 0.076246 0.047422
0 0.835425 0.784518 0.067873 0.054388
0 0.841934 0.843792 0.071593 0.053001
0 0.859601 0.903763 0.071597 0.050208
0 0.867504 0.967227 0.083681 0.059974
