0 0.415154 0.327057 0.052999 0.040443
0 0.410508 0.361924 0.056719 0.043236
0 0.401675 0.421898 0.057648 0.043236
0 0.386332 0.464437 0.047422 0.044629
0 0.390981 0.503486 0.047422 0.039056
0 0.384937 0.541842 0.068806 0.046029
0 0.384006 0.580195 0.065087 0.044635
0 0.380289 0.622734 0.059510 0.048815
0 0.381217 0.667363 0.068806 0.046029
0 0.385401 0.721758 0.060438 0.046029
0 0.389121 0.769180 0.071593 0.048815
0 0.387728 0.833333 0.063225 0.051602
0 0.537424 0.458158 0.050213 0.037656
0 0.539748 0.492327 0.056719 0.041842
0 0.539284 0.531380 0.050208 0.044635
0 0.540679 0.569736 0.058581 0.040449
0 0.549047 0.619945 0.060438 0.043236
0 0.552767 0.664574 0.052999 0.043236
0 0.555091 0.718271 0.074384 0.053001
0 0.566248 0.764297 0.072522 0.052995
0 0.569503 0.825664 0.071593 0.050208
0 0.577407 0.889121 0.068806 0.059974
0 0.580195 0.961647 0.087405 0.059974
0 0.675501 0.962344 0.093911 0.064154
0 0.660158 0.889818 0.070664 0.058581
0 0.653184 0.824964 0.077174 0.057181
0 0.645280 0.774059 0.053928 0.044629
0 0.632263 0.723848 0.068806 0.047422
0 0.628082 0.675036 0.058576 0.041842
0 0.617852 0.629710 0.056719 0.043236
0 0.619711 0.589261 0.067878 0.046022
0 0.614132 0.546025 0.058576 0.046022
0 0.605764 0.507673 0.056719 0.044629
0 0.604835 0.466530 0.054861 0.037656
0 0.605299 0.435146 0.057648 0.039056
0 0.600184 0.403763 0.052999 0.037656
0 0.596931 0.368896 0.055790 0.043236
0 0.587632 0.294284 0.052070 0.039049
0 0.585773 0.225244 0.048351 0.034863
0 0.662483 0.139469 0.043698 0.033470
0 0.675501 0.189678 0.036263 0.027897
0 0.689447 0.266390 0.047418 0.030684
0 0.697350 0.287308 0.035334 0.030684
0 0.714086 0.324964 0.042773 0.030684
0 0.714551 0.350768 0.052999 0.037656
0 0.722919 0.380055 0.043702 0.034863
0 0.736866 0.408649 0.062300 0.041842
0 0.739191 0.446999 0.055786 0.037656
0 0.744770 0.483962 0.057648 0.039056
0 0.766155 0.524408 0.063229 0.041836
0 0.778242 0.578802 0.068802 0.047422
0 0.786610 0.624128 0.072526 0.046029
0 0.796374 0.671546 0.069735 0.054395
0 0.800093 0.719665 0.077174 0.047415
0 0.815434 0.768480 0.083681 0.053001
0 0.848444 0.883542 0.079032 0.059974
0 0.854021 0.960947 0.073451 0.055788
