0 0.406788 0.433753 0.054861 0.041842
0 0.393770 0.627614 0.062296 0.044629
0 0.395165 0.680612 0.068802 0.047422
0 0.388657 0.732913 0.072522 0.054395
0 0.397954 0.781732 0.055786 0.048815
0 0.402602 0.845189 0.085543 0.052995
0 0.556484 0.552998 0.049280 0.040449
0 0.557415 0.594840 0.054857 0.040449
0 0.555556 0.637380 0.052995 0.044629
0 0.560204 0.682705 0.067873 0.046022
0 0.565319 0.737096 0.076246 0.048815
0 0.580195 0.784518 0.063229 0.048815
0 0.582520 0.843096 0.071593 0.054395
0 0.580195 0.905856 0.070668 0.054395
0 0.587170 0.970713 0.073455 0.058574
0 0.596931 0.308926 0.039054 0.040443
0 0.603440 0.443516 0.053928 0.039049
0 0.613203 0.476986 0.056719 0.039049
0 0.623895 0.512555 0.046489 0.043236
0 0.626684 0.550905 0.057648 0.047422
0 0.631799 0.599720 0.067878 0.047422
0 0.638772 0.641563 0.065087 0.050208
0 0.634123 0.686891 0.066944 0.046022
0 0.640632 0.730824 0.061367 0.044629
0 0.650395 0.785218 0.060434 0.055788
0 0.659227 0.849372 0.066944 0.053001
0 0.667131 0.911436 0.060434 0.051608
0 0.668060 0.977686 0.066016 0.044629
0 0.732218 0.431660 0.054861 0.037656
0 0.743377 0.479082 0.058576 0.037656
0 0.752674 0.513249 0.058576 0.039049
0 0.763366 0.552301 0.061367 0.044629
0 0.779171 0.600420 0.065087 0.043236
0 0.786610 0.640866 0.065087 0.046029
0 0.802882 0.686191 0.064158 0.047422
0 0.804277 0.731520 0.072522 0.048809
0 0.828453 0.786611 0.078103 0.053001
0 0.825662 0.843099 0.059510 0.048815
0 0.854486 0.910739 0.072522 0.050215
0 0.874941 0.974896 0.078103 0.050208
