0 0.410972 0.361924 0.059505 0.043236
0 0.388192 0.400977 0.045560 0.037656
0 0.385401 0.434450 0.052999 0.040449
0 0.385866 0.541143 0.063225 0.044629
0 0.383542 0.579499 0.066016 0.040443
0 0.381684 0.623431 0.056719 0.044635
0 0.380753 0.667363 0.069735 0.048815
0 0.384937 0.723151 0.061367 0.046029
0 0.389123 0.769876 0.066016 0.050208
0 0.388657 0.834727 0.061367 0.051602
0 0.536493 0.456068 0.050208 0.036263
0 0.538819 0.490238 0.058576 0.043236
0 0.539748 0.529290 0.049280 0.037656
0 0.539748 0.569736 0.054861 0.043236
0 0.549512 0.617852 0.059510 0.044635
0 0.554625 0.715482 0.069735 0.050208
0 0.563924 0.767083 0.073455 0.050208
0 0.573687 0.823571 0.070664 0.051608
0 0.575545 0.884938 0.070664 0.059967
0 0.582520 0.960951 0.086471 0.061367
0 0.570898 0.164574 0.042769 0.033470
0 0.585775 0.228034 0.046489 0.037656
0 0.586239 0.268480 0.045560 0.032077
0 0.587632 0.297070 0.052070 0.036263
0 0.593212 0.341699 0.050208 0.036263
0 0.596003 0.370990 0.050208 0.036263
0 0.600184 0.402370 0.052999 0.034870
0 0.605299 0.435146 0.055790 0.039056
0 0.604371 0.466527 0.052066 0.043236
0 0.605302 0.504880 0.053928 0.041842
0 0.614596 0.540446 0.057648 0.043236
0 0.619711 0.587865 0.064154 0.048815
0 0.618316 0.628311 0.055790 0.043236
0 0.628544 0.670153 0.061367 0.046022
0 0.632263 0.721061 0.068806 0.050208
0 0.647606 0.771966 0.054857 0.046029
0 0.652719 0.823571 0.076246 0.057181
0 0.659694 0.890514 0.067878 0.051602
0 0.673641 0.963040 0.090191 0.062760
0 0.662483 0.135983 0.041840 0.032083
0 0.678288 0.187588 0.036263 0.032077
0 0.688518 0.262900 0.047418 0.029290
0 0.695955 0.288704 0.039983 0.036263
0 0.711762 0.322871 0.041840 0.034870
0 0.712227 0.352858 0.055790 0.036263
0 0.735937 0.410042 0.056719 0.041842
0 0.739191 0.446305 0.055786 0.041842
0 0.744306 0.483962 0.056719 0.039056
0 0.768014 0.524408 0.059510 0.044635
0 0.777313 0.579495 0.072526 0.043236
0 0.784753 0.624827 0.066944 0.044629
0 0.798231 0.670156 0.069735 0.048815
0 0.801024 0.721061 0.073455 0.050208
0 0.818223 0.770573 0.085543 0.048815
0 0.826128 0.824268 0.082752 0.055788
0 0.844258 0.887031 0.072526 0.061367
0 0.855881 0.958854 0.073455 0.059974
