0 0.391912 0.675036 0.052999 0.047415
0 0.387728 0.722454 0.053928 0.047422
0 0.384937 0.774059 0.078103 0.055788
0 0.378893 0.837516 0.060434 0.054395
0 0.374245 0.900977 0.082752 0.061367
0 0.551372 0.664574 0.065087 0.051608
0 0.555556 0.719668 0.067873 0.050208
0 0.561599 0.783818 0.072522 0.055788
0 0.570898 0.841006 0.065087 0.055788
0 0.579264 0.906556 0.068806 0.058581
0 0.593678 0.237100 0.036263 0.033470
0 0.596931 0.270570 0.048351 0.041842
0 0.609019 0.474893 0.046493 0.043236
0 0.613203 0.529290 0.064158 0.048815
0 0.619245 0.576012 0.057648 0.044629
0 0.624826 0.629010 0.063229 0.044635
0 0.629939 0.678522 0.066016 0.051602
0 0.630870 0.728034 0.067878 0.050208
0 0.641563 0.788008 0.068802 0.050208
0 0.652255 0.852161 0.056714 0.050208
0 0.655043 0.914225 0.056719 0.051602
0 0.664342 0.974896 0.067878 0.050208
0 0.685263 0.212692 0.042773 0.032077
0 0.711762 0.303350 0.047422 0.032077
0 0.713155 0.330544 0.048351 0.033470
0 0.718273 0.359137 0.049280 0.032077
0 0.721523 0.396094 0.048351 0.036263
0 0.731753 0.424687 0.055790 0.040443
0 0.741050 0.465830 0.055790 0.039056
0 0.766621 0.525804 0.060438 0.041842
0 0.785681 0.569040 0.059505 0.044629
0 0.799162 0.616455 0.064158 0.041842
0 0.812645 0.672246 0.070664 0.047422
0 0.828453 0.724548 0.078103 0.051608
0 0.836819 0.787308 0.066944 0.051608
0 0.843329 0.844492 0.068802 0.051602
0 0.857741 0.903766 0.067878 0.053001
0 0.867038 0.967227 0.084614 0.059974
