0 0.575547 0.155511 0.046493 0.032077
0 0.379824 0.624827 0.062296 0.041842
0 0.380753 0.668060 0.069735 0.050208
0 0.383544 0.722454 0.060438 0.047422
0 0.387726 0.769876 0.072526 0.050208
0 0.388192 0.834030 0.060438 0.052995
0 0.552300 0.715482 0.074384 0.052995
0 0.566248 0.762904 0.070664 0.050208
0 0.569967 0.823571 0.072522 0.051608
0 0.576940 0.889818 0.067873 0.052995
0 0.580660 0.961647 0.082752 0.062760
0 0.606228 0.504183 0.057648 0.043236
0 0.613668 0.543239 0.057648 0.043236
0 0.619247 0.589958 0.061367 0.047415
0 0.619247 0.631104 0.053928 0.046022
0 0.628079 0.674339 0.060438 0.046022
0 0.633659 0.722454 0.066016 0.047422
0 0.645282 0.770573 0.057648 0.048815
0 0.651788 0.822874 0.074384 0.055788
0 0.659227 0.893307 0.065087 0.059974
0 0.662018 0.963740 0.068802 0.055788
0 0.785681 0.621341 0.068802 0.048815
0 0.798698 0.670850 0.072526 0.053001
0 0.816365 0.767087 0.079961 0.058574
0 0.838678 0.829847 0.068806 0.053001
0 0.844260 0.887725 0.070664 0.054395
0 0.853092 0.958854 0.077174 0.062760
