0 0.412368 0.361227 0.054857 0.044629
0 0.389121 0.400277 0.043702 0.041842
0 0.384473 0.540446 0.062296 0.043236
0 0.384473 0.580195 0.062296 0.044635
0 0.382146 0.624131 0.053928 0.043236
0 0.381682 0.667363 0.069735 0.046029
0 0.384473 0.721758 0.060438 0.046029
0 0.390516 0.769180 0.066944 0.048815
0 0.536493 0.456764 0.050208 0.040443
0 0.538819 0.490934 0.058576 0.041842
0 0.539284 0.530684 0.048351 0.040443
0 0.540215 0.569736 0.053928 0.043236
0 0.550443 0.618551 0.059505 0.043236
0 0.554627 0.667363 0.067873 0.048815
0 0.553696 0.714785 0.073451 0.048815
0 0.565319 0.767087 0.070664 0.053001
0 0.571363 0.822874 0.071597 0.053001
0 0.576942 0.887028 0.069735 0.058574
0 0.579266 0.960951 0.083681 0.061367
0 0.583915 0.228034 0.046493 0.034870
0 0.587168 0.268480 0.045560 0.032077
0 0.586704 0.295677 0.050213 0.033477
0 0.593676 0.343796 0.051137 0.034870
0 0.596003 0.371689 0.052066 0.032077
0 0.599722 0.403070 0.050208 0.033470
0 0.606230 0.434447 0.053928 0.037656
0 0.604371 0.464437 0.052066 0.041842
0 0.605302 0.505579 0.053928 0.040443
0 0.613668 0.541842 0.055790 0.040443
0 0.619247 0.589261 0.063225 0.043236
0 0.618783 0.629707 0.052999 0.046029
0 0.629475 0.671546 0.059505 0.043236
0 0.632266 0.723151 0.065087 0.048815
0 0.647606 0.770570 0.052999 0.043236
0 0.651788 0.823571 0.074384 0.054395
0 0.657370 0.889821 0.066944 0.055788
0 0.675499 0.963040 0.082752 0.059974
0 0.661554 0.135983 0.039983 0.032083
0 0.677359 0.190374 0.036263 0.032077
0 0.688516 0.264294 0.049280 0.032077
0 0.698743 0.291494 0.038121 0.030684
0 0.710833 0.322871 0.041840 0.037656
0 0.715015 0.352161 0.053928 0.037656
0 0.736402 0.410739 0.055790 0.043236
0 0.738726 0.446999 0.054857 0.037656
0 0.747094 0.484658 0.056714 0.037663
0 0.768016 0.527197 0.057648 0.041842
0 0.778242 0.579495 0.068802 0.043236
0 0.786146 0.626221 0.067873 0.047415
0 0.798698 0.671549 0.066944 0.048815
0 0.801022 0.716178 0.069735 0.048815
0 0.818689 0.769176 0.077170 0.051608
0 0.825197 0.824964 0.080890 0.051608
0 0.846118 0.885635 0.068806 0.053001
0 0.856345 0.961647 0.074384 0.059974
0 0.386797 0.835423 0.063229 0.050208
