0 0.570896 0.163877 0.039049 0.032077
0 0.661087 0.136680 0.039049 0.027891
0 0.676895 0.191071 0.037192 0.030684
0 0.688051 0.263597 0.048351 0.030684
0 0.696884 0.290098 0.039983 0.036263
0 0.709438 0.322174 0.042773 0.033477
0 0.711762 0.353555 0.054861 0.037656
0 0.737795 0.412829 0.056719 0.041842
0 0.739191 0.448395 0.053928 0.040449
0 0.746630 0.483962 0.055786 0.041842
0 0.767550 0.526501 0.060438 0.046022
0 0.779173 0.580895 0.068806 0.043236
0 0.786146 0.624827 0.067873 0.044629
0 0.800558 0.671549 0.066949 0.051602
0 0.800093 0.717572 0.071593 0.048815
0 0.818223 0.769876 0.078103 0.047422
0 0.825662 0.826361 0.078103 0.051602
0 0.843796 0.885635 0.069735 0.058574
0 0.853092 0.962344 0.067878 0.061367
0 0.585773 0.228034 0.048351 0.032083
0 0.585775 0.268480 0.046489 0.034863
0 0.588563 0.297767 0.048351 0.034870
0 0.593676 0.344492 0.051137 0.033477
0 0.594607 0.372386 0.054857 0.033470
0 0.600184 0.401673 0.052999 0.036263
0 0.606230 0.434450 0.053928 0.043236
0 0.604835 0.465830 0.054861 0.039056
0 0.604371 0.504883 0.055790 0.039049
0 0.614132 0.543936 0.056719 0.041842
0 0.617852 0.588564 0.067873 0.044629
0 0.617387 0.631800 0.055790 0.039056
0 0.630404 0.673643 0.059505 0.044629
0 0.632730 0.719665 0.067873 0.047415
0 0.645747 0.772666 0.054861 0.044629
0 0.652255 0.822178 0.075317 0.054395
0 0.658299 0.893304 0.068802 0.054395
0 0.676430 0.960951 0.080890 0.061367
0 0.536960 0.458854 0.051141 0.039049
0 0.537424 0.490238 0.059510 0.043236
0 0.539284 0.532077 0.048351 0.040443
0 0.542072 0.570433 0.052070 0.044629
0 0.550443 0.618548 0.059505 0.040443
0 0.552765 0.666667 0.066016 0.047422
0 0.555091 0.712692 0.072526 0.047415
0 0.565319 0.771966 0.072522 0.051602
0 0.570432 0.824268 0.071593 0.053001
0 0.577871 0.884938 0.071593 0.057181
0 0.582055 0.962344 0.085543 0.058581
0 0.411901 0.363320 0.059505 0.037656
0 0.388657 0.401673 0.044631 0.033477
0 0.385401 0.431660 0.054857 0.037656
0 0.385401 0.541842 0.062296 0.040443
0 0.383544 0.582985 0.062296 0.041842
0 0.381217 0.623431 0.055786 0.039049
0 0.381217 0.668760 0.068806 0.046022
0 0.383542 0.721758 0.064158 0.046029
0 0.388657 0.771270 0.068806 0.047422
0 0.388192 0.833333 0.060438 0.048815
