0 0.411901 0.359134 0.059505 0.046029
0 0.391445 0.501396 0.048351 0.040449
0 0.385401 0.540446 0.064154 0.043236
0 0.384473 0.580892 0.064154 0.046029
0 0.380753 0.622731 0.060438 0.043236
0 0.381217 0.665273 0.070664 0.047422
0 0.382613 0.720361 0.060434 0.046022
0 0.389123 0.769876 0.066016 0.050208
0 0.388657 0.831940 0.063225 0.048815
0 0.538819 0.488841 0.058576 0.040443
0 0.538819 0.528590 0.049280 0.039056
0 0.542072 0.568343 0.053928 0.043236
0 0.549512 0.617152 0.059510 0.043236
0 0.553698 0.660391 0.049280 0.046029
0 0.554627 0.713389 0.073455 0.046022
0 0.567179 0.761507 0.072526 0.053001
0 0.569039 0.823571 0.070664 0.051608
0 0.576940 0.885635 0.067873 0.058574
0 0.580195 0.958158 0.083681 0.061367
0 0.656905 0.888424 0.066016 0.058581
0 0.653186 0.821481 0.075312 0.055788
0 0.646211 0.769176 0.057648 0.040449
0 0.632730 0.722454 0.067873 0.047422
0 0.628544 0.670853 0.063225 0.047422
0 0.619711 0.628314 0.058581 0.046029
0 0.619247 0.586471 0.065082 0.046029
0 0.613203 0.541143 0.056719 0.041842
0 0.604371 0.504880 0.057648 0.041842
0 0.605299 0.466530 0.052066 0.037656
0 0.606695 0.433053 0.056714 0.040443
0 0.599722 0.402370 0.055790 0.037656
0 0.598327 0.368203 0.052999 0.036263
0 0.591816 0.341006 0.052999 0.032077
0 0.583915 0.272663 0.039054 0.040443
0 0.573687 0.145049 0.042773 0.036257
0 0.661087 0.134587 0.039049 0.032077
0 0.689913 0.263597 0.048351 0.027897
0 0.695955 0.289401 0.041840 0.034870
0 0.715946 0.348675 0.055790 0.039056
0 0.723385 0.376569 0.048351 0.033477
0 0.737331 0.410042 0.055790 0.041842
0 0.738726 0.444909 0.058581 0.039049
0 0.745699 0.481172 0.055790 0.039049
0 0.768481 0.525804 0.064158 0.044629
0 0.777311 0.578102 0.070664 0.040449
0 0.786146 0.624824 0.067873 0.047422
0 0.797303 0.671549 0.069735 0.046029
0 0.799162 0.716875 0.075312 0.050208
0 0.817296 0.767087 0.081823 0.055788
0 0.836821 0.825661 0.070664 0.053001
0 0.844260 0.884938 0.068806 0.051608
0 0.854486 0.960947 0.076246 0.058574
