0 0.387261 0.724548 0.054861 0.046022
0 0.384939 0.774059 0.074384 0.053001
0 0.377964 0.837516 0.060434 0.054395
0 0.551836 0.663877 0.066016 0.050215
0 0.557415 0.721061 0.067878 0.050208
0 0.561135 0.785218 0.075317 0.055788
0 0.571363 0.841003 0.066016 0.050208
0 0.580195 0.907253 0.068802 0.054388
0 0.575545 0.973499 0.085543 0.053001
0 0.593212 0.239886 0.035330 0.030684
0 0.596003 0.271966 0.048351 0.039049
0 0.613203 0.528590 0.062300 0.047415
0 0.619711 0.576012 0.058581 0.044629
0 0.623431 0.626917 0.064154 0.046022
0 0.628082 0.678522 0.066016 0.051602
0 0.630868 0.728034 0.066016 0.052995
0 0.641562 0.788704 0.066944 0.051602
0 0.652255 0.852161 0.058581 0.047422
0 0.654115 0.914225 0.062300 0.048815
0 0.664342 0.974896 0.062296 0.050208
0 0.684798 0.210599 0.047418 0.033477
0 0.717806 0.355648 0.048346 0.039056
0 0.740586 0.464437 0.056719 0.041842
0 0.767086 0.527894 0.059510 0.040449
0 0.784286 0.568343 0.060438 0.043236
0 0.797303 0.617155 0.062296 0.046029
0 0.812645 0.670853 0.070664 0.047422
0 0.828453 0.723851 0.078103 0.053001
0 0.837283 0.787308 0.066016 0.054395
0 0.841469 0.842399 0.066949 0.053001
0 0.859134 0.905163 0.070664 0.050208
0 0.867038 0.965130 0.084614 0.061367
