0 0.411437 0.360531 0.058576 0.046022
0 0.388192 0.398887 0.047418 0.036263
0 0.385868 0.433750 0.055790 0.039049
0 0.385866 0.463737 0.046489 0.040443
0 0.390981 0.501396 0.047422 0.043236
0 0.385866 0.540446 0.063225 0.040449
0 0.384937 0.580195 0.063225 0.047422
0 0.382148 0.624131 0.057648 0.043236
0 0.381682 0.669456 0.071593 0.047415
0 0.384937 0.721758 0.061367 0.046029
0 0.389586 0.769876 0.068806 0.050208
0 0.389121 0.834030 0.062296 0.050208
0 0.537424 0.456764 0.050213 0.034870
0 0.538355 0.491631 0.057648 0.043236
0 0.540677 0.529987 0.049280 0.039049
0 0.542072 0.570433 0.053928 0.044629
0 0.550907 0.618551 0.060434 0.043236
0 0.555556 0.717572 0.069731 0.048815
0 0.565319 0.767083 0.072522 0.050208
0 0.572758 0.824268 0.068806 0.050215
0 0.576476 0.886331 0.066944 0.059967
0 0.582984 0.961644 0.083685 0.065553
0 0.585310 0.227337 0.043702 0.033477
0 0.586239 0.269873 0.043702 0.032077
0 0.587632 0.293584 0.052070 0.032077
0 0.595536 0.314505 0.038121 0.034870
0 0.590423 0.342399 0.048346 0.032077
0 0.596467 0.370293 0.051137 0.040443
0 0.599256 0.402373 0.052999 0.032077
0 0.606228 0.435843 0.057648 0.040449
0 0.605302 0.466527 0.053928 0.043236
0 0.605299 0.506276 0.055790 0.039049
0 0.615063 0.543239 0.056714 0.043236
0 0.620642 0.589261 0.067873 0.043236
0 0.618316 0.630407 0.055790 0.044629
0 0.629939 0.672946 0.060434 0.043236
0 0.633194 0.722454 0.066944 0.050208
0 0.647606 0.770573 0.054857 0.046029
0 0.652719 0.821481 0.070664 0.055788
0 0.659227 0.892607 0.066944 0.055788
0 0.676428 0.962344 0.082752 0.058581
0 0.662483 0.135983 0.038125 0.026497
0 0.673641 0.165970 0.041840 0.025104
0 0.677359 0.188981 0.038121 0.029290
0 0.689447 0.264990 0.045560 0.030684
0 0.698279 0.292887 0.037192 0.033470
0 0.711762 0.320085 0.038125 0.034870
0 0.714086 0.349372 0.052070 0.032077
0 0.723383 0.375173 0.044631 0.033470
0 0.738262 0.412132 0.059510 0.040449
0 0.739191 0.448398 0.055786 0.037656
0 0.745699 0.483262 0.055790 0.034870
0 0.768945 0.525804 0.059505 0.041842
0 0.779173 0.578102 0.068806 0.040449
0 0.787541 0.624128 0.068806 0.046029
0 0.798698 0.670853 0.066944 0.050208
0 0.801489 0.718968 0.072526 0.046022
0 0.818225 0.768480 0.081823 0.050215
0 0.825664 0.824964 0.081823 0.054395
0 0.844260 0.885635 0.068806 0.058574
0 0.854486 0.960947 0.072522 0.058574
