0 0.395165 0.373079 0.055790 0.037656
0 0.405859 0.433053 0.058576 0.037656
0 0.403533 0.468620 0.063229 0.047422
0 0.404462 0.545329 0.065087 0.041842
0 0.398885 0.585075 0.050208 0.043236
0 0.393772 0.627617 0.058576 0.047422
0 0.395165 0.683402 0.068802 0.044629
0 0.388657 0.730824 0.070664 0.055788
0 0.400280 0.783125 0.060438 0.046029
0 0.398882 0.844489 0.078103 0.054395
0 0.548581 0.376569 0.040911 0.039049
0 0.546721 0.410042 0.053928 0.039056
0 0.545328 0.444212 0.051141 0.040443
0 0.549512 0.479082 0.053928 0.037656
0 0.562530 0.516735 0.057648 0.043236
0 0.556484 0.552998 0.051137 0.040449
0 0.557415 0.594144 0.056714 0.044629
0 0.560206 0.682708 0.062296 0.048815
0 0.566712 0.737096 0.069735 0.048815
0 0.580195 0.785215 0.053932 0.052995
0 0.582984 0.842399 0.068806 0.053001
0 0.580660 0.906556 0.066016 0.058581
0 0.587168 0.969316 0.069735 0.061367
0 0.595538 0.241982 0.034401 0.032077
0 0.600651 0.266387 0.042769 0.036263
0 0.596931 0.295677 0.046493 0.036263
0 0.597396 0.333333 0.051137 0.041836
0 0.605764 0.369596 0.039983 0.039049
0 0.610414 0.407253 0.054857 0.041836
0 0.604835 0.442816 0.049280 0.040449
0 0.613668 0.479079 0.052066 0.040449
0 0.627151 0.548812 0.054857 0.043236
0 0.631801 0.598327 0.066016 0.044635
0 0.639238 0.638773 0.064154 0.047415
0 0.631801 0.684102 0.066016 0.048815
0 0.640167 0.730820 0.056714 0.050208
0 0.649464 0.783122 0.060438 0.054395
0 0.660158 0.847282 0.063225 0.054395
0 0.666200 0.910042 0.062296 0.054395
0 0.666667 0.976989 0.063229 0.046022
0 0.667131 0.201533 0.038125 0.029290
0 0.688982 0.248255 0.035334 0.025104
0 0.694562 0.269873 0.048351 0.029290
0 0.706649 0.288701 0.040911 0.033470
0 0.708043 0.317992 0.051137 0.033470
0 0.716411 0.343096 0.041840 0.033470
0 0.727103 0.397490 0.053928 0.033470
0 0.733613 0.430267 0.052070 0.037656
0 0.744770 0.477682 0.059505 0.037656
0 0.750814 0.512552 0.058581 0.040443
0 0.762437 0.550212 0.059510 0.043236
0 0.780102 0.597627 0.065082 0.043236
0 0.787077 0.637376 0.062296 0.050208
0 0.805671 0.730124 0.069735 0.048815
0 0.828917 0.786611 0.077174 0.055788
0 0.825662 0.842399 0.063225 0.050215
0 0.854021 0.910739 0.067878 0.053001
0 0.873084 0.975592 0.068806 0.048815
