0 0.391910 0.675036 0.051137 0.047415
0 0.386797 0.723151 0.053932 0.048815
0 0.384006 0.774059 0.074384 0.053001
0 0.377500 0.837516 0.059505 0.051608
0 0.374709 0.901673 0.079965 0.062760
0 0.550443 0.663180 0.065087 0.051608
0 0.556020 0.719668 0.066944 0.050208
0 0.560671 0.783822 0.070664 0.058581
0 0.569501 0.840306 0.066016 0.051602
0 0.580195 0.906556 0.070668 0.058581
0 0.579264 0.972106 0.085543 0.055788
0 0.583915 0.171549 0.040911 0.033477
0 0.592747 0.237796 0.036259 0.032077
0 0.596931 0.271966 0.048351 0.039049
0 0.606230 0.444212 0.044631 0.037656
0 0.608088 0.474196 0.044631 0.044629
0 0.612274 0.528590 0.064158 0.047415
0 0.618780 0.573919 0.058576 0.046029
0 0.623895 0.627614 0.061367 0.044629
0 0.628082 0.679219 0.066016 0.050208
0 0.629010 0.728034 0.064158 0.052995
0 0.639703 0.789401 0.068806 0.052995
0 0.651788 0.852161 0.057648 0.050208
0 0.655510 0.915618 0.059510 0.048815
0 0.662947 0.974199 0.063229 0.051602
0 0.709902 0.305439 0.049275 0.033470
0 0.717342 0.357044 0.047418 0.036263
0 0.720595 0.396790 0.048351 0.034870
0 0.733147 0.427474 0.054861 0.034870
0 0.740119 0.464434 0.053928 0.036263
0 0.766155 0.526501 0.059505 0.040449
0 0.784750 0.568343 0.059510 0.043236
0 0.797767 0.614365 0.061367 0.046022
0 0.813574 0.670853 0.068806 0.050208
0 0.826593 0.723151 0.074384 0.051602
0 0.835425 0.787308 0.064158 0.051608
0 0.841934 0.845885 0.067878 0.054388
0 0.859136 0.904463 0.066944 0.051608
0 0.867504 0.967227 0.081823 0.059974
