0 0.409112 0.699443 0.070664 0.046022
0 0.411437 0.749648 0.060434 0.048815
0 0.403069 0.806836 0.077170 0.051602
0 0.395165 0.866110 0.065087 0.053001
0 0.388192 0.923291 0.064154 0.053001
0 0.540679 0.410739 0.052999 0.037663
0 0.618318 0.562760 0.061367 0.046029
0 0.621107 0.603903 0.070668 0.041842
0 0.626220 0.652718 0.067873 0.044629
0 0.635983 0.698047 0.059510 0.048815
0 0.645282 0.752441 0.066944 0.051602
0 0.572756 0.817992 0.059505 0.048809
0 0.585773 0.882848 0.074384 0.055788
0 0.596467 0.988841 0.088333 0.022318
0 0.649931 0.808926 0.072526 0.047422
0 0.662018 0.869596 0.066944 0.051602
0 0.669922 0.923991 0.064158 0.048815
0 0.674106 0.985355 0.066944 0.029290
0 0.710367 0.341702 0.048346 0.039056
0 0.743839 0.472803 0.061367 0.039056
0 0.759182 0.504183 0.051141 0.040449
0 0.757789 0.539049 0.061367 0.037656
0 0.766621 0.580195 0.060438 0.047422
0 0.784753 0.632497 0.066944 0.046022
0 0.794978 0.676429 0.063229 0.044629
0 0.799629 0.721758 0.076246 0.051602
0 0.823338 0.774056 0.079036 0.050208
0 0.840540 0.836123 0.079961 0.054395
0 0.854488 0.907253 0.074384 0.048815
0 0.864249 0.973499 0.090191 0.053001
