0 0.410508 0.387725 0.051137 0.044629
0 0.416085 0.428174 0.058576 0.039056
0 0.412832 0.459551 0.063225 0.048815
0 0.416085 0.500700 0.056719 0.041842
0 0.416549 0.537660 0.048351 0.043236
0 0.417945 0.579495 0.056714 0.043236
0 0.416549 0.621341 0.065087 0.048815
0 0.411437 0.664577 0.062300 0.048815
0 0.415156 0.712692 0.066016 0.053001
0 0.419340 0.764993 0.057648 0.054388
0 0.416085 0.829150 0.060434 0.051608
0 0.406322 0.903066 0.076246 0.059974
0 0.406322 0.965830 0.063225 0.059967
0 0.557415 0.469316 0.045560 0.040443
0 0.561133 0.506276 0.058576 0.041836
0 0.566248 0.546025 0.052070 0.043236
0 0.571827 0.589261 0.063229 0.048809
0 0.572292 0.633193 0.062300 0.044629
0 0.578800 0.679219 0.051141 0.047422
0 0.585308 0.732913 0.066016 0.054395
0 0.588563 0.788005 0.074384 0.055788
0 0.592750 0.843096 0.069735 0.054395
0 0.582984 0.905163 0.070664 0.061367
0 0.601582 0.971410 0.078103 0.057181
0 0.600651 0.253835 0.040911 0.033477
0 0.615527 0.313112 0.037192 0.034870
0 0.612739 0.355648 0.050208 0.039056
0 0.596467 0.384935 0.054861 0.036263
0 0.604371 0.414922 0.055790 0.034870
0 0.614599 0.443516 0.053928 0.036263
0 0.621107 0.477686 0.050208 0.043236
0 0.625291 0.509766 0.047422 0.037656
0 0.630870 0.547419 0.054857 0.040449
0 0.633659 0.585775 0.051137 0.047422
0 0.641560 0.637380 0.061367 0.044629
0 0.649000 0.682705 0.068806 0.051608
0 0.658299 0.732917 0.061363 0.051602
0 0.667598 0.790794 0.061367 0.050208
0 0.676430 0.843792 0.069735 0.053001
0 0.671780 0.903066 0.082752 0.059974
0 0.682472 0.975592 0.061367 0.048815
0 0.684332 0.240586 0.042769 0.032083
0 0.686191 0.266390 0.035334 0.030684
0 0.705718 0.305439 0.055786 0.039056
0 0.716877 0.331937 0.052070 0.030684
0 0.715015 0.354951 0.046489 0.034863
0 0.728034 0.384242 0.050208 0.032077
0 0.730822 0.413529 0.059510 0.037656
0 0.740122 0.447699 0.055790 0.036257
0 0.748954 0.480475 0.060434 0.040443
0 0.753605 0.513949 0.062296 0.040449
0 0.765690 0.553695 0.051137 0.041842
0 0.776382 0.594840 0.068806 0.046022
0 0.790794 0.640866 0.066016 0.046029
0 0.808926 0.685495 0.061367 0.046029
0 0.811714 0.739189 0.072526 0.055788
0 0.834032 0.794284 0.066944 0.048815
0 0.843793 0.852161 0.080894 0.052995
0 0.852628 0.912832 0.070664 0.057187
0 0.879592 0.971410 0.091120 0.057181
