0 0.417945 0.442119 0.043702 0.039056
0 0.418876 0.479779 0.056719 0.039049
0 0.415156 0.515342 0.067873 0.051608
0 0.414227 0.567643 0.058576 0.041836
0 0.410508 0.605996 0.049280 0.040443
0 0.410508 0.649928 0.067873 0.047422
0 0.409577 0.698047 0.071593 0.046029
0 0.407253 0.744772 0.059505 0.050208
0 0.402140 0.804740 0.082752 0.050208
0 0.396096 0.864714 0.063225 0.052995
0 0.388192 0.923988 0.064154 0.054395
0 0.397491 0.981868 0.082752 0.036263
0 0.541144 0.407949 0.052070 0.037656
0 0.544399 0.441423 0.054857 0.034863
0 0.549047 0.472803 0.060438 0.041842
0 0.550907 0.520921 0.060434 0.043236
0 0.547652 0.603903 0.059505 0.041842
0 0.554160 0.647142 0.063225 0.047422
0 0.560671 0.703626 0.068806 0.046029
0 0.565783 0.760807 0.066020 0.051602
0 0.574151 0.815202 0.058581 0.051602
0 0.587168 0.877266 0.071593 0.050208
0 0.589959 0.935843 0.069735 0.053001
0 0.597398 0.988841 0.086471 0.022318
0 0.608555 0.449095 0.054861 0.039049
0 0.613203 0.485355 0.058576 0.041842
0 0.614132 0.516735 0.056719 0.043236
0 0.617387 0.559274 0.059505 0.041842
0 0.621107 0.601813 0.066944 0.048809
0 0.624360 0.649232 0.060438 0.046029
0 0.634590 0.695257 0.062296 0.057181
0 0.647142 0.751745 0.063225 0.047422
0 0.650859 0.808926 0.074384 0.050208
0 0.660158 0.867503 0.065082 0.053001
0 0.670851 0.926081 0.064158 0.050208
0 0.675035 0.985355 0.068802 0.029290
0 0.688982 0.262204 0.044631 0.027897
0 0.696419 0.288701 0.059505 0.030684
0 0.703859 0.314505 0.040911 0.029284
0 0.710367 0.342399 0.044631 0.037663
0 0.727103 0.380055 0.053928 0.032077
0 0.733147 0.407949 0.047422 0.034870
0 0.732682 0.436540 0.059505 0.033470
0 0.740586 0.469316 0.058576 0.037656
0 0.758251 0.502093 0.049280 0.039056
0 0.759646 0.537656 0.061367 0.040443
0 0.769876 0.578802 0.061367 0.047422
0 0.782893 0.629707 0.061367 0.046029
0 0.796374 0.675732 0.060438 0.043236
0 0.801487 0.721758 0.070664 0.048815
0 0.825197 0.774059 0.077174 0.058574
0 0.840074 0.834730 0.080894 0.057181
0 0.852628 0.904463 0.070664 0.051608
0 0.862389 0.971410 0.086471 0.051608
