0 0.394701 0.373779 0.054861 0.039056
0 0.406788 0.432357 0.056719 0.036263
0 0.402604 0.467923 0.059505 0.046029
0 0.404928 0.543236 0.064154 0.046029
0 0.399349 0.582985 0.052995 0.047415
0 0.394236 0.629010 0.059505 0.047422
0 0.395165 0.681309 0.068802 0.048815
0 0.389586 0.728031 0.068806 0.055788
0 0.398418 0.782425 0.054857 0.058574
0 0.401673 0.847979 0.085543 0.066947
0 0.549047 0.376569 0.039978 0.039049
0 0.547188 0.410739 0.052995 0.037663
0 0.544863 0.442816 0.050213 0.040449
0 0.556020 0.476289 0.046493 0.037656
0 0.565319 0.514645 0.059510 0.044629
0 0.554627 0.552301 0.049280 0.039056
0 0.557880 0.592747 0.059510 0.047422
0 0.559275 0.686191 0.067873 0.047422
0 0.565783 0.735703 0.071593 0.051602
0 0.577871 0.782425 0.058581 0.053001
0 0.582055 0.844489 0.066949 0.054395
0 0.582986 0.905163 0.066944 0.061367
0 0.588099 0.970713 0.067873 0.058574
0 0.595536 0.241286 0.036263 0.030684
0 0.600184 0.268480 0.045560 0.034863
0 0.597862 0.296374 0.044631 0.034870
0 0.598325 0.332637 0.049280 0.040443
0 0.606695 0.368203 0.038121 0.036263
0 0.611810 0.405856 0.057648 0.044629
0 0.603906 0.440026 0.049280 0.037656
0 0.614132 0.476989 0.051137 0.041842
0 0.632730 0.596234 0.064158 0.046022
0 0.639238 0.637380 0.064154 0.044629
0 0.635052 0.687588 0.065087 0.053001
0 0.645282 0.730824 0.059505 0.047415
0 0.650859 0.780335 0.057648 0.057181
0 0.662018 0.847979 0.068802 0.055788
0 0.668062 0.910739 0.064154 0.055788
0 0.669920 0.976289 0.062296 0.047422
0 0.727105 0.780335 0.048351 0.107389
0 0.690378 0.248255 0.041840 0.027891
0 0.695955 0.271270 0.047422 0.029284
0 0.707112 0.292191 0.038121 0.032077
0 0.706649 0.320778 0.048351 0.030684
0 0.716875 0.343096 0.039054 0.033470
0 0.727567 0.398883 0.052999 0.039056
0 0.733147 0.429567 0.051137 0.033470
0 0.744770 0.476986 0.055790 0.039049
0 0.752674 0.513252 0.058576 0.044629
0 0.763366 0.552301 0.061367 0.044629
0 0.778709 0.595537 0.069735 0.044629
0 0.788006 0.640169 0.066020 0.050208
0 0.807533 0.733613 0.069735 0.052995
0 0.829846 0.785911 0.079032 0.059974
0 0.827057 0.841006 0.062300 0.055788
0 0.854486 0.912132 0.070664 0.053001
0 0.873082 0.975592 0.072526 0.048815
