0 0.421200 0.415618 0.053928 0.039049
0 0.418409 0.442122 0.044631 0.036263
0 0.418874 0.478382 0.052999 0.041842
0 0.415154 0.514642 0.062296 0.050208
0 0.413763 0.566247 0.057648 0.041842
0 0.410508 0.605299 0.047422 0.041836
0 0.410972 0.649232 0.068802 0.048815
0 0.409112 0.698047 0.068806 0.048815
0 0.406788 0.746165 0.060434 0.050208
0 0.400744 0.803346 0.076246 0.052995
0 0.394701 0.865413 0.058576 0.054395
0 0.387728 0.923988 0.063225 0.057181
0 0.540679 0.408646 0.052999 0.036263
0 0.543932 0.442816 0.055790 0.032077
0 0.547652 0.472803 0.059505 0.039056
0 0.550443 0.522314 0.059505 0.043236
0 0.547187 0.603206 0.060434 0.043236
0 0.553231 0.649928 0.063225 0.047422
0 0.559740 0.702233 0.066944 0.048815
0 0.565319 0.760111 0.063225 0.050208
0 0.573685 0.815898 0.057648 0.050208
0 0.586704 0.877962 0.072522 0.051602
0 0.589494 0.935146 0.068806 0.054395
0 0.598327 0.987448 0.084614 0.025104
0 0.603906 0.339609 0.041840 0.040443
0 0.597398 0.377266 0.038121 0.037656
0 0.604835 0.414225 0.045564 0.033477
0 0.609019 0.451882 0.055790 0.036263
0 0.614132 0.486051 0.058576 0.040449
0 0.614134 0.518128 0.052999 0.043236
0 0.618316 0.559971 0.059505 0.043236
0 0.622038 0.601813 0.068806 0.046022
0 0.625291 0.649932 0.060434 0.044629
0 0.635519 0.698047 0.058581 0.048815
0 0.645282 0.753835 0.065087 0.048815
0 0.650397 0.807533 0.069735 0.050208
0 0.658763 0.869593 0.060434 0.054395
0 0.669920 0.926081 0.060438 0.052995
0 0.675966 0.985355 0.063225 0.029290
0 0.686658 0.235703 0.049280 0.033477
0 0.691771 0.264993 0.046493 0.033477
0 0.708507 0.341003 0.042769 0.037656
0 0.726174 0.381449 0.053928 0.032077
0 0.733147 0.405163 0.047422 0.037656
0 0.733611 0.437936 0.055790 0.036263
0 0.741050 0.470013 0.057648 0.039049
0 0.758253 0.502790 0.045560 0.040449
0 0.758717 0.539049 0.059510 0.037656
0 0.767550 0.576709 0.060438 0.043236
0 0.784750 0.629710 0.059510 0.043236
0 0.797303 0.675732 0.060438 0.043236
0 0.803349 0.721758 0.070664 0.051602
0 0.825197 0.776849 0.077174 0.050208
0 0.838216 0.836820 0.080894 0.053001
0 0.853092 0.905859 0.067878 0.051602
0 0.862856 0.975592 0.081823 0.048815
