0 0.395632 0.373779 0.052999 0.036257
0 0.407717 0.435146 0.054861 0.039056
0 0.404462 0.470013 0.065087 0.047422
0 0.398885 0.585775 0.048351 0.044635
0 0.394701 0.629010 0.060434 0.047422
0 0.399349 0.844489 0.079036 0.057181
0 0.548583 0.380059 0.042773 0.037656
0 0.548118 0.411436 0.054857 0.039056
0 0.544863 0.446302 0.050213 0.039049
0 0.550907 0.482565 0.056719 0.039049
0 0.563459 0.516038 0.059505 0.044629
0 0.556484 0.554391 0.051137 0.043236
0 0.557415 0.597630 0.054857 0.046029
0 0.559275 0.683402 0.066016 0.053001
0 0.567641 0.737796 0.069735 0.050215
0 0.579731 0.785911 0.058576 0.051602
0 0.582984 0.845189 0.072522 0.052995
0 0.579731 0.908646 0.067873 0.059974
0 0.586239 0.971410 0.069735 0.057181
0 0.595072 0.246162 0.035334 0.032077
0 0.601115 0.273359 0.041840 0.036263
0 0.598791 0.336820 0.052070 0.040449
0 0.606230 0.372383 0.039049 0.039049
0 0.610412 0.410739 0.056719 0.043236
0 0.614134 0.480472 0.054857 0.043236
0 0.630870 0.598327 0.064154 0.047422
0 0.640167 0.640866 0.064154 0.048815
0 0.632266 0.687585 0.065087 0.050208
0 0.641560 0.733613 0.061367 0.050208
0 0.650859 0.783818 0.059505 0.055788
0 0.660158 0.849372 0.066949 0.055788
0 0.667598 0.912132 0.061367 0.053001
0 0.668062 0.979775 0.064154 0.040449
0 0.691306 0.250348 0.039983 0.029290
0 0.695490 0.274059 0.040911 0.029290
0 0.708507 0.294980 0.039054 0.034870
0 0.709438 0.321478 0.052070 0.029284
0 0.715946 0.345189 0.040911 0.037656
0 0.728963 0.400280 0.052066 0.036263
0 0.734078 0.431660 0.054857 0.037656
0 0.744306 0.479779 0.056719 0.039049
0 0.752674 0.513252 0.056719 0.044629
0 0.762901 0.553695 0.058581 0.044629
0 0.779173 0.598327 0.063225 0.047422
0 0.788470 0.639469 0.063225 0.046022
0 0.802882 0.682705 0.054861 0.051608
0 0.806137 0.731520 0.072526 0.051608
0 0.828917 0.788005 0.079032 0.055788
0 0.826126 0.845186 0.062296 0.055788
0 0.853092 0.915618 0.071593 0.059974
0 0.874941 0.975592 0.076246 0.048815
