0 0.225940 0.775452 0.037192 0.080892
0 0.396094 0.370990 0.055790 0.039049
0 0.406324 0.432357 0.057648 0.036263
0 0.401209 0.469320 0.067878 0.043236
0 0.401673 0.509766 0.052070 0.037656
0 0.402602 0.544632 0.068806 0.043236
0 0.397954 0.585075 0.052070 0.043236
0 0.394701 0.628314 0.066016 0.046029
0 0.393305 0.682008 0.070664 0.047415
0 0.391910 0.730824 0.075312 0.053001
0 0.398418 0.781032 0.060438 0.047415
0 0.397491 0.844489 0.082752 0.054395
0 0.388657 0.910042 0.079961 0.057181
0 0.547188 0.373779 0.041840 0.039056
0 0.545328 0.410039 0.056714 0.036263
0 0.543003 0.444909 0.055790 0.036263
0 0.549047 0.479079 0.060438 0.040449
0 0.562528 0.513249 0.061367 0.039049
0 0.556020 0.552998 0.055790 0.040449
0 0.557415 0.593447 0.058581 0.043236
0 0.555091 0.638076 0.050208 0.040449
0 0.558811 0.682008 0.065087 0.047415
0 0.564852 0.735703 0.075312 0.048815
0 0.577871 0.781032 0.058581 0.053001
0 0.582055 0.843096 0.072522 0.054395
0 0.581124 0.902370 0.076241 0.061367
0 0.587635 0.967923 0.074384 0.058581
0 0.579266 0.183405 0.042769 0.034870
0 0.596003 0.268480 0.039054 0.032077
0 0.597860 0.294980 0.048351 0.034870
0 0.596467 0.334730 0.051137 0.044629
0 0.604835 0.368203 0.039983 0.036263
0 0.609019 0.408649 0.055790 0.041842
0 0.603906 0.440029 0.051137 0.040449
0 0.613668 0.476292 0.059505 0.043236
0 0.622038 0.509766 0.046489 0.037656
0 0.627151 0.550212 0.060438 0.043236
0 0.630870 0.596934 0.069735 0.047422
0 0.638307 0.640166 0.064158 0.044629
0 0.632266 0.684102 0.066944 0.046029
0 0.642027 0.729427 0.062300 0.047422
0 0.647606 0.783822 0.060438 0.052995
0 0.659227 0.847979 0.066944 0.053001
0 0.666202 0.910739 0.067873 0.050215
0 0.667131 0.976292 0.066016 0.044629
0 0.872617 0.974896 0.075312 0.050208
0 0.852164 0.910739 0.069735 0.050215
0 0.825197 0.841006 0.060438 0.053001
0 0.827057 0.783818 0.082752 0.055788
0 0.807066 0.730124 0.072526 0.051602
0 0.786146 0.635286 0.064158 0.048815
0 0.780102 0.597630 0.070664 0.046029
0 0.761508 0.550908 0.061367 0.044629
0 0.752209 0.510462 0.059505 0.039049
0 0.744770 0.476289 0.061363 0.040443
0 0.730358 0.428870 0.054857 0.037663
0 0.727569 0.398887 0.056719 0.036263
0 0.721526 0.368900 0.052070 0.034870
0 0.715482 0.342399 0.041840 0.032077
0 0.707578 0.317992 0.052066 0.033470
0 0.706185 0.289401 0.041840 0.029284
0 0.697350 0.271969 0.052070 0.030684
0 0.689911 0.248952 0.044631 0.026497
