0 0.391912 0.633193 0.060438 0.044629
0 0.391912 0.675732 0.054857 0.046022
0 0.386330 0.722454 0.052999 0.044635
0 0.385868 0.774756 0.081823 0.054395
0 0.376102 0.836123 0.066016 0.054395
0 0.374709 0.905160 0.083681 0.055788
0 0.549512 0.662480 0.068806 0.050208
0 0.556484 0.718968 0.067873 0.046022
0 0.561599 0.785915 0.072522 0.054395
0 0.569039 0.838216 0.068806 0.047422
0 0.581126 0.907949 0.068806 0.052995
0 0.580195 0.972803 0.085538 0.054395
0 0.664342 0.974199 0.064154 0.051602
0 0.655974 0.916318 0.058581 0.047415
0 0.652255 0.852161 0.060438 0.047422
0 0.641096 0.788005 0.069735 0.053001
0 0.629475 0.729427 0.063229 0.050208
0 0.627615 0.677126 0.065082 0.046022
0 0.625291 0.629710 0.062300 0.043236
0 0.618780 0.574616 0.056719 0.044635
0 0.612739 0.530680 0.065087 0.043236
0 0.609486 0.475592 0.045560 0.041836
0 0.605299 0.443512 0.046493 0.041842
0 0.596467 0.271966 0.051137 0.039049
0 0.594143 0.240586 0.039049 0.034870
0 0.583915 0.170850 0.039054 0.032077
0 0.709902 0.305439 0.051141 0.033470
0 0.716411 0.357741 0.049280 0.037656
0 0.721526 0.396790 0.053928 0.037656
0 0.732682 0.428870 0.055790 0.034863
0 0.741050 0.466530 0.057648 0.037656
0 0.767550 0.525104 0.064154 0.040443
0 0.783822 0.567643 0.063225 0.044635
0 0.797305 0.613669 0.066016 0.044629
0 0.812645 0.672246 0.070664 0.050208
0 0.827522 0.722454 0.074384 0.052995
0 0.836821 0.785911 0.063225 0.051602
0 0.841005 0.842399 0.071593 0.053001
0 0.858670 0.904463 0.069735 0.051608
0 0.871688 0.967923 0.090191 0.058581
