0 0.416085 0.428870 0.064158 0.040449
0 0.413761 0.460951 0.063225 0.048815
0 0.412832 0.502790 0.052070 0.040449
0 0.416549 0.541146 0.050208 0.039049
0 0.417480 0.578102 0.061367 0.046022
0 0.414692 0.619245 0.066944 0.050208
0 0.411901 0.664577 0.068802 0.048815
0 0.412830 0.710602 0.066944 0.054395
0 0.419338 0.764993 0.061367 0.054388
0 0.415621 0.831240 0.063229 0.055788
0 0.406786 0.904463 0.079032 0.059967
0 0.407717 0.965830 0.064158 0.048809
0 0.556022 0.467227 0.044631 0.039049
0 0.559275 0.506276 0.060434 0.041836
0 0.567177 0.548815 0.053928 0.040443
0 0.572758 0.589261 0.061367 0.046022
0 0.571363 0.631800 0.064158 0.047415
0 0.580195 0.679915 0.053932 0.046029
0 0.585775 0.732917 0.068806 0.051602
0 0.587168 0.788701 0.079032 0.054395
0 0.592283 0.845885 0.070668 0.054388
0 0.583448 0.903763 0.069735 0.061367
0 0.600187 0.971410 0.080894 0.057181
0 0.602511 0.251745 0.044631 0.040443
0 0.617852 0.310322 0.043698 0.040449
0 0.612274 0.354255 0.051137 0.039056
0 0.597860 0.382148 0.057648 0.039049
0 0.602975 0.414225 0.056714 0.039049
0 0.613668 0.444212 0.055790 0.032083
0 0.618783 0.477682 0.052999 0.037656
0 0.625291 0.513252 0.047422 0.041842
0 0.630406 0.548815 0.063225 0.037656
0 0.637378 0.588564 0.060434 0.044629
0 0.642493 0.635283 0.061367 0.043236
0 0.650397 0.686191 0.069735 0.052995
0 0.657834 0.733613 0.058576 0.047422
0 0.667595 0.788704 0.065087 0.048815
0 0.675964 0.845885 0.072526 0.051602
0 0.672711 0.903066 0.082756 0.059974
0 0.683869 0.976292 0.062296 0.044629
0 0.684334 0.240586 0.046489 0.026497
0 0.686191 0.264990 0.039049 0.030684
0 0.705252 0.305439 0.056719 0.039056
0 0.716411 0.330544 0.051137 0.030684
0 0.715015 0.357044 0.046489 0.036263
0 0.726638 0.384935 0.058581 0.036263
0 0.728963 0.412132 0.057648 0.040449
0 0.740122 0.445605 0.057648 0.034870
0 0.748954 0.483962 0.056719 0.039056
0 0.752674 0.517435 0.058576 0.039049
0 0.767552 0.553695 0.049280 0.041842
0 0.774987 0.593447 0.075312 0.043236
0 0.788934 0.639469 0.069735 0.051608
0 0.808461 0.686191 0.064154 0.050208
0 0.813576 0.739189 0.072526 0.055788
0 0.835425 0.792187 0.066016 0.050208
0 0.844258 0.852161 0.079965 0.052995
0 0.854021 0.909346 0.071593 0.055788
0 0.875408 0.972106 0.092049 0.053001
