0 0.210135 0.738496 0.059505 0.124128
0 0.406788 0.368896 0.056719 0.043236
0 0.417016 0.441423 0.043702 0.040449
0 0.419805 0.476292 0.056719 0.043236
0 0.412365 0.516038 0.051137 0.047415
0 0.415156 0.567643 0.058576 0.041836
0 0.411437 0.606696 0.052995 0.044629
0 0.408181 0.649232 0.065087 0.048815
0 0.408184 0.695957 0.070664 0.047422
0 0.406788 0.744772 0.058576 0.050208
0 0.400744 0.801953 0.072522 0.052995
0 0.395165 0.863317 0.063229 0.055788
0 0.387261 0.923291 0.060434 0.058574
0 0.541144 0.406556 0.052070 0.040443
0 0.541608 0.442119 0.054857 0.039056
0 0.548581 0.472803 0.057648 0.039056
0 0.549047 0.520225 0.058581 0.044629
0 0.546721 0.600420 0.061367 0.040449
0 0.555091 0.646442 0.059505 0.046022
0 0.562064 0.698047 0.071593 0.048815
0 0.567177 0.754535 0.061367 0.053001
0 0.574151 0.813805 0.058581 0.054395
0 0.585310 0.873779 0.069735 0.054395
0 0.587632 0.935843 0.070664 0.055788
0 0.593678 0.203626 0.045560 0.033477
0 0.599258 0.235703 0.049280 0.036263
0 0.601580 0.287308 0.050208 0.033470
0 0.601580 0.315898 0.042769 0.037656
0 0.601580 0.350768 0.042769 0.034870
0 0.595536 0.379359 0.038121 0.033470
0 0.604371 0.412832 0.042769 0.036263
0 0.608090 0.449095 0.055790 0.036263
0 0.615063 0.485358 0.051141 0.036263
0 0.611343 0.516735 0.054857 0.040449
0 0.617387 0.558577 0.057648 0.046022
0 0.621571 0.599723 0.066016 0.044629
0 0.624362 0.647839 0.064158 0.046029
0 0.634123 0.693864 0.063229 0.054395
0 0.643887 0.750348 0.064154 0.050215
0 0.649931 0.808229 0.074384 0.051602
0 0.670851 0.920501 0.064158 0.050208
0 0.675966 0.983265 0.063225 0.033470
0 0.684796 0.230824 0.049280 0.034863
0 0.688053 0.260114 0.046489 0.032077
0 0.701070 0.285915 0.053928 0.033470
0 0.698743 0.311715 0.045560 0.032077
0 0.709902 0.341702 0.045560 0.039056
0 0.726172 0.380059 0.057648 0.037656
0 0.735937 0.404463 0.041840 0.027897
0 0.732216 0.433750 0.052999 0.036263
0 0.741515 0.467223 0.058576 0.041842
0 0.758253 0.500697 0.052999 0.039049
0 0.758253 0.536260 0.060438 0.043236
0 0.767086 0.577406 0.059510 0.044629
0 0.782891 0.631800 0.059505 0.041842
0 0.795909 0.673639 0.059510 0.052995
0 0.801022 0.722454 0.071593 0.052995
0 0.825197 0.772663 0.079032 0.052995
0 0.838681 0.832637 0.079965 0.052995
0 0.852628 0.905160 0.068806 0.055788
0 0.863320 0.972106 0.082752 0.050215
