0 0.593212 0.240586 0.039054 0.034870
0 0.717806 0.356348 0.048346 0.037656
0 0.786146 0.569736 0.058576 0.040449
0 0.797305 0.613669 0.066016 0.047415
0 0.814505 0.671549 0.068802 0.046029
0 0.828917 0.721758 0.079032 0.051602
0 0.835890 0.784518 0.066944 0.054388
0 0.841934 0.843096 0.067878 0.054395
0 0.859599 0.903763 0.069735 0.050208
0 0.868433 0.970016 0.083681 0.057181
0 0.619711 0.578102 0.060438 0.040449
0 0.622967 0.628314 0.063225 0.048815
0 0.628082 0.678522 0.066016 0.051602
0 0.630404 0.727337 0.065087 0.048815
0 0.642493 0.789398 0.070664 0.044629
0 0.652719 0.851465 0.063225 0.046029
0 0.654579 0.914225 0.063229 0.048815
0 0.665273 0.976989 0.066016 0.046022
0 0.556484 0.718968 0.066016 0.054395
0 0.562530 0.784518 0.072526 0.054388
0 0.572758 0.841003 0.068806 0.050208
0 0.580195 0.907952 0.070668 0.055788
0 0.576940 0.974199 0.088333 0.048815
0 0.377964 0.837516 0.064158 0.051608
