0 0.237101 0.631800 0.065087 0.139473
0 0.410043 0.389121 0.057648 0.039049
0 0.415621 0.429567 0.063229 0.041842
0 0.413296 0.459554 0.062296 0.046022
0 0.413761 0.500697 0.059510 0.044635
0 0.416085 0.539749 0.049280 0.039056
0 0.418409 0.578799 0.061367 0.041842
0 0.414225 0.620641 0.067878 0.047415
0 0.411437 0.662484 0.069731 0.053001
0 0.413761 0.709902 0.068806 0.052995
0 0.419805 0.766387 0.062300 0.051602
0 0.416085 0.831240 0.064158 0.053001
0 0.407717 0.902373 0.077170 0.055788
0 0.407253 0.965133 0.063229 0.058574
0 0.550441 0.433750 0.053928 0.039049
0 0.557415 0.469316 0.047418 0.037656
0 0.558809 0.504880 0.061367 0.041842
0 0.566248 0.545329 0.052070 0.039056
0 0.571825 0.590654 0.061367 0.040449
0 0.571361 0.630404 0.062296 0.047422
0 0.579731 0.680615 0.054861 0.044629
0 0.584379 0.730824 0.067873 0.053001
0 0.587635 0.787308 0.072526 0.054395
0 0.589959 0.838913 0.071593 0.051602
0 0.584846 0.905856 0.070664 0.057181
0 0.599720 0.972106 0.078103 0.055788
0 0.594607 0.228734 0.041845 0.030684
0 0.601115 0.250348 0.038125 0.029290
0 0.600187 0.278242 0.049280 0.032083
0 0.615992 0.310319 0.038121 0.034870
0 0.610879 0.354951 0.050213 0.034863
0 0.596467 0.385635 0.058576 0.037663
0 0.604371 0.414229 0.052066 0.030684
0 0.611808 0.442819 0.052070 0.034870
0 0.619711 0.476986 0.052999 0.036263
0 0.624360 0.509066 0.043702 0.039056
0 0.629939 0.548115 0.056719 0.041842
0 0.636450 0.585075 0.056719 0.043236
0 0.642027 0.634587 0.066016 0.044629
0 0.650862 0.682708 0.068806 0.048815
0 0.659227 0.732217 0.059505 0.044629
0 0.665738 0.786608 0.066944 0.050208
0 0.675035 0.844492 0.072526 0.051602
0 0.669457 0.903766 0.083681 0.064160
0 0.682938 0.974199 0.064158 0.048815
0 0.684798 0.236400 0.043702 0.026497
0 0.686194 0.264294 0.040911 0.029290
0 0.703859 0.278939 0.039054 0.027891
0 0.705718 0.306833 0.055786 0.033470
0 0.718273 0.332637 0.049280 0.029284
0 0.715480 0.356344 0.045560 0.032077
0 0.725710 0.384238 0.052999 0.034870
0 0.729894 0.414922 0.055786 0.034870
0 0.739193 0.446302 0.057648 0.036263
0 0.748954 0.478382 0.054861 0.039056
0 0.753602 0.515342 0.056719 0.043236
0 0.766619 0.548812 0.049280 0.043236
0 0.776847 0.592747 0.069735 0.047422
0 0.791723 0.640166 0.066016 0.044629
0 0.730358 0.721061 0.043702 0.089258
0 0.811250 0.685495 0.064158 0.046029
0 0.810786 0.738493 0.070668 0.054395
0 0.833566 0.790098 0.067878 0.048815
0 0.845653 0.847282 0.079032 0.054395
0 0.855881 0.912132 0.075312 0.055788
0 0.879592 0.972106 0.091120 0.053001
