0 0.410041 0.359834 0.059510 0.044629
0 0.390516 0.501396 0.046493 0.040449
0 0.385866 0.540446 0.063225 0.043236
0 0.384006 0.580195 0.065087 0.044635
0 0.379824 0.623431 0.060438 0.044635
0 0.380753 0.668060 0.069735 0.047422
0 0.384937 0.721061 0.061367 0.047422
0 0.389123 0.769180 0.066016 0.048815
0 0.387726 0.831940 0.059505 0.051602
0 0.538355 0.488145 0.057648 0.041836
0 0.538355 0.527894 0.050208 0.043236
0 0.541144 0.568340 0.053928 0.046029
0 0.550443 0.617852 0.059505 0.047422
0 0.551372 0.661784 0.052066 0.046029
0 0.554160 0.714089 0.072522 0.050208
0 0.566712 0.762900 0.071593 0.053001
0 0.569967 0.822874 0.072522 0.053001
0 0.574616 0.887728 0.070664 0.059974
0 0.580660 0.961644 0.084609 0.065553
0 0.575082 0.146442 0.041840 0.030684
0 0.591816 0.341699 0.052999 0.036263
0 0.597398 0.366807 0.052999 0.041842
0 0.600651 0.400977 0.052066 0.034870
0 0.605764 0.434447 0.056719 0.037656
0 0.605299 0.465830 0.052066 0.044629
0 0.604835 0.504183 0.054861 0.040449
0 0.612737 0.540446 0.053928 0.046022
0 0.617852 0.588561 0.064158 0.050208
0 0.617387 0.630407 0.053932 0.044629
0 0.628082 0.672246 0.058576 0.047422
0 0.631799 0.721061 0.067878 0.050208
0 0.645280 0.769873 0.053928 0.044629
0 0.651324 0.822178 0.075312 0.057181
0 0.657370 0.889818 0.066944 0.058581
0 0.675501 0.960251 0.086471 0.062767
0 0.661552 0.134587 0.036263 0.029290
0 0.689447 0.263597 0.043702 0.033470
0 0.697350 0.289401 0.039049 0.034870
0 0.713622 0.350072 0.051141 0.036263
0 0.722919 0.377962 0.047418 0.036263
0 0.735007 0.410042 0.056714 0.041842
0 0.739191 0.446302 0.053928 0.036263
0 0.744770 0.482565 0.055790 0.039049
0 0.767083 0.527197 0.057648 0.044629
0 0.778242 0.578799 0.068802 0.041842
0 0.785681 0.624824 0.066944 0.047422
0 0.797767 0.670156 0.068806 0.048815
0 0.799627 0.716875 0.074384 0.050208
0 0.817296 0.767783 0.081823 0.054395
0 0.836819 0.826357 0.066944 0.054395
0 0.843793 0.887031 0.067873 0.061367
0 0.854021 0.960251 0.073451 0.059967
