0 0.412832 0.460947 0.063225 0.046022
0 0.415621 0.501396 0.059505 0.040449
0 0.416549 0.539053 0.048351 0.040449
0 0.419340 0.579499 0.055790 0.040443
0 0.417016 0.619245 0.064154 0.047422
0 0.412368 0.664574 0.069735 0.051608
0 0.414690 0.712692 0.068806 0.053001
0 0.420271 0.764993 0.061367 0.054388
0 0.416549 0.829150 0.055790 0.054395
0 0.408646 0.902370 0.073455 0.058581
0 0.408184 0.965130 0.063225 0.061367
0 0.557415 0.470713 0.045560 0.040449
0 0.560204 0.506276 0.060434 0.039049
0 0.567641 0.548815 0.052999 0.040443
0 0.571363 0.590654 0.064158 0.046022
0 0.573223 0.635286 0.060438 0.046029
0 0.581591 0.680615 0.051141 0.044629
0 0.585773 0.733613 0.066944 0.050208
0 0.587170 0.790098 0.073455 0.051602
0 0.593678 0.843792 0.067878 0.055788
0 0.582986 0.905856 0.066944 0.057181
0 0.602046 0.971410 0.077174 0.057181
0 0.602975 0.252441 0.038121 0.033477
0 0.615992 0.312412 0.038121 0.033470
0 0.611810 0.354255 0.050208 0.039056
0 0.596467 0.382845 0.054861 0.037656
0 0.604371 0.414922 0.055790 0.034870
0 0.614599 0.446302 0.052070 0.039049
0 0.621107 0.478382 0.050208 0.039056
0 0.626686 0.509066 0.044631 0.036257
0 0.630868 0.548815 0.056719 0.040443
0 0.636914 0.587868 0.055790 0.043236
0 0.643420 0.636680 0.057648 0.040443
0 0.650859 0.684798 0.066944 0.047422
0 0.659227 0.733613 0.057648 0.047422
0 0.668526 0.791491 0.065082 0.051602
0 0.677826 0.844489 0.072526 0.054395
0 0.673639 0.907949 0.084614 0.064154
0 0.684798 0.976289 0.060438 0.047422
0 0.705718 0.306836 0.050213 0.036263
0 0.717339 0.331940 0.049280 0.027891
0 0.715015 0.354951 0.044631 0.034863
0 0.725710 0.383545 0.054857 0.030684
0 0.731289 0.413529 0.056719 0.037656
0 0.740122 0.447699 0.055790 0.036257
0 0.750347 0.479079 0.057648 0.034863
0 0.754067 0.513949 0.059505 0.040449
0 0.768016 0.552998 0.048351 0.040449
0 0.775918 0.592747 0.073451 0.047422
0 0.792656 0.641563 0.066016 0.047422
0 0.810786 0.687585 0.059505 0.050208
0 0.813110 0.739889 0.075317 0.051602
0 0.833101 0.793584 0.063225 0.053001
0 0.846118 0.850768 0.076246 0.061367
0 0.856345 0.911439 0.072526 0.048815
0 0.879592 0.973499 0.089262 0.053001
