0 0.385868 0.725244 0.055790 0.047415
0 0.384937 0.775452 0.076246 0.053001
0 0.377498 0.838910 0.061367 0.054395
0 0.546257 0.663177 0.067878 0.048815
0 0.557413 0.721758 0.066016 0.051602
0 0.559740 0.782425 0.074384 0.055788
0 0.570434 0.840309 0.066016 0.054395
0 0.579264 0.906556 0.068806 0.052995
0 0.576476 0.973499 0.087405 0.053001
0 0.593212 0.239193 0.035330 0.034870
0 0.596467 0.271966 0.049280 0.039049
0 0.611808 0.527894 0.063225 0.046022
0 0.619247 0.575313 0.059510 0.046029
0 0.624362 0.628314 0.064158 0.048815
0 0.626220 0.677129 0.067873 0.051602
0 0.629475 0.728730 0.063229 0.048815
0 0.640634 0.789401 0.066944 0.050208
0 0.652719 0.852161 0.059510 0.050208
0 0.654579 0.915618 0.055790 0.048815
0 0.664342 0.974199 0.064154 0.051602
0 0.684798 0.211299 0.043702 0.029290
0 0.717339 0.358437 0.049280 0.039049
0 0.767086 0.527197 0.059510 0.041842
0 0.785217 0.570433 0.058576 0.039056
0 0.799162 0.615758 0.066016 0.046022
0 0.813110 0.671549 0.071593 0.046029
0 0.827522 0.724548 0.076241 0.054395
0 0.835890 0.785915 0.065087 0.054395
0 0.841936 0.845885 0.066016 0.051602
0 0.857741 0.903766 0.067878 0.053001
0 0.868898 0.967923 0.080894 0.061367
