0 0.392841 0.371686 0.052999 0.034870
0 0.403533 0.399583 0.055790 0.037656
0 0.406322 0.437240 0.053928 0.040443
0 0.405859 0.502790 0.056719 0.043236
0 0.404926 0.543239 0.066016 0.043236
0 0.399813 0.582288 0.050208 0.043236
0 0.393305 0.627614 0.063225 0.044629
0 0.395632 0.679219 0.069735 0.047422
0 0.390050 0.726637 0.069735 0.058574
0 0.398885 0.783822 0.057648 0.050208
0 0.399349 0.844492 0.084609 0.059974
0 0.548116 0.375872 0.041840 0.040443
0 0.545792 0.411436 0.055786 0.039056
0 0.543932 0.444909 0.048351 0.036263
0 0.549512 0.481172 0.055786 0.039049
0 0.563924 0.515342 0.054861 0.046022
0 0.556487 0.553695 0.052999 0.041842
0 0.557880 0.594837 0.053928 0.048815
0 0.556020 0.637380 0.050208 0.044629
0 0.561599 0.684798 0.063225 0.047422
0 0.564855 0.734310 0.071593 0.051602
0 0.579266 0.783125 0.057648 0.051602
0 0.582520 0.844489 0.069735 0.057181
0 0.579729 0.907253 0.069735 0.057188
0 0.586704 0.970013 0.066949 0.059974
0 0.576476 0.174339 0.040911 0.030684
0 0.597398 0.307533 0.038121 0.034870
0 0.596931 0.337520 0.048351 0.039049
0 0.605299 0.370293 0.040911 0.034870
0 0.609484 0.408649 0.060434 0.044629
0 0.604371 0.442119 0.048351 0.039056
0 0.612737 0.476289 0.053928 0.037656
0 0.622967 0.511156 0.044631 0.043236
0 0.625291 0.550908 0.056719 0.044629
0 0.631799 0.598327 0.067878 0.044635
0 0.638307 0.638076 0.066016 0.046022
0 0.630870 0.686191 0.064154 0.050208
0 0.642956 0.731520 0.058576 0.048809
0 0.649464 0.781729 0.060438 0.051608
0 0.659692 0.846585 0.066016 0.055788
0 0.668062 0.910739 0.064154 0.055788
0 0.666200 0.976989 0.062296 0.046022
0 0.689913 0.250348 0.040911 0.029290
0 0.696421 0.274059 0.046489 0.032077
0 0.706649 0.318688 0.050208 0.029290
0 0.716875 0.340309 0.039054 0.030684
0 0.721059 0.368203 0.049280 0.036263
0 0.728498 0.398887 0.054861 0.036263
0 0.732682 0.429570 0.055790 0.036263
0 0.742912 0.478382 0.057648 0.033470
0 0.752209 0.512555 0.057648 0.043236
0 0.762901 0.551605 0.060438 0.046022
0 0.778242 0.597630 0.068802 0.040443
0 0.787075 0.639469 0.064158 0.043236
0 0.802882 0.684102 0.060434 0.048815
0 0.806137 0.731520 0.072526 0.051608
0 0.827057 0.785915 0.080894 0.054395
0 0.826128 0.843796 0.058576 0.050208
0 0.852161 0.911436 0.071597 0.051608
0 0.873082 0.976289 0.079965 0.047422
