0 0.334727 0.603903 0.057648 0.044629
0 0.345885 0.761507 0.076241 0.053001
0 0.325430 0.831240 0.076241 0.053001
0 0.408648 0.965830 0.067878 0.059967
0 0.410041 0.903766 0.072522 0.053001
0 0.417016 0.829150 0.060438 0.051608
0 0.420269 0.766387 0.059505 0.048815
0 0.416552 0.712692 0.068806 0.050215
0 0.414227 0.661087 0.066016 0.050208
0 0.415621 0.618548 0.066944 0.048815
0 0.421198 0.578799 0.057648 0.041842
0 0.416549 0.537656 0.050208 0.037656
0 0.415621 0.501393 0.059505 0.037656
0 0.413761 0.458857 0.063225 0.044629
0 0.416549 0.426081 0.057648 0.040443
0 0.531380 0.377266 0.056719 0.034870
0 0.542537 0.415622 0.045560 0.041842
0 0.556951 0.466530 0.046489 0.037656
0 0.560204 0.504880 0.058576 0.041842
0 0.569503 0.548115 0.052999 0.041842
0 0.574151 0.633890 0.062296 0.043236
0 0.584844 0.733613 0.066944 0.050208
0 0.588099 0.785215 0.077170 0.058581
0 0.592750 0.843096 0.069735 0.054395
0 0.583913 0.904463 0.070664 0.059967
0 0.601115 0.972106 0.082752 0.053001
0 0.685727 0.974199 0.060438 0.046029
0 0.674106 0.903070 0.083681 0.057181
0 0.675966 0.843792 0.070664 0.053001
0 0.668993 0.786608 0.066016 0.050208
0 0.657834 0.735007 0.060434 0.047422
0 0.650395 0.683405 0.066016 0.047422
0 0.642958 0.636680 0.062296 0.046029
0 0.637378 0.583685 0.058576 0.048815
0 0.630404 0.546722 0.065087 0.044629
0 0.613670 0.445609 0.053928 0.043236
0 0.603440 0.417715 0.059510 0.037656
0 0.595072 0.384938 0.053928 0.033470
0 0.614132 0.355651 0.049280 0.036263
0 0.610414 0.306836 0.038121 0.036263
0 0.603906 0.278939 0.049280 0.033477
0 0.605299 0.251045 0.042769 0.033470
0 0.591819 0.210602 0.039983 0.030684
0 0.679219 0.216875 0.047422 0.034870
0 0.685727 0.258717 0.038121 0.032083
0 0.705254 0.276846 0.038121 0.029290
0 0.704789 0.303350 0.052070 0.032077
0 0.717806 0.329150 0.048346 0.030684
0 0.716411 0.353558 0.047422 0.032077
0 0.725710 0.383542 0.051141 0.033477
0 0.728032 0.410739 0.061367 0.034863
0 0.738726 0.445605 0.054857 0.037656
0 0.748954 0.473499 0.056719 0.040449
0 0.755462 0.511855 0.062296 0.041836
0 0.767086 0.550208 0.050213 0.046029
0 0.776849 0.589958 0.067873 0.047415
0 0.789399 0.639469 0.070664 0.051608
0 0.812645 0.739189 0.074388 0.053001
0 0.831706 0.789401 0.071597 0.050208
0 0.844722 0.846582 0.080894 0.050208
0 0.854021 0.910042 0.079032 0.054395
0 0.880985 0.971410 0.088333 0.051608
