0 0.582055 0.148535 0.042773 0.034870
0 0.717342 0.358437 0.047418 0.039049
0 0.376569 0.838910 0.063225 0.054395
0 0.569967 0.841702 0.066949 0.054395
0 0.579266 0.910042 0.066944 0.057181
0 0.576476 0.974896 0.083681 0.050208
0 0.651790 0.851465 0.055786 0.048815
0 0.654115 0.916318 0.058576 0.050215
0 0.666202 0.974896 0.064158 0.050208
0 0.814970 0.673639 0.067873 0.047422
0 0.827986 0.725941 0.075312 0.051608
0 0.841469 0.777546 0.061367 0.046029
0 0.842400 0.847979 0.066944 0.053001
0 0.858205 0.905859 0.070664 0.051602
0 0.867504 0.968620 0.081823 0.059974
