0 0.329614 0.656204 0.060434 0.051602
0 0.345885 0.760811 0.076241 0.057181
0 0.416085 0.426084 0.058576 0.043236
0 0.413761 0.458158 0.059510 0.046029
0 0.415156 0.498604 0.056719 0.040449
0 0.416552 0.536263 0.046489 0.040443
0 0.419340 0.578799 0.055790 0.041842
0 0.415156 0.619245 0.064158 0.047422
0 0.412830 0.662480 0.066944 0.050208
0 0.414692 0.710599 0.065087 0.051602
0 0.420734 0.764993 0.058576 0.057188
0 0.416085 0.829150 0.056719 0.054395
0 0.407717 0.898883 0.077170 0.057181
0 0.407717 0.965133 0.066016 0.058574
0 0.527663 0.376569 0.054857 0.039049
0 0.546723 0.435146 0.050208 0.036257
0 0.556487 0.468620 0.045560 0.039049
0 0.560204 0.504186 0.058576 0.037656
0 0.565783 0.543236 0.052999 0.040443
0 0.569967 0.587168 0.063225 0.050208
0 0.572292 0.633893 0.062300 0.048815
0 0.586237 0.732217 0.066016 0.053001
0 0.587635 0.789401 0.074384 0.050208
0 0.592283 0.842399 0.072526 0.053001
0 0.582984 0.903066 0.070664 0.059974
0 0.602511 0.972106 0.078103 0.055788
0 0.593678 0.209206 0.038121 0.033477
0 0.601580 0.250348 0.039054 0.034863
0 0.602975 0.277542 0.047418 0.030684
0 0.608090 0.305439 0.039054 0.033470
0 0.611810 0.353555 0.050208 0.034870
0 0.594607 0.383542 0.052999 0.033477
0 0.603440 0.412135 0.053928 0.034870
0 0.613203 0.442122 0.051137 0.036263
0 0.618783 0.477686 0.051141 0.043236
0 0.631332 0.546025 0.057648 0.043236
0 0.637376 0.585775 0.062296 0.044635
0 0.641096 0.633890 0.060438 0.046022
0 0.650397 0.680612 0.069735 0.050208
0 0.658763 0.730124 0.060434 0.048815
0 0.668062 0.786608 0.064154 0.050208
0 0.674570 0.842399 0.066016 0.050215
0 0.670851 0.903763 0.080894 0.061367
0 0.682938 0.973499 0.060434 0.053001
0 0.678288 0.214085 0.045560 0.032077
0 0.685727 0.237796 0.045560 0.029290
0 0.684334 0.258717 0.037192 0.029284
0 0.703394 0.276849 0.039983 0.026497
0 0.705718 0.304046 0.052070 0.033470
0 0.716875 0.327057 0.050208 0.026497
0 0.715482 0.353555 0.047422 0.034870
0 0.725245 0.383545 0.053928 0.030684
0 0.729894 0.411436 0.059510 0.033470
0 0.738726 0.444212 0.056714 0.040443
0 0.747559 0.476986 0.055786 0.039049
0 0.751745 0.513252 0.058576 0.041842
0 0.766155 0.550208 0.050208 0.046029
0 0.774525 0.592747 0.068806 0.044635
0 0.791259 0.639473 0.065087 0.048815
0 0.812645 0.740586 0.072522 0.050208
0 0.833101 0.792188 0.070664 0.047422
0 0.844722 0.849372 0.080894 0.055788
0 0.854486 0.909346 0.070664 0.058574
0 0.880056 0.970013 0.088333 0.059974
