0 0.602044 0.253835 0.041840 0.036263
0 0.416085 0.428870 0.060434 0.040449
0 0.413296 0.460251 0.064154 0.047415
0 0.414227 0.501396 0.058576 0.040449
0 0.416085 0.538353 0.049280 0.039049
0 0.417945 0.580895 0.058581 0.043236
0 0.414692 0.620641 0.065087 0.047415
0 0.410508 0.663877 0.066016 0.050215
0 0.413761 0.711995 0.066949 0.051608
0 0.419805 0.766390 0.058576 0.054395
0 0.415621 0.830544 0.061363 0.054395
0 0.406322 0.901673 0.078103 0.057188
0 0.406324 0.967223 0.066944 0.057181
0 0.557415 0.469316 0.047418 0.037656
0 0.560668 0.506276 0.059505 0.041836
0 0.567177 0.547419 0.053928 0.040449
0 0.571827 0.588564 0.065087 0.044629
0 0.572292 0.635286 0.064158 0.048815
0 0.580195 0.679919 0.052066 0.043236
0 0.584844 0.733613 0.068802 0.050208
0 0.587632 0.789401 0.078103 0.050208
0 0.592283 0.845189 0.070668 0.052995
0 0.582984 0.905160 0.070664 0.058574
0 0.601582 0.972106 0.078103 0.055788
0 0.616458 0.311715 0.039054 0.037663
0 0.611808 0.355648 0.052070 0.039056
0 0.595072 0.382845 0.055786 0.037656
0 0.603440 0.414225 0.055786 0.036263
0 0.612272 0.444909 0.054857 0.041836
0 0.619247 0.479082 0.052070 0.037656
0 0.624824 0.511159 0.044631 0.037656
0 0.630404 0.547419 0.059505 0.040449
0 0.636450 0.586471 0.058576 0.046029
0 0.641563 0.636683 0.065087 0.043236
0 0.648535 0.684102 0.067878 0.051602
0 0.656903 0.733613 0.060438 0.050208
0 0.668062 0.790098 0.064154 0.048815
0 0.675501 0.845189 0.069735 0.052995
0 0.671315 0.905160 0.079965 0.058574
0 0.682007 0.976289 0.060438 0.047422
0 0.684334 0.239189 0.044631 0.029290
0 0.685727 0.264294 0.038121 0.029290
0 0.705254 0.304043 0.054857 0.036263
0 0.717342 0.331240 0.052999 0.029290
0 0.715017 0.354951 0.050208 0.034863
0 0.725707 0.384938 0.058576 0.033470
0 0.730822 0.413529 0.059510 0.037656
0 0.739193 0.447699 0.057648 0.036257
0 0.748490 0.481172 0.057648 0.039049
0 0.752207 0.516038 0.061367 0.041842
0 0.765690 0.552998 0.049280 0.043236
0 0.775454 0.594144 0.070664 0.044629
0 0.789863 0.640866 0.069735 0.048815
0 0.810319 0.687588 0.062296 0.047415
0 0.812645 0.741283 0.072522 0.051602
0 0.832170 0.793584 0.065087 0.050215
0 0.843793 0.853558 0.077170 0.053001
0 0.854021 0.912829 0.071593 0.054395
0 0.876337 0.972106 0.090191 0.055788
