0 0.213388 0.735703 0.052999 0.126914
0 0.407253 0.367503 0.053932 0.043236
0 0.411903 0.406556 0.053928 0.040443
0 0.418409 0.440026 0.042773 0.037656
0 0.418876 0.476289 0.056719 0.046029
0 0.414225 0.518128 0.051141 0.043236
0 0.413296 0.562760 0.058581 0.046029
0 0.410972 0.603903 0.048351 0.044629
0 0.410506 0.647142 0.069735 0.047422
0 0.408184 0.693167 0.068806 0.053001
0 0.409110 0.744769 0.057648 0.053001
0 0.401209 0.801253 0.075317 0.057181
0 0.395629 0.862620 0.060434 0.057181
0 0.389586 0.923991 0.063225 0.062760
0 0.541608 0.407949 0.051141 0.037656
0 0.542537 0.440723 0.052999 0.036263
0 0.548581 0.471410 0.057648 0.044629
0 0.550443 0.517432 0.057648 0.041842
0 0.548116 0.555791 0.058576 0.043236
0 0.547187 0.601813 0.060434 0.040449
0 0.553696 0.647839 0.062296 0.048815
0 0.561599 0.700137 0.066949 0.050208
0 0.565783 0.758717 0.060438 0.052995
0 0.574151 0.813112 0.054857 0.050208
0 0.587168 0.874476 0.071593 0.053001
0 0.589957 0.935146 0.073455 0.059967
0 0.592747 0.207113 0.047422 0.034863
0 0.596931 0.234310 0.046493 0.033477
0 0.602975 0.285911 0.051141 0.036263
0 0.602046 0.313809 0.043702 0.033477
0 0.603442 0.351465 0.040911 0.036263
0 0.596003 0.376569 0.040911 0.036263
0 0.604835 0.410039 0.045564 0.036263
0 0.609948 0.448395 0.055790 0.040449
0 0.613203 0.483962 0.056719 0.041842
0 0.615063 0.515342 0.054857 0.043236
0 0.617852 0.556484 0.058576 0.047422
0 0.621107 0.600420 0.066944 0.046022
0 0.624362 0.647839 0.064158 0.048815
0 0.635983 0.694561 0.055786 0.053001
0 0.646211 0.751745 0.065087 0.050208
0 0.651324 0.807529 0.075312 0.055788
0 0.671315 0.924684 0.066944 0.055788
0 0.674570 0.981172 0.060434 0.037656
0 0.685263 0.231520 0.046489 0.033470
0 0.688982 0.259414 0.044631 0.033477
0 0.701534 0.286611 0.051141 0.034863
0 0.699210 0.313809 0.040911 0.036263
0 0.709438 0.341003 0.044631 0.037656
0 0.725245 0.377962 0.053928 0.036263
0 0.733147 0.403066 0.049280 0.039049
0 0.733147 0.435146 0.056719 0.039056
0 0.741050 0.468620 0.055790 0.039049
0 0.706647 0.524408 0.035334 0.066940
0 0.759646 0.498604 0.048346 0.040449
0 0.759182 0.535563 0.056714 0.044629
0 0.767550 0.574616 0.058581 0.044635
0 0.784753 0.628314 0.065087 0.046029
0 0.798234 0.670853 0.060434 0.050208
0 0.803346 0.718968 0.074384 0.057181
0 0.824733 0.773363 0.079961 0.054395
0 0.839145 0.833333 0.082752 0.059974
0 0.854952 0.902370 0.067873 0.052995
0 0.860994 0.971410 0.083681 0.057181
