0 0.394236 0.372383 0.055790 0.039049
0 0.405859 0.437240 0.056719 0.040443
0 0.405395 0.504880 0.057648 0.041842
0 0.403069 0.544632 0.062300 0.043236
0 0.398418 0.582288 0.052999 0.046022
0 0.394234 0.628314 0.061367 0.048815
0 0.395165 0.682705 0.070668 0.051608
0 0.390050 0.728034 0.071593 0.058581
0 0.399816 0.783818 0.061367 0.055788
0 0.398885 0.844489 0.079965 0.065553
0 0.548116 0.375176 0.039983 0.039049
0 0.545328 0.411439 0.054857 0.036263
0 0.544863 0.446302 0.050213 0.039049
0 0.549978 0.481172 0.056719 0.039049
0 0.562995 0.514645 0.056719 0.044629
0 0.556487 0.554391 0.052999 0.043236
0 0.556951 0.595537 0.055786 0.044629
0 0.555556 0.637380 0.049280 0.044629
0 0.559740 0.683402 0.065087 0.044629
0 0.565317 0.735007 0.074384 0.050208
0 0.576942 0.782425 0.054857 0.053001
0 0.581591 0.845189 0.071593 0.052995
0 0.580660 0.907253 0.073455 0.059974
0 0.585773 0.970013 0.066944 0.059974
0 0.576011 0.175732 0.038125 0.030684
0 0.597398 0.308229 0.036263 0.036263
0 0.597860 0.336123 0.050208 0.039056
0 0.604371 0.369596 0.040911 0.039049
0 0.609948 0.407253 0.057648 0.041836
0 0.603442 0.443516 0.050208 0.036263
0 0.613670 0.475592 0.053928 0.036263
0 0.622967 0.510462 0.042773 0.039049
0 0.627151 0.551605 0.056714 0.043236
0 0.630870 0.597627 0.067878 0.043236
0 0.639703 0.639469 0.063225 0.043236
0 0.630870 0.686191 0.062296 0.047422
0 0.640632 0.731520 0.059510 0.046022
0 0.649000 0.781729 0.061367 0.051608
0 0.660158 0.847282 0.066949 0.054395
0 0.666667 0.910042 0.065087 0.051608
0 0.666667 0.976989 0.059505 0.046022
0 0.689913 0.248955 0.040911 0.029290
0 0.695490 0.274059 0.046493 0.034863
0 0.708043 0.319385 0.051137 0.030684
0 0.716875 0.339609 0.042769 0.029284
0 0.721523 0.367503 0.048351 0.034863
0 0.727103 0.398883 0.055786 0.033470
0 0.732218 0.430964 0.054861 0.036263
0 0.743841 0.476289 0.057648 0.034870
0 0.749883 0.509766 0.058576 0.037656
0 0.762899 0.550908 0.056719 0.044629
0 0.779171 0.598327 0.065087 0.039049
0 0.788006 0.636680 0.064154 0.046029
0 0.802418 0.683402 0.059505 0.044629
0 0.805206 0.730127 0.072522 0.046022
0 0.827522 0.785215 0.079965 0.052995
0 0.825662 0.843096 0.059510 0.051608
0 0.854023 0.910739 0.066016 0.053001
0 0.874010 0.974896 0.074384 0.050208
