0 0.810758 0.737551 0.081041 0.053678
0 0.806512 0.689071 0.074856 0.048184
0 0.790034 0.645415 0.071228 0.049284
0 0.571647 0.784178 0.072988 0.057662
0 0.569983 0.729597 0.068825 0.050499
0 0.569409 0.680870 0.065728 0.048046
0 0.768153 0.515967 0.067275 0.042256
0 0.334613 0.846312 0.067019 0.049095
0 0.777292 0.558240 0.066891 0.045275
0 0.787662 0.600362 0.059815 0.045207
0 0.335719 0.968312 0.087100 0.052503
0 0.753624 0.476458 0.055832 0.043756
0 0.388380 0.727984 0.073886 0.055192
0 0.643612 0.688375 0.069020 0.052932
0 0.650170 0.786480 0.062064 0.049647
0 0.856730 0.904237 0.090441 0.057842
0 0.560223 0.629277 0.049827 0.040706
0 0.331597 0.898535 0.064368 0.056140
0 0.640555 0.734900 0.053960 0.042262
0 0.838558 0.847733 0.071541 0.048551
0 0.816491 0.786893 0.060859 0.049251
0 0.725243 0.367412 0.059590 0.042912
0 0.651580 0.845080 0.076421 0.055476
0 0.574881 0.848259 0.071134 0.054920
0 0.746994 0.437541 0.056682 0.043244
0 0.575663 0.184297 0.030631 0.032155
0 0.403612 0.475624 0.051493 0.042076
0 0.632219 0.635929 0.062162 0.055389
0 0.552721 0.545636 0.054815 0.043945
0 0.386653 0.672238 0.072965 0.056446
0 0.736006 0.405387 0.049227 0.038223
0 0.590276 0.324246 0.047859 0.040431
0 0.701201 0.290523 0.045165 0.038346
0 0.599673 0.382048 0.049497 0.040979
0 0.552982 0.513106 0.056827 0.038939
0 0.618798 0.514443 0.057920 0.049753
0 0.591290 0.969826 0.091698 0.054558
0 0.580094 0.227144 0.046299 0.041023
0 0.402258 0.513830 0.055278 0.042591
0 0.623041 0.560291 0.052432 0.042885
0 0.695301 0.260289 0.043425 0.031395
0 0.614991 0.477469 0.057436 0.042358
0 0.712533 0.341622 0.047356 0.038812
0 0.608016 0.440340 0.050973 0.041759
0 0.592259 0.354614 0.044764 0.031917
0 0.629395 0.597138 0.048893 0.044152
0 0.592933 0.302849 0.042833 0.038734
0 0.395859 0.588572 0.067311 0.047262
0 0.580145 0.908897 0.074861 0.062691
0 0.338251 0.775475 0.061281 0.052294
0 0.672631 0.971356 0.065896 0.051026
0 0.415823 0.382144 0.057496 0.044118
0 0.605158 0.409145 0.047882 0.026941
0 0.659418 0.908943 0.064049 0.056589
0 0.392754 0.627482 0.051575 0.045086
0 0.398588 0.551958 0.047576 0.043820
0 0.561765 0.593900 0.051749 0.040064
0 0.588892 0.278395 0.045907 0.030048
0 0.587223 0.260241 0.047576 0.031300
0 0.580546 0.210161 0.039229 0.028796
0 0.863081 0.975761 0.073451 0.045072
0 0.708250 0.319086 0.054253 0.031300
0 0.690304 0.239583 0.045072 0.027544
0 0.683210 0.215795 0.042568 0.030048
0 0.679871 0.191381 0.045907 0.026292
0 0.672359 0.170097 0.039229 0.026292
0 0.027470 0.934004 0.054256 0.058656