0 0.650621 0.763337 0.069262 0.050566
0 0.837235 0.834648 0.069705 0.051172
0 0.793407 0.669137 0.060825 0.044095
0 0.643398 0.710293 0.070807 0.050833
0 0.833984 0.772168 0.083194 0.052773
0 0.671107 0.896510 0.062413 0.056133
0 0.857702 0.904808 0.070595 0.053783
0 0.818529 0.718434 0.069193 0.046816
0 0.581243 0.823369 0.069206 0.051426
0 0.590736 0.887305 0.077201 0.058711
0 0.669347 0.967920 0.060977 0.051243
0 0.592691 0.963184 0.083750 0.059961
0 0.757734 0.517171 0.059661 0.042793
0 0.583260 0.193154 0.040799 0.032858
0 0.753129 0.479974 0.058238 0.039935
0 0.870050 0.969684 0.067669 0.053900
0 0.704175 0.319570 0.045885 0.040872
0 0.635571 0.661305 0.062148 0.044225