0 0.812470 0.784150 0.068594 0.051322
0 0.392665 0.833551 0.070399 0.054421
0 0.829486 0.840596 0.079701 0.052480
0 0.654642 0.781875 0.077626 0.053451
0 0.395256 0.660928 0.070521 0.057897
0 0.394926 0.772350 0.071632 0.057435
0 0.654332 0.845299 0.077405 0.060768
0 0.396005 0.714167 0.053398 0.049583
0 0.597118 0.326631 0.039592 0.038431
0 0.583377 0.967923 0.086007 0.057917
0 0.403479 0.491647 0.058164 0.044036
0 0.642678 0.720387 0.073550 0.052363
0 0.660441 0.900094 0.063207 0.056699
0 0.765716 0.553981 0.066997 0.046908
0 0.572496 0.901221 0.076016 0.061777
0 0.801183 0.684476 0.068589 0.049980
0 0.316404 0.893122 0.083615 0.056725
0 0.777465 0.594274 0.073099 0.044538
0 0.404776 0.377288 0.058485 0.045176
0 0.400269 0.575189 0.064844 0.046523
0 0.399080 0.618298 0.068021 0.048105
0 0.813349 0.728997 0.062852 0.052669
0 0.582975 0.365785 0.054822 0.044720
0 0.740028 0.451175 0.060725 0.045866
0 0.793177 0.635485 0.075026 0.054902
0 0.405111 0.453685 0.049214 0.040417
0 0.589703 0.231680 0.047166 0.036693
0 0.637593 0.670570 0.070317 0.052116
0 0.569010 0.832643 0.077648 0.057669
0 0.397821 0.532617 0.049332 0.044896
0 0.613003 0.537288 0.055512 0.042754
0 0.531092 0.426956 0.059952 0.047376
0 0.558149 0.667233 0.071923 0.050326
0 0.844084 0.904850 0.074523 0.056797
0 0.595428 0.467930 0.055638 0.042253
0 0.574609 0.769098 0.084253 0.060775
0 0.623817 0.577715 0.058077 0.046380
0 0.524036 0.389727 0.053125 0.042135
0 0.585488 0.195648 0.040577 0.031061
0 0.667474 0.967604 0.061354 0.052266
0 0.858908 0.959424 0.068086 0.056608
0 0.550208 0.579756 0.069575 0.047350
0 0.554657 0.623265 0.067118 0.048145
0 0.404429 0.417520 0.043147 0.038880
0 0.545033 0.539626 0.057582 0.043587
0 0.740901 0.488877 0.057296 0.042467
0 0.562303 0.715931 0.077070 0.059987
0 0.543928 0.501917 0.049054 0.042194
0 0.731354 0.418688 0.057179 0.039616
0 0.684980 0.239450 0.048746 0.036452
0 0.596150 0.434616 0.053134 0.041615
0 0.721895 0.390632 0.055534 0.036914
0 0.589186 0.402292 0.054110 0.039531
0 0.705317 0.310238 0.044280 0.034551
0 0.713711 0.341344 0.045538 0.034993
0 0.702363 0.285160 0.045560 0.035579