0 0.623162 0.646429 0.063671 0.051067
0 0.605442 0.528486 0.052246 0.028673
0 0.630607 0.704866 0.065090 0.047150
0 0.594995 0.483836 0.043682 0.041655
0 0.611786 0.601330 0.060445 0.044823
0 0.611850 0.562279 0.051204 0.037983
0 0.402761 0.675906 0.065939 0.046324
0 0.655388 0.810805 0.075834 0.053752
0 0.640524 0.756688 0.066010 0.048991
0 0.401574 0.725986 0.078820 0.052973
0 0.405265 0.786709 0.080963 0.052584
0 0.409856 0.856821 0.071782 0.052584
0 0.406100 0.926933 0.080963 0.062600
0 0.566774 0.762921 0.061765 0.052584
0 0.576372 0.817383 0.074286 0.048828
0 0.583884 0.872471 0.075955 0.056340
0 0.587640 0.929437 0.065104 0.055088
0 0.663178 0.878105 0.064269 0.052584
0 0.664847 0.941957 0.069278 0.055088
0 0.717014 0.315330 0.046741 0.038812
0 0.772102 0.559470 0.058427 0.043820
0 0.812583 0.752905 0.062600 0.050080
0 0.825103 0.814253 0.072616 0.052584
0 0.837624 0.880609 0.070947 0.055088
0 0.871010 0.950721 0.092648 0.060096