0 0.698976 0.313265 0.051099 0.037187
0 0.789659 0.639844 0.061707 0.044311
0 0.600055 0.978536 0.080339 0.038102
0 0.396552 0.510361 0.066085 0.041815
0 0.389297 0.912077 0.074504 0.057928
0 0.391696 0.683832 0.067928 0.051857
0 0.397311 0.595100 0.050075 0.035904
0 0.398418 0.633705 0.068874 0.047361
0 0.814962 0.741447 0.061183 0.042190
0 0.401487 0.391359 0.058033 0.046835
0 0.383064 0.847035 0.076955 0.055548
0 0.587259 0.912897 0.072545 0.060623
0 0.400844 0.733076 0.053127 0.046210
0 0.803276 0.693728 0.071199 0.046910
0 0.771702 0.549239 0.067207 0.047730
0 0.630348 0.692083 0.063156 0.049026
0 0.744879 0.473312 0.066131 0.039272
0 0.585984 0.851963 0.070085 0.052283
0 0.389769 0.789590 0.073561 0.050835
0 0.399717 0.555654 0.067299 0.045564
0 0.755122 0.509195 0.069015 0.040926
0 0.570925 0.728286 0.053463 0.049238
0 0.878548 0.973897 0.074234 0.048855
0 0.401223 0.732168 0.053812 0.044851
0 0.546137 0.591620 0.062975 0.044625
0 0.775687 0.596249 0.067950 0.044762
0 0.858176 0.910532 0.073245 0.052333
0 0.540167 0.546324 0.054883 0.042568
0 0.717562 0.366113 0.055661 0.039909
0 0.554067 0.633964 0.058800 0.040064
0 0.733166 0.434270 0.054500 0.038812
0 0.845312 0.847411 0.057240 0.051293
0 0.829924 0.795899 0.072992 0.048429
0 0.577071 0.785246 0.059533 0.050503
0 0.539618 0.439989 0.052641 0.037391
0 0.559682 0.675811 0.055916 0.046515
0 0.586943 0.385442 0.051475 0.036308
0 0.543820 0.511894 0.062600 0.041316
0 0.537560 0.474960 0.045072 0.037560
0 0.604751 0.357898 0.042568 0.038812
0 0.607255 0.417994 0.052584 0.036308
0 0.597656 0.446790 0.041733 0.036308
0 0.606003 0.484976 0.056757 0.040064
0 0.609342 0.520658 0.061765 0.043820
0 0.613098 0.560722 0.062600 0.046324
0 0.614767 0.602664 0.060931 0.045072
0 0.626870 0.643980 0.063435 0.047576
0 0.638972 0.743515 0.055923 0.048828
0 0.649406 0.795473 0.063435 0.055088
0 0.663595 0.856821 0.075120 0.062600
0 0.671107 0.917543 0.065104 0.053836
0 0.691139 0.977013 0.078459 0.042568
0 0.726613 0.399214 0.060931 0.038812
0 0.696982 0.289037 0.051749 0.028796