0 0.405805 0.854521 0.071888 0.053783
0 0.403802 0.732878 0.073151 0.053776
0 0.402852 0.790420 0.075226 0.054746
0 0.791072 0.583213 0.057752 0.042337
0 0.532793 0.378437 0.052027 0.039076
0 0.832537 0.778555 0.082548 0.052943
0 0.816780 0.724186 0.069115 0.047604
0 0.616194 0.543213 0.057500 0.045111
0 0.806842 0.673949 0.071723 0.049902
0 0.768073 0.499297 0.062266 0.040638
0 0.401947 0.921354 0.063641 0.056836
0 0.873815 0.966104 0.083837 0.058548
0 0.781319 0.537441 0.060139 0.043516
0 0.406141 0.595303 0.067821 0.045475
0 0.853550 0.899958 0.072431 0.050840
0 0.548898 0.615915 0.065668 0.051686
0 0.757114 0.461530 0.058655 0.042461
0 0.844421 0.839202 0.064952 0.048730
0 0.396098 0.637868 0.069783 0.049538
0 0.803702 0.630111 0.062674 0.046823
0 0.679648 0.971686 0.074115 0.052982
0 0.545343 0.574847 0.060955 0.044395
0 0.652643 0.785407 0.074601 0.054368
0 0.743665 0.423317 0.059883 0.042038
0 0.607604 0.501842 0.062483 0.042930
0 0.404544 0.552451 0.052057 0.045540
0 0.595723 0.974759 0.086706 0.046836
0 0.561643 0.672878 0.070638 0.052214
0 0.578277 0.913092 0.070764 0.058737
0 0.636762 0.677380 0.064609 0.050501
0 0.398140 0.681976 0.054110 0.046895
0 0.571536 0.734880 0.069722 0.049928
0 0.646528 0.729974 0.061163 0.049414
0 0.723008 0.363366 0.053446 0.035221
0 0.551853 0.534329 0.062387 0.044388
0 0.635707 0.632972 0.059878 0.047780
0 0.657148 0.904395 0.061276 0.051745
0 0.580158 0.854160 0.071931 0.053867
0 0.573186 0.788086 0.064488 0.052214
0 0.658229 0.846136 0.056892 0.047090
0 0.726161 0.393271 0.050152 0.035033
0 0.406905 0.513708 0.046623 0.041348
0 0.594928 0.403783 0.057365 0.038841
0 0.692092 0.263945 0.046632 0.035573
0 0.601178 0.433245 0.051775 0.040501
0 0.542146 0.494951 0.049909 0.040319
0 0.625872 0.592555 0.058194 0.045072
0 0.608325 0.466380 0.056554 0.039674
0 0.592109 0.334307 0.053420 0.041517
0 0.589586 0.302900 0.047635 0.037871
0 0.711970 0.334717 0.044201 0.034629
0 0.586855 0.270732 0.038381 0.033952
0 0.706970 0.310293 0.054852 0.036693
0 0.580462 0.248190 0.044214 0.031211
0 0.700117 0.286738 0.049592 0.027760
0 0.416100 0.425371 0.062435 0.053958
0 0.691417 0.238047 0.039110 0.031823