0 0.851836 0.898379 0.087804 0.057500
0 0.379716 0.796221 0.068242 0.052142
0 0.778468 0.582100 0.067648 0.042702
0 0.803247 0.675127 0.063724 0.045020
0 0.603505 0.969971 0.085273 0.054785
0 0.832305 0.835931 0.074592 0.050247
0 0.585582 0.843604 0.079497 0.057441
0 0.648203 0.642204 0.062717 0.048066
0 0.660903 0.737907 0.072378 0.051999
0 0.373539 0.730824 0.069970 0.053249
0 0.789657 0.623040 0.073950 0.048646
0 0.597724 0.904450 0.075378 0.057038
0 0.398149 0.382666 0.053876 0.040150
0 0.657717 0.686930 0.060339 0.046960
0 0.823520 0.723919 0.060773 0.044583
0 0.660686 0.843366 0.058576 0.050964
0 0.688802 0.973597 0.083151 0.048900
0 0.373511 0.861110 0.062483 0.058184
0 0.825226 0.774160 0.067005 0.047617
0 0.765779 0.539453 0.055655 0.046003
0 0.588099 0.781576 0.082231 0.062122
0 0.680291 0.903099 0.069575 0.057279
0 0.667526 0.790505 0.061918 0.054486
0 0.877083 0.967712 0.068976 0.056621
0 0.530536 0.379063 0.048633 0.039740
0 0.698774 0.293688 0.044006 0.038340