0 0.387491 0.917708 0.073750 0.057448
0 0.392802 0.848786 0.080551 0.055033
0 0.392070 0.783382 0.073247 0.053535
0 0.389384 0.718037 0.068047 0.052402
0 0.651322 0.785693 0.069718 0.053548
0 0.807962 0.676657 0.075560 0.050944
0 0.588305 0.907497 0.075256 0.060163
0 0.826810 0.785622 0.076484 0.054577
0 0.850840 0.903265 0.071949 0.059368
0 0.635521 0.673932 0.067882 0.050729
0 0.572567 0.782715 0.067990 0.053451
0 0.813242 0.728532 0.069661 0.051530
0 0.779188 0.586934 0.071250 0.049336
0 0.583485 0.844320 0.073863 0.059941
0 0.573138 0.725654 0.070625 0.052533
0 0.387977 0.666693 0.065660 0.049049
0 0.842046 0.842484 0.068390 0.056673
0 0.660406 0.845303 0.063928 0.054889
0 0.558774 0.676344 0.069397 0.049811
0 0.644540 0.723050 0.059123 0.049238
0 0.789032 0.635882 0.068863 0.045710
0 0.625026 0.627699 0.062240 0.045944
0 0.391866 0.620921 0.063932 0.047181
0 0.594512 0.974076 0.076272 0.049466
0 0.624727 0.584759 0.059635 0.043555
0 0.660859 0.906159 0.059271 0.051706
0 0.877359 0.973092 0.086445 0.051172
0 0.673118 0.970355 0.063711 0.054538
0 0.692350 0.279909 0.043997 0.039557