0 0.691068 0.253919 0.041675 0.035760
0 0.357025 0.716704 0.069021 0.049652
0 0.575435 0.171583 0.040712 0.029843
0 0.403373 0.378164 0.057944 0.044878
0 0.353829 0.667408 0.070519 0.051413
0 0.801327 0.695088 0.078020 0.049614
0 0.378973 0.498122 0.063435 0.038812
0 0.358941 0.535682 0.055088 0.043820
0 0.357689 0.580128 0.050915 0.042568
0 0.356437 0.622696 0.053419 0.042568
0 0.320546 0.773563 0.075120 0.056340
0 0.315538 0.848057 0.061765 0.058844
0 0.535056 0.449920 0.051749 0.041316
0 0.536725 0.483098 0.056757 0.040064
0 0.543820 0.523162 0.055923 0.035056
0 0.553001 0.558218 0.062600 0.047576
0 0.552167 0.604542 0.057592 0.042568
0 0.562600 0.652118 0.063435 0.047576
0 0.562600 0.698443 0.055088 0.045072
0 0.568443 0.752279 0.071782 0.055088
0 0.579294 0.811749 0.073451 0.051332
0 0.581798 0.871219 0.075120 0.057592
0 0.590144 0.938827 0.075120 0.057592
0 0.598908 0.989120 0.082632 0.020458
0 0.585136 0.342248 0.051749 0.031300
0 0.587640 0.371044 0.040064 0.031300
0 0.590144 0.399214 0.045072 0.040064
0 0.598074 0.456180 0.054253 0.041316
0 0.602247 0.493740 0.057592 0.041316
0 0.609759 0.533804 0.055923 0.036308
0 0.611428 0.568860 0.045907 0.038812
0 0.619775 0.611428 0.060931 0.043820
0 0.629791 0.655874 0.049245 0.037560
0 0.633964 0.697191 0.065939 0.047576
0 0.639807 0.749149 0.062600 0.048828
0 0.652744 0.813001 0.060096 0.048828
0 0.663178 0.866211 0.057592 0.050080
0 0.676532 0.925681 0.072616 0.056340
0 0.684044 0.980356 0.067608 0.037986
0 0.714510 0.374800 0.051749 0.031300
0 0.724526 0.405474 0.056757 0.037560
0 0.729534 0.446790 0.055088 0.037560
0 0.756661 0.481220 0.057592 0.041316
0 0.755826 0.521284 0.065939 0.043820
0 0.770015 0.559470 0.064269 0.042568
0 0.782118 0.604542 0.065104 0.047576
0 0.786709 0.651492 0.067608 0.046324
0 0.813418 0.743515 0.059261 0.050080
0 0.821765 0.796099 0.065939 0.047576
0 0.840962 0.846805 0.070947 0.056340
0 0.849309 0.908153 0.080963 0.061348
0 0.871845 0.972218 0.087640 0.054262