0 0.382964 0.777507 0.075087 0.057253
0 0.567854 0.841123 0.082617 0.058027
0 0.380786 0.609476 0.065937 0.051400
0 0.387042 0.566960 0.065968 0.049336
0 0.377307 0.660938 0.073207 0.056875
0 0.803008 0.730859 0.082118 0.053346
0 0.378236 0.717904 0.080985 0.066732
0 0.576382 0.897956 0.075282 0.053490
0 0.647904 0.777445 0.070660 0.054382
0 0.630955 0.633542 0.071554 0.053164
0 0.763487 0.554697 0.070030 0.046556
0 0.621122 0.553548 0.056888 0.043737
0 0.567535 0.970472 0.090148 0.053184
0 0.539470 0.441478 0.053160 0.039245
0 0.664327 0.901595 0.061016 0.053164
0 0.557303 0.675977 0.056237 0.050755
0 0.833772 0.840104 0.081484 0.057669
0 0.618045 0.511722 0.057574 0.048197
0 0.640273 0.679870 0.059219 0.046406
0 0.790430 0.633418 0.074349 0.051432
0 0.755358 0.512891 0.063207 0.045208
0 0.739264 0.449229 0.059240 0.038509
0 0.285827 0.797552 0.081984 0.060221
0 0.563576 0.728665 0.075382 0.050677
0 0.716931 0.362051 0.056953 0.037018
0 0.800280 0.683141 0.070560 0.047376
0 0.825373 0.781182 0.066467 0.050358
0 0.641834 0.726761 0.072209 0.051178
0 0.704494 0.311709 0.052157 0.037051
0 0.723531 0.391270 0.054570 0.035938
0 0.860679 0.969919 0.084275 0.054212
0 0.611174 0.441563 0.055846 0.041237
0 0.745755 0.478571 0.056172 0.041751
0 0.601738 0.347093 0.052947 0.038783
0 0.670768 0.972161 0.076580 0.051536
0 0.393320 0.525869 0.064748 0.042793
0 0.381719 0.909297 0.073793 0.061745
0 0.845883 0.899902 0.072661 0.063620
0 0.626239 0.592552 0.052834 0.044115
0 0.562539 0.778857 0.074158 0.055645
0 0.728739 0.418288 0.053676 0.037227
0 0.534154 0.406299 0.050130 0.037806
0 0.654167 0.839411 0.070278 0.057689
0 0.553372 0.631149 0.066875 0.052363
0 0.596953 0.309492 0.053550 0.043112
0 0.394473 0.441572 0.059180 0.052181
0 0.547667 0.510876 0.058398 0.040827
0 0.553086 0.549355 0.057135 0.045677
0 0.579138 0.212044 0.042435 0.033477
0 0.405035 0.381201 0.044132 0.040736
0 0.587598 0.257682 0.049431 0.035299
0 0.604514 0.405755 0.051736 0.038346
0 0.616756 0.476943 0.057556 0.044004
0 0.582435 0.235290 0.048411 0.030788
0 0.598631 0.375505 0.053997 0.037962
0 0.684858 0.223314 0.038436 0.037279