0 0.565894 0.784206 0.072309 0.054271
0 0.564375 0.724827 0.061502 0.051178
0 0.389546 0.784229 0.069701 0.054798
0 0.791378 0.678607 0.076480 0.051107
0 0.639429 0.724193 0.074197 0.057943
0 0.397964 0.631556 0.067986 0.048281
0 0.550224 0.628799 0.064501 0.053249
0 0.391248 0.844287 0.081966 0.059824
0 0.834633 0.834678 0.072669 0.057402
0 0.545252 0.584580 0.070981 0.052949
0 0.627999 0.674339 0.074679 0.056634
0 0.805809 0.724544 0.060647 0.050612
0 0.396274 0.677354 0.070577 0.056999
0 0.407025 0.546195 0.064527 0.050475
0 0.623205 0.628327 0.057982 0.044753
0 0.648648 0.836064 0.079223 0.063509
0 0.570592 0.839782 0.076141 0.057637
0 0.748307 0.513812 0.064089 0.046569
0 0.643403 0.779310 0.057691 0.049466
0 0.763481 0.552168 0.064948 0.049375
0 0.415523 0.375413 0.059536 0.046035
0 0.580414 0.965270 0.091220 0.062077
0 0.577103 0.897350 0.081888 0.064010
0 0.620705 0.586364 0.060152 0.048613
0 0.659125 0.894629 0.083016 0.065026
0 0.613503 0.510342 0.057231 0.042871
0 0.551565 0.676146 0.067964 0.054792
0 0.529794 0.406810 0.057817 0.047396
0 0.608388 0.473558 0.056558 0.046257
0 0.597925 0.410540 0.053438 0.040273
0 0.847572 0.896204 0.073520 0.059010
0 0.809434 0.777344 0.064414 0.053294
0 0.598038 0.358203 0.053411 0.039870
0 0.743607 0.478008 0.061059 0.041589
0 0.544950 0.510296 0.059214 0.042663
0 0.391734 0.904004 0.083659 0.064831
0 0.671873 0.959854 0.083746 0.066595
0 0.860634 0.963545 0.075625 0.060163
0 0.542248 0.470374 0.062309 0.045215
0 0.731530 0.387995 0.051350 0.036497
0 0.616973 0.547188 0.058364 0.044687
0 0.771437 0.590182 0.061163 0.044505
0 0.604000 0.442734 0.056454 0.040169
0 0.710373 0.337780 0.052752 0.036133
0 0.540373 0.439837 0.050061 0.038229
0 0.737676 0.446527 0.056940 0.039707
0 0.777615 0.629456 0.077530 0.054707
0 0.404507 0.504342 0.062678 0.045742
0 0.732344 0.418600 0.059470 0.038099
0 0.548763 0.547230 0.061102 0.042962
0 0.690126 0.239857 0.042049 0.036563
0 0.402971 0.471071 0.055161 0.037702
0 0.592420 0.381364 0.043572 0.034941