0 0.797240 0.677656 0.076892 0.048672
0 0.856072 0.967471 0.090243 0.057116
0 0.810783 0.726663 0.069970 0.053353
0 0.677663 0.967207 0.075968 0.057552
0 0.786636 0.634297 0.077405 0.047188
0 0.400156 0.632891 0.076137 0.052253
0 0.394625 0.784173 0.070299 0.054635
0 0.402847 0.846117 0.070608 0.055762
0 0.737500 0.450319 0.054010 0.038841
0 0.401905 0.586423 0.067109 0.049642
0 0.557335 0.673190 0.069523 0.049805
0 0.393717 0.725645 0.060247 0.053086
0 0.406580 0.477165 0.063628 0.044056
0 0.553071 0.629463 0.067513 0.047559
0 0.818038 0.778975 0.071458 0.054460
0 0.568485 0.835378 0.075061 0.057253
0 0.416309 0.376302 0.058798 0.046784
0 0.664054 0.902467 0.080807 0.060664
0 0.393333 0.679557 0.054800 0.048346
0 0.580931 0.967754 0.088615 0.058555
0 0.605868 0.506934 0.063255 0.048555
0 0.763099 0.552298 0.068741 0.047422
0 0.565373 0.722285 0.060712 0.054609
0 0.530308 0.508649 0.066155 0.049290
0 0.630981 0.630951 0.074540 0.048737
0 0.401634 0.544001 0.064032 0.045332
0 0.647585 0.783408 0.066263 0.053770
0 0.725864 0.387562 0.052465 0.041426
0 0.624596 0.588216 0.064835 0.048307
0 0.754136 0.516549 0.059661 0.041849
0 0.845299 0.897194 0.081780 0.061641
0 0.653594 0.837760 0.074931 0.060130
0 0.574937 0.898480 0.079006 0.063587
0 0.634010 0.675749 0.065738 0.049701
0 0.831866 0.834941 0.069809 0.055924
0 0.643069 0.729336 0.054670 0.046328
0 0.551204 0.586855 0.071228 0.046484
0 0.565260 0.777174 0.060321 0.053763
0 0.532643 0.440075 0.054592 0.041100
0 0.534998 0.411123 0.054839 0.037507
0 0.690729 0.240107 0.040642 0.035566
0 0.540829 0.474574 0.063056 0.039980
0 0.541599 0.548193 0.055603 0.043262
0 0.534099 0.377764 0.051445 0.041335