0 0.356220 0.702320 0.073274 0.051873
0 0.654166 0.846203 0.067033 0.054163
0 0.775503 0.591692 0.065369 0.060766
0 0.667894 0.904332 0.059525 0.050940
0 0.619867 0.587897 0.059824 0.052248
0 0.745078 0.468915 0.065460 0.047150
0 0.762349 0.544984 0.063123 0.044914
0 0.625103 0.634030 0.062443 0.050831
0 0.356383 0.650825 0.071638 0.052091
0 0.752318 0.508735 0.067188 0.040583
0 0.359201 0.754597 0.055003 0.054694
0 0.786587 0.644129 0.066690 0.049516
0 0.724900 0.413047 0.057903 0.043847
0 0.640433 0.731374 0.061021 0.050451
0 0.636708 0.680621 0.058769 0.044281
0 0.567770 0.840793 0.072634 0.057235
0 0.584800 0.972941 0.088188 0.048671
0 0.802546 0.686039 0.057287 0.045829
0 0.370510 0.565543 0.067502 0.047356
0 0.554721 0.668752 0.062597 0.049621
0 0.566121 0.779496 0.056783 0.057538
0 0.374556 0.516776 0.062302 0.045893
0 0.613316 0.516074 0.058825 0.043417
0 0.544866 0.536818 0.064951 0.047319
0 0.400863 0.473012 0.057181 0.046725
0 0.566127 0.727558 0.068657 0.052764
0 0.617212 0.548156 0.052516 0.040126
0 0.551704 0.581231 0.063857 0.048415
0 0.589194 0.384520 0.056988 0.035717
0 0.602071 0.442931 0.056142 0.045012
0 0.649994 0.783395 0.069829 0.050019
0 0.365036 0.608719 0.050909 0.041850
0 0.401176 0.435834 0.059824 0.045800
0 0.530297 0.385389 0.044831 0.039201
0 0.808220 0.737751 0.065702 0.052252
0 0.542349 0.499886 0.050167 0.040723
0 0.597489 0.410826 0.052526 0.038648
0 0.712462 0.345703 0.050573 0.041081
0 0.833000 0.787451 0.066987 0.045964
0 0.850568 0.841333 0.086791 0.055413
0 0.701202 0.295904 0.050764 0.029571
0 0.668311 0.979974 0.061529 0.034799
0 0.690833 0.233516 0.044014 0.031686
0 0.608526 0.478395 0.053885 0.036082
0 0.550871 0.619980 0.062566 0.042429
0 0.707376 0.320933 0.048430 0.034538
0 0.852803 0.906625 0.072522 0.055716
0 0.527635 0.357148 0.049666 0.035645
0 0.716874 0.375973 0.047143 0.033285
0 0.588409 0.300123 0.045136 0.035124
0 0.865094 0.972639 0.086118 0.050096
0 0.358813 0.808273 0.076419 0.060598
0 0.407662 0.384155 0.056347 0.043720
0 0.585202 0.324913 0.039932 0.035920
0 0.578459 0.910657 0.076790 0.058844
0 0.590979 0.357898 0.051749 0.035056
0 0.587223 0.279021 0.037560 0.032552
0 0.581798 0.254607 0.038395 0.028796
0 0.580963 0.235827 0.038395 0.026292
0 0.580128 0.212039 0.041733 0.031300
0 0.577624 0.193259 0.041733 0.026292
0 0.573034 0.167593 0.032552 0.027544
0 0.686131 0.210787 0.046741 0.028796