0 0.387994 0.730497 0.071434 0.056893
0 0.389771 0.680100 0.051876 0.048962
0 0.329726 0.477894 0.024772 0.051970
0 0.385240 0.631283 0.068552 0.056203
0 0.781376 0.604049 0.068365 0.044734
0 0.570735 0.737115 0.066361 0.052254
0 0.567788 0.678844 0.068407 0.051265
0 0.742809 0.472135 0.058422 0.043322
0 0.390715 0.584705 0.069301 0.051393
0 0.619408 0.512871 0.064057 0.044639
0 0.564924 0.630022 0.063453 0.044245
0 0.388868 0.851998 0.079966 0.062416
0 0.637120 0.688779 0.060318 0.046397
0 0.617599 0.557441 0.054380 0.045742
0 0.790669 0.647908 0.066175 0.046768
0 0.769871 0.559553 0.062217 0.041999
0 0.734727 0.439703 0.056922 0.039102
0 0.809907 0.739478 0.077206 0.052058
0 0.805460 0.692906 0.059186 0.045073
0 0.642143 0.645509 0.068814 0.051032
0 0.723703 0.399041 0.055396 0.039689
0 0.402460 0.509022 0.059432 0.044090
0 0.629866 0.601194 0.060779 0.044864
0 0.646297 0.735944 0.064962 0.048086
0 0.547361 0.498677 0.051552 0.042023
0 0.551610 0.543518 0.061858 0.043254
0 0.381979 0.972098 0.072535 0.051854
0 0.608200 0.471250 0.057346 0.040540
0 0.399691 0.468979 0.060918 0.039180
0 0.383329 0.911547 0.063013 0.064163
0 0.410732 0.435814 0.060390 0.037462
0 0.548030 0.432847 0.052746 0.037403
0 0.571537 0.790566 0.064172 0.055385
0 0.643083 0.779282 0.057101 0.048040
0 0.394420 0.782123 0.062941 0.054014
0 0.610346 0.436641 0.049330 0.038015
0 0.840261 0.879784 0.070164 0.048997
0 0.582832 0.165157 0.044736 0.030812
0 0.549461 0.401278 0.053687 0.035242
0 0.587128 0.901677 0.083511 0.056906
0 0.544940 0.469156 0.051730 0.033852
0 0.580015 0.839826 0.074434 0.051067
0 0.658789 0.840759 0.069044 0.047760
0 0.544951 0.368999 0.049682 0.034346
0 0.604196 0.321580 0.047400 0.035190
0 0.827425 0.818846 0.082571 0.051764
0 0.404848 0.387946 0.058427 0.043820
0 0.413194 0.355394 0.041733 0.033804
0 0.600160 0.966997 0.083467 0.060096
0 0.666099 0.900641 0.058427 0.052584
0 0.676532 0.975135 0.062600 0.046324
0 0.608507 0.411734 0.051749 0.036308
0 0.606003 0.383564 0.056757 0.035056
0 0.603082 0.354142 0.050915 0.036308
0 0.601412 0.297801 0.042568 0.028796
0 0.596822 0.270883 0.038395 0.032552
0 0.596404 0.248973 0.045907 0.026292
0 0.590979 0.228315 0.045072 0.027544
0 0.590144 0.206405 0.050080 0.028796
0 0.862246 0.948217 0.073451 0.057592
0 0.718683 0.370418 0.045072 0.031300
0 0.715345 0.342874 0.048411 0.031300
0 0.713258 0.317208 0.044237 0.027544
0 0.708667 0.294671 0.056757 0.032552
0 0.699069 0.271509 0.050915 0.028796
0 0.694478 0.249599 0.051749 0.027544
0 0.684462 0.225185 0.051749 0.036308
0 0.681123 0.196389 0.048411 0.031300