0 0.800682 0.687373 0.078265 0.050286
0 0.354372 0.784728 0.078078 0.055697
0 0.772049 0.571381 0.054746 0.042948
0 0.848943 0.902424 0.071634 0.052590
0 0.815938 0.737726 0.070297 0.048734
0 0.823826 0.789728 0.070167 0.050981
0 0.845907 0.842040 0.089437 0.050567
0 0.784100 0.640636 0.064213 0.051824
0 0.353420 0.731037 0.055246 0.050238
0 0.377379 0.683733 0.066143 0.050494
0 0.762930 0.526844 0.057539 0.053727
0 0.747776 0.460922 0.060933 0.042219
0 0.743218 0.424382 0.057767 0.039068
0 0.866993 0.971341 0.082508 0.052665
0 0.643687 0.732736 0.061889 0.049682
0 0.565335 0.675737 0.066523 0.046363
0 0.570113 0.787790 0.077871 0.055554
0 0.615158 0.416971 0.053575 0.040061
0 0.551120 0.470704 0.055547 0.037757
0 0.565685 0.728726 0.069150 0.048202
0 0.628350 0.597181 0.065068 0.046077
0 0.560876 0.626695 0.058802 0.045271
0 0.553744 0.541175 0.064037 0.048024
0 0.726625 0.367352 0.055899 0.037431
0 0.652104 0.785066 0.061161 0.048851
0 0.754836 0.496006 0.054807 0.042034
0 0.555427 0.583694 0.060994 0.047145
0 0.622443 0.555329 0.058500 0.043632
0 0.629953 0.640737 0.048867 0.037662
0 0.713929 0.331829 0.052911 0.041764
0 0.618219 0.513140 0.058693 0.043200
0 0.382443 0.634105 0.069384 0.049122
0 0.595155 0.320079 0.050380 0.039224
0 0.656127 0.842230 0.065017 0.054223
0 0.580966 0.232899 0.036720 0.031703
0 0.593486 0.380524 0.046194 0.041122
0 0.612451 0.474463 0.052281 0.042674
0 0.401275 0.445815 0.057836 0.042282
0 0.680112 0.188639 0.039711 0.026768
0 0.689742 0.233789 0.044528 0.028475
0 0.591500 0.352628 0.041700 0.037908
0 0.633051 0.681421 0.052860 0.047332
0 0.569354 0.838582 0.071860 0.047809
0 0.699379 0.261541 0.048625 0.033710
0 0.414542 0.378417 0.058944 0.049231
0 0.590497 0.288478 0.038882 0.030407
0 0.388439 0.589872 0.050935 0.042937
0 0.663863 0.906700 0.054552 0.055490
0 0.675083 0.973491 0.076972 0.047420
0 0.390681 0.552391 0.063997 0.046393
0 0.583770 0.261927 0.036256 0.035187
0 0.608832 0.444890 0.050162 0.030981
0 0.551226 0.505198 0.050415 0.037157
0 0.401354 0.478320 0.052873 0.039239
0 0.378973 0.854943 0.080128 0.053836
0 0.418202 0.343500 0.051749 0.035056
0 0.425714 0.318460 0.056757 0.035056
0 0.403178 0.415490 0.045072 0.036308
0 0.578459 0.909405 0.070112 0.055088
0 0.582215 0.968875 0.082632 0.053836
0 0.580546 0.210787 0.035891 0.032552
0 0.685714 0.213291 0.045907 0.025040
0 0.702275 0.289084 0.049765 0.033259
0 0.706573 0.310336 0.050931 0.033834
0 0.733707 0.398588 0.058427 0.032552
0 0.396487 0.516580 0.066239 0.044614