0 0.647290 0.710778 0.070472 0.053158
0 0.766489 0.579913 0.066946 0.044624
0 0.630460 0.659798 0.066682 0.052693
0 0.803127 0.710976 0.078860 0.053483
0 0.647359 0.822076 0.067011 0.054018
0 0.737942 0.465296 0.067659 0.041804
0 0.830722 0.879809 0.083090 0.060532
0 0.782592 0.662809 0.074564 0.054908
0 0.622079 0.614298 0.069662 0.051190
0 0.563248 0.819733 0.072990 0.058983
0 0.745321 0.501763 0.065172 0.052017
0 0.558399 0.763933 0.077344 0.053979
0 0.778312 0.617279 0.055161 0.043561
0 0.715219 0.371673 0.060178 0.040394
0 0.846925 0.950386 0.086309 0.056012
0 0.551488 0.662053 0.070636 0.056502
0 0.584737 0.336242 0.040664 0.043025
0 0.367726 0.607824 0.071113 0.055454
0 0.758018 0.536452 0.060834 0.042977
0 0.544323 0.572377 0.058030 0.042197
0 0.736845 0.428484 0.064701 0.045375
0 0.368466 0.564549 0.064436 0.050307
0 0.659973 0.880624 0.064198 0.054714
0 0.362702 0.657347 0.074275 0.058465
0 0.702264 0.341791 0.053231 0.041239
0 0.692033 0.268533 0.050645 0.035264
0 0.358249 0.771573 0.076797 0.060025
0 0.611371 0.535101 0.056038 0.044982
0 0.816752 0.820035 0.068217 0.061234
0 0.543657 0.497387 0.051247 0.044732
0 0.723589 0.399801 0.060691 0.033897
0 0.573826 0.941415 0.081228 0.056325
0 0.572228 0.882019 0.068002 0.058739
0 0.365403 0.713751 0.062196 0.055771
0 0.667185 0.955969 0.067940 0.062121
0 0.604882 0.464426 0.056226 0.043955
0 0.695070 0.317880 0.044030 0.035902
0 0.616108 0.571756 0.053241 0.041784
0 0.373415 0.523519 0.065896 0.042256
0 0.357551 0.828682 0.074561 0.056277
0 0.539986 0.458597 0.056618 0.040509
0 0.598944 0.431198 0.049174 0.037445
0 0.574360 0.216462 0.046487 0.043705
0 0.594318 0.399840 0.050080 0.042568
0 0.542568 0.618314 0.070112 0.046324
0 0.403737 0.360588 0.057875 0.049200
0 0.378138 0.486854 0.051749 0.043820
0 0.348090 0.892503 0.083467 0.058844
0 0.685506 0.246933 0.045074 0.029396