0 0.661124 0.880964 0.074818 0.054688
0 0.865384 0.894941 0.089206 0.055924
0 0.842480 0.839648 0.082339 0.051250
0 0.834247 0.780830 0.068832 0.055085
0 0.817663 0.727656 0.075404 0.051654
0 0.810202 0.675488 0.077183 0.049805
0 0.874395 0.969248 0.088424 0.055098
0 0.390660 0.750980 0.073837 0.060866
0 0.777823 0.585609 0.069701 0.049017
0 0.564553 0.827725 0.071302 0.058887
0 0.756502 0.501820 0.064054 0.041673
0 0.736098 0.432529 0.057726 0.040540
0 0.794740 0.630957 0.062344 0.049245
0 0.389312 0.802907 0.063711 0.054499
0 0.670946 0.952406 0.062639 0.051048
0 0.564510 0.703343 0.073264 0.060384
0 0.546849 0.606660 0.058698 0.048464
0 0.744902 0.466865 0.058893 0.038939
0 0.570499 0.760049 0.076458 0.058457
0 0.577619 0.884023 0.074987 0.058698
0 0.388531 0.592454 0.067652 0.050117
0 0.386628 0.636364 0.065538 0.052962
0 0.764779 0.539779 0.061806 0.048060
0 0.638737 0.723438 0.053264 0.043034
0 0.626949 0.629492 0.056875 0.044909
0 0.655760 0.824232 0.065373 0.052682
0 0.393312 0.473877 0.058767 0.041478
0 0.649583 0.771969 0.066875 0.055254
0 0.381764 0.692842 0.080395 0.062676
0 0.589870 0.957139 0.084896 0.061348
0 0.377031 0.923831 0.077847 0.061595
0 0.712296 0.336335 0.056675 0.037409
0 0.548485 0.559958 0.060634 0.046595
0 0.394881 0.544574 0.061671 0.051712
0 0.619067 0.589007 0.061901 0.048145
0 0.632609 0.673786 0.065938 0.049382
0 0.720247 0.364460 0.059618 0.040039
0 0.730488 0.396637 0.057678 0.041738
0 0.378242 0.856732 0.064922 0.057786
0 0.618435 0.508317 0.060612 0.046022
0 0.547836 0.521943 0.061072 0.043210
0 0.625747 0.549492 0.062804 0.047956
0 0.595111 0.316722 0.039918 0.040749
0 0.594718 0.351322 0.050807 0.038086
0 0.542591 0.446458 0.051970 0.037461
0 0.544421 0.481712 0.053954 0.042513
0 0.537799 0.415703 0.042526 0.036185
0 0.396209 0.509199 0.061793 0.042148
0 0.599073 0.412992 0.056931 0.041855
0 0.590158 0.382572 0.057426 0.036680
0 0.609954 0.472357 0.052947 0.041068
0 0.690955 0.239443 0.040095 0.036725
0 0.702678 0.292884 0.048707 0.031419
0 0.610397 0.442080 0.045299 0.036478
0 0.695736 0.270980 0.050629 0.030736
0 0.705885 0.312174 0.043429 0.029010