0 0.380766 0.609535 0.066072 0.050944
0 0.567693 0.841208 0.082565 0.057871
0 0.386929 0.567002 0.066332 0.049186
0 0.383279 0.777633 0.075317 0.058717
0 0.377255 0.661042 0.073338 0.056732
0 0.576076 0.897835 0.075417 0.053783
0 0.802936 0.730768 0.082409 0.053503
0 0.378043 0.718122 0.081424 0.067845
0 0.631013 0.633389 0.071602 0.053105
0 0.647947 0.777425 0.070694 0.054121
0 0.763811 0.554668 0.070955 0.046810
0 0.621228 0.553145 0.057135 0.043880
0 0.557485 0.675524 0.056602 0.049915
0 0.567441 0.970589 0.090022 0.053105
0 0.664349 0.901712 0.061372 0.052682
0 0.617802 0.511133 0.057530 0.047878
0 0.539531 0.441719 0.052578 0.039779
0 0.833537 0.839736 0.081510 0.057884
0 0.640247 0.679652 0.059262 0.046400
0 0.739245 0.448851 0.058898 0.038379
0 0.790668 0.633281 0.074314 0.051784
0 0.285688 0.796742 0.081454 0.058717
0 0.755801 0.512529 0.062852 0.045527
0 0.611046 0.441357 0.055677 0.041217
0 0.717153 0.361908 0.056806 0.036406
0 0.563513 0.728721 0.075039 0.051191
0 0.799900 0.683167 0.070278 0.046478
0 0.825473 0.781465 0.066580 0.051263
0 0.723585 0.391087 0.055035 0.036576
0 0.705063 0.311279 0.053355 0.037220
0 0.553448 0.631719 0.067826 0.050104
0 0.745720 0.478594 0.056076 0.040521
0 0.601712 0.347275 0.053598 0.039525
0 0.860968 0.969697 0.085686 0.054707
0 0.552967 0.583382 0.070499 0.053079
0 0.642096 0.727064 0.072005 0.052227
0 0.670773 0.972090 0.077422 0.051953
0 0.844909 0.899681 0.073681 0.065182
0 0.625924 0.592152 0.052153 0.042767
0 0.381152 0.909196 0.074718 0.061335
0 0.397027 0.495150 0.049540 0.039766
0 0.393707 0.526400 0.063767 0.042695
0 0.381803 0.836969 0.075959 0.065020
0 0.562068 0.779368 0.073016 0.056211
0 0.728824 0.417516 0.053403 0.036999
0 0.547676 0.509346 0.057791 0.039616
0 0.653646 0.839613 0.069332 0.057585
0 0.552311 0.545169 0.056801 0.039596
0 0.533351 0.407207 0.049748 0.038060
0 0.592491 0.280433 0.051111 0.036504
0 0.596144 0.309359 0.054284 0.043796
0 0.603939 0.405179 0.051888 0.038301
0 0.396022 0.440384 0.055838 0.051133
0 0.615907 0.476104 0.058385 0.042832
0 0.578898 0.212344 0.042257 0.033880
0 0.404640 0.381279 0.044661 0.042012
0 0.599021 0.374691 0.053077 0.037129
0 0.582157 0.235420 0.047648 0.030449
0 0.588605 0.256403 0.048051 0.031660
0 0.531758 0.371810 0.042908 0.040742
0 0.684846 0.224238 0.038438 0.034623