0 0.401211 0.634277 0.068568 0.050195
0 0.395441 0.797145 0.077852 0.056947
0 0.790273 0.633532 0.075165 0.049121
0 0.395779 0.472015 0.044379 0.039043
0 0.399531 0.740703 0.065668 0.050820
0 0.689844 0.950420 0.075000 0.054342
0 0.382470 0.915785 0.062847 0.053132
0 0.390734 0.679811 0.071528 0.054844
0 0.670276 0.884779 0.061793 0.053398
0 0.659625 0.768473 0.079883 0.058639
0 0.394095 0.852529 0.063702 0.055892
0 0.815764 0.732305 0.076458 0.052552
0 0.652253 0.667673 0.070590 0.051061
0 0.830822 0.839365 0.072513 0.052233
0 0.588435 0.880511 0.076740 0.058158
0 0.556625 0.483682 0.053433 0.042363
0 0.558116 0.524040 0.063950 0.046165
0 0.848694 0.897904 0.085130 0.060859
0 0.666591 0.826885 0.069145 0.057441
0 0.747643 0.475508 0.062257 0.041732
0 0.654868 0.717139 0.073398 0.053770
0 0.804004 0.683900 0.069319 0.051094
0 0.573114 0.650872 0.069527 0.047630
0 0.570124 0.601559 0.063199 0.047884
0 0.637986 0.581722 0.057092 0.045879
0 0.395933 0.540944 0.066215 0.046042
0 0.576875 0.697767 0.068403 0.052721
0 0.555061 0.444297 0.045095 0.042305
0 0.574746 0.748590 0.065673 0.051074
0 0.825137 0.778779 0.072148 0.048509
0 0.393025 0.577311 0.062439 0.049792
0 0.872682 0.955361 0.093151 0.063210
0 0.756743 0.508073 0.063702 0.046823
0 0.601100 0.949076 0.063459 0.058151
0 0.644110 0.620684 0.056936 0.046667
0 0.566107 0.560186 0.057005 0.044368
0 0.631226 0.539652 0.057773 0.050007
0 0.740907 0.439437 0.056337 0.043379
0 0.611599 0.429854 0.056584 0.043340
0 0.579115 0.812520 0.078273 0.058216
0 0.624696 0.501029 0.056311 0.044388
0 0.617077 0.465205 0.053798 0.039928
0 0.766443 0.547568 0.064735 0.046608
0 0.720527 0.366344 0.041793 0.042624
0 0.696020 0.263923 0.046753 0.030814
0 0.777754 0.585420 0.058511 0.048509
0 0.582871 0.222409 0.041871 0.034010
0 0.608466 0.400443 0.044918 0.036367
0 0.698283 0.289587 0.044397 0.036152
0 0.582051 0.197865 0.039449 0.035299