0 0.777004 0.576540 0.073892 0.047839
0 0.785419 0.621068 0.069949 0.048305
0 0.383974 0.717073 0.062868 0.052083
0 0.817140 0.767349 0.082717 0.053867
0 0.745264 0.481077 0.061435 0.042552
0 0.766101 0.524273 0.061909 0.046401
0 0.388937 0.766375 0.071641 0.056547
0 0.586456 0.291813 0.051303 0.043017
0 0.798916 0.714932 0.075752 0.053142
0 0.739976 0.445283 0.060091 0.042697
0 0.549432 0.614262 0.063558 0.053040
0 0.387829 0.829286 0.063553 0.053124
0 0.555502 0.713634 0.078046 0.053434
0 0.583157 0.226401 0.050700 0.037632
0 0.797227 0.667823 0.068175 0.050836
0 0.554376 0.662088 0.071069 0.052778
0 0.628885 0.669285 0.067751 0.051861
0 0.378944 0.660752 0.077131 0.060645
0 0.824652 0.824160 0.082536 0.056807
0 0.676013 0.187588 0.036544 0.034957
0 0.618383 0.584854 0.068008 0.052470
0 0.537464 0.486987 0.059904 0.040331
0 0.567336 0.766968 0.081011 0.053661
0 0.712440 0.350216 0.056647 0.045190
0 0.617175 0.627332 0.059770 0.046478
0 0.632013 0.717638 0.068713 0.050911
0 0.389234 0.400891 0.048842 0.044909
0 0.688930 0.262482 0.054008 0.033079
0 0.650577 0.822328 0.077785 0.060223
0 0.540731 0.564696 0.057040 0.051437
0 0.733544 0.406289 0.064181 0.045155
0 0.540104 0.526207 0.055881 0.043576
0 0.380212 0.619827 0.061335 0.046936
0 0.594497 0.368464 0.053629 0.040598
0 0.382795 0.542462 0.067477 0.041527
0 0.598160 0.399720 0.054882 0.044764
0 0.660473 0.131709 0.040981 0.034461
0 0.646861 0.767398 0.055775 0.050150
0 0.411001 0.355681 0.058709 0.052465
0 0.571555 0.823390 0.076612 0.057988
0 0.613249 0.536309 0.060444 0.052730
0 0.605674 0.498686 0.059336 0.052053
0 0.605601 0.432888 0.050884 0.037820
0 0.711162 0.320305 0.048429 0.037626
0 0.603372 0.464318 0.055342 0.042568
0 0.845287 0.881479 0.075979 0.053216
0 0.383981 0.576998 0.065104 0.042568
0 0.575120 0.884365 0.071782 0.058844
0 0.580963 0.960111 0.086806 0.062600
0 0.675280 0.959485 0.085136 0.061348
0 0.657335 0.889373 0.069278 0.061348
0 0.849726 0.957607 0.075120 0.055088
0 0.536725 0.455554 0.051749 0.035056
0 0.586388 0.267753 0.044237 0.037560
0 0.593066 0.340996 0.052584 0.038812
0 0.696982 0.288411 0.043403 0.041316