0 0.565200 0.738151 0.076140 0.056260
0 0.332200 0.783888 0.075245 0.062789
0 0.336003 0.846191 0.068892 0.055765
0 0.320075 0.909021 0.072190 0.059825
0 0.656760 0.845159 0.067945 0.053699
0 0.641204 0.732175 0.055579 0.049902
0 0.649400 0.783249 0.064150 0.056414
0 0.573903 0.789690 0.071302 0.053436
0 0.724376 0.370933 0.052263 0.039593
0 0.776305 0.555879 0.063454 0.045194
0 0.631961 0.686991 0.072348 0.047429
0 0.738831 0.413219 0.054983 0.039380
0 0.791474 0.649886 0.073229 0.050296
0 0.335041 0.715687 0.075015 0.054343
0 0.554389 0.678089 0.069842 0.050787
0 0.767564 0.519005 0.057976 0.045263
0 0.747910 0.446762 0.063843 0.040977
0 0.574472 0.842083 0.072536 0.053089
0 0.667685 0.911826 0.059547 0.056290
0 0.552823 0.629286 0.063006 0.047161
0 0.875933 0.972118 0.090644 0.050078
0 0.800528 0.688869 0.060098 0.049043
0 0.621179 0.594061 0.064234 0.050405
0 0.354736 0.576864 0.063965 0.052884
0 0.822377 0.788903 0.065969 0.048777
0 0.628523 0.639272 0.067155 0.053696
0 0.611448 0.450585 0.042950 0.032483
0 0.695720 0.268003 0.041066 0.041387
0 0.803348 0.739778 0.073447 0.052703
0 0.340242 0.667399 0.053939 0.050082
0 0.624205 0.556066 0.051238 0.042955
0 0.790511 0.604257 0.075635 0.050512
0 0.551484 0.554147 0.065839 0.044025
0 0.760946 0.481141 0.065351 0.044838
0 0.553275 0.514766 0.061681 0.042193
0 0.610185 0.481869 0.057193 0.036621
0 0.618341 0.516342 0.058827 0.043693
0 0.710604 0.346259 0.045051 0.037927
0 0.334491 0.621083 0.073899 0.053014
0 0.548044 0.474971 0.043260 0.039655
0 0.347710 0.535979 0.065485 0.044545
0 0.681799 0.972558 0.065861 0.049648
0 0.579106 0.211225 0.041640 0.037045
0 0.843679 0.842097 0.081710 0.051427
0 0.358034 0.500888 0.063110 0.046195
0 0.579080 0.970056 0.087053 0.055155
0 0.579572 0.908900 0.070815 0.057109
0 0.849507 0.911755 0.071577 0.055967