0 0.773747 0.583022 0.070580 0.047231
0 0.880762 0.959255 0.089287 0.056028
0 0.781946 0.628779 0.069590 0.045370
0 0.753268 0.496751 0.063037 0.045136
0 0.762763 0.537316 0.068919 0.045952
0 0.593483 0.222681 0.046741 0.036308
0 0.745046 0.462962 0.059614 0.038608
0 0.705374 0.339159 0.052033 0.037723
0 0.583838 0.888749 0.078552 0.063849
0 0.394978 0.615043 0.063901 0.048222
0 0.410453 0.894445 0.087416 0.061586
0 0.829483 0.787778 0.066854 0.050051
0 0.791866 0.673942 0.063230 0.047525
0 0.599236 0.293419 0.048590 0.037560
0 0.800547 0.720712 0.060668 0.042323
0 0.399427 0.573578 0.050906 0.045652
0 0.845125 0.842786 0.064725 0.049669
0 0.598720 0.362881 0.041275 0.041366
0 0.407657 0.960595 0.075805 0.057618
0 0.405265 0.379182 0.057592 0.043820
0 0.411108 0.414238 0.057592 0.043820
0 0.413612 0.451798 0.045907 0.038812
0 0.402761 0.486854 0.064269 0.048828
0 0.401509 0.526292 0.063435 0.047576
0 0.404848 0.667768 0.068443 0.055088
0 0.402761 0.719727 0.057592 0.053836
0 0.404430 0.772311 0.054253 0.051332
0 0.399005 0.833033 0.078459 0.055088
0 0.591814 0.966997 0.083467 0.062600
0 0.584302 0.805489 0.066774 0.052584
0 0.578042 0.752279 0.079294 0.051332
0 0.573451 0.696565 0.066774 0.050080
0 0.564269 0.640850 0.060096 0.048828
0 0.560513 0.596404 0.062600 0.042568
0 0.555923 0.553836 0.060096 0.045072
0 0.556757 0.515024 0.053419 0.040064
0 0.554253 0.475586 0.060096 0.038812
0 0.547993 0.445538 0.055923 0.041316
0 0.543820 0.410482 0.054253 0.038812
0 0.675698 0.966997 0.069278 0.060096
0 0.664012 0.898137 0.062600 0.052584
0 0.662343 0.811749 0.070947 0.057592
0 0.657752 0.756035 0.060096 0.048828
0 0.645232 0.700947 0.065104 0.051332
0 0.641476 0.649614 0.069278 0.051332
0 0.636468 0.606420 0.060931 0.047576
0 0.624366 0.563852 0.060096 0.045072
0 0.620192 0.521284 0.065104 0.042568
0 0.616019 0.484350 0.056757 0.041316
0 0.609759 0.451798 0.054253 0.036308
0 0.602664 0.416742 0.048411 0.036308
0 0.601412 0.389824 0.055923 0.035056
0 0.606420 0.341622 0.042568 0.038812
0 0.606003 0.315956 0.036725 0.030048
0 0.602247 0.270257 0.044237 0.028796
0 0.596822 0.248973 0.036725 0.028796
0 0.593066 0.205779 0.049245 0.027544
0 0.854317 0.900015 0.065939 0.053836
0 0.730786 0.427384 0.055923 0.037560
0 0.731621 0.395458 0.045907 0.033804
0 0.720353 0.367914 0.056757 0.041316
0 0.697817 0.312826 0.040064 0.028796
0 0.698651 0.289663 0.045072 0.030048
0 0.685714 0.267753 0.040899 0.031300
0 0.686131 0.243965 0.046741 0.026292
0 0.684879 0.222055 0.040899 0.030048
0 0.682792 0.200771 0.033387 0.032552