0 0.388976 0.755352 0.081849 0.054805
0 0.379861 0.960931 0.083958 0.064023
0 0.627201 0.612871 0.055469 0.043828
0 0.392374 0.809382 0.061953 0.054974
0 0.379783 0.883122 0.089661 0.065293
0 0.388785 0.651738 0.065087 0.049427
0 0.548572 0.552008 0.063307 0.042415
0 0.642839 0.708789 0.071111 0.051406
0 0.835974 0.831221 0.071445 0.053066
0 0.723505 0.374665 0.056263 0.038145
0 0.553672 0.592926 0.049219 0.043379
0 0.556973 0.636634 0.059666 0.048893
0 0.580132 0.822324 0.069944 0.055534
0 0.385024 0.697516 0.053407 0.048340
0 0.389824 0.609069 0.067886 0.044271
0 0.560584 0.696963 0.072235 0.049889
0 0.389000 0.563538 0.049796 0.043900
0 0.570822 0.753428 0.073529 0.054902
0 0.592177 0.961123 0.084023 0.061895
0 0.589542 0.885212 0.077669 0.061270
0 0.662830 0.834154 0.075582 0.056484
0 0.779987 0.620410 0.072543 0.047005
0 0.601471 0.262487 0.036701 0.035781
0 0.856641 0.899473 0.071528 0.051146
0 0.388637 0.519902 0.063533 0.045443
0 0.398392 0.416777 0.060430 0.040078
0 0.649996 0.761488 0.069800 0.052546
0 0.833114 0.768509 0.083407 0.053581
0 0.634983 0.658555 0.065026 0.046120
0 0.817129 0.714401 0.067635 0.046875
0 0.792750 0.666188 0.062826 0.047311
0 0.613995 0.531794 0.058841 0.040553
0 0.743340 0.440615 0.056940 0.037441
0 0.542248 0.444020 0.055017 0.041191
0 0.869206 0.962705 0.064444 0.051569
0 0.389826 0.480661 0.066458 0.045684
0 0.543861 0.513171 0.053572 0.042578
0 0.617708 0.568870 0.060304 0.047298
0 0.537075 0.377786 0.040130 0.036276
0 0.535538 0.479189 0.053438 0.039395
0 0.595399 0.363932 0.051068 0.036471
0 0.670438 0.895622 0.064983 0.059720
0 0.669164 0.966670 0.059579 0.054629
0 0.769503 0.581230 0.067096 0.043529
0 0.606736 0.457907 0.054931 0.039447
0 0.752630 0.477422 0.057908 0.040339
0 0.394243 0.448714 0.045855 0.037376
0 0.541688 0.411982 0.045243 0.036621
0 0.760356 0.547191 0.064175 0.043275
0 0.602480 0.302835 0.049588 0.040085
0 0.609868 0.491559 0.053685 0.044525
0 0.756840 0.513441 0.060556 0.040931
0 0.597276 0.395967 0.056636 0.038639
0 0.680649 0.219277 0.039136 0.030781
0 0.604431 0.426104 0.054896 0.039551
0 0.698030 0.289307 0.052613 0.037585
0 0.703383 0.316676 0.044839 0.036673
0 0.712385 0.344766 0.042808 0.035898
0 0.686788 0.266673 0.049939 0.029948
0 0.682849 0.243926 0.047617 0.028971