0 0.810455 0.736783 0.080420 0.050780
0 0.804598 0.689690 0.076848 0.046282
0 0.780648 0.601466 0.061683 0.044660
0 0.837690 0.848383 0.072852 0.050359
0 0.766069 0.516132 0.069964 0.042148
0 0.754069 0.478142 0.058958 0.042485
0 0.401702 0.443721 0.051156 0.040768
0 0.817294 0.789648 0.061078 0.052952
0 0.775745 0.555552 0.066113 0.050318
0 0.398859 0.548899 0.048469 0.042973
0 0.543549 0.379801 0.053870 0.037802
0 0.669444 0.153566 0.042552 0.030794
0 0.650518 0.787747 0.062358 0.047828
0 0.695840 0.260380 0.042941 0.038588
0 0.400630 0.516562 0.054063 0.039976
0 0.413575 0.384640 0.060155 0.045687
0 0.392635 0.671327 0.053302 0.054825
0 0.316109 0.680464 0.070815 0.050256
0 0.388828 0.733004 0.070054 0.050256
0 0.340095 0.778692 0.059393 0.050256
0 0.335146 0.844367 0.060155 0.053682
0 0.335526 0.903760 0.065485 0.060535
0 0.553682 0.514277 0.061678 0.037692
0 0.551779 0.548543 0.051779 0.044545
0 0.562058 0.594801 0.054063 0.047971
0 0.568531 0.682177 0.062439 0.051398
0 0.570434 0.729578 0.064723 0.047971
0 0.573480 0.789542 0.070815 0.049114
0 0.575003 0.850649 0.072338 0.052540
0 0.581475 0.911755 0.065485 0.058251
0 0.590613 0.974575 0.086806 0.049114
0 0.654194 0.851791 0.072338 0.052540
0 0.661428 0.911184 0.067008 0.052540
0 0.675895 0.973433 0.059393 0.051398
0 0.639726 0.737002 0.057109 0.046829
0 0.645437 0.689602 0.070054 0.043403
0 0.634777 0.641059 0.062439 0.051398
0 0.628305 0.563962 0.063201 0.047971
0 0.617264 0.517704 0.059393 0.046829
0 0.614218 0.481725 0.054825 0.041118
0 0.609268 0.445747 0.054063 0.039976
0 0.606223 0.414337 0.052540 0.036550
0 0.594801 0.358941 0.044926 0.037692
0 0.590994 0.326960 0.038834 0.033123
0 0.594801 0.305830 0.047971 0.031981
0 0.593659 0.281844 0.050256 0.034265
0 0.589851 0.258429 0.051779 0.033123
0 0.581856 0.232159 0.046449 0.035408
0 0.580714 0.210458 0.036550 0.030839
0 0.576145 0.185330 0.030458 0.026270
0 0.567008 0.167626 0.045687 0.029697
0 0.680083 0.194467 0.040357 0.026270
0 0.684652 0.219024 0.046449 0.029697
0 0.710161 0.320107 0.054825 0.030839
0 0.711684 0.341808 0.050256 0.030839
0 0.723867 0.373218 0.056347 0.034265
0 0.734527 0.406912 0.051779 0.035408
0 0.747091 0.441749 0.057109 0.036550
0 0.856360 0.908900 0.083760 0.061678
0 0.863974 0.976288 0.074622 0.043403