0 0.672572 0.969909 0.079596 0.053034
0 0.654844 0.841833 0.065660 0.052624
0 0.579865 0.966133 0.087500 0.057904
0 0.660547 0.900820 0.059592 0.048815
0 0.800766 0.728887 0.074284 0.052773
0 0.790512 0.680417 0.072786 0.049648
0 0.828223 0.836279 0.071567 0.052493
0 0.570408 0.896051 0.060252 0.058457
0 0.567789 0.776543 0.071905 0.055951
0 0.854182 0.966400 0.075004 0.058372
0 0.818878 0.780306 0.072131 0.048997
0 0.400111 0.866618 0.064978 0.061634
0 0.462622 0.807705 0.038498 0.124577
0 0.688921 0.240413 0.038997 0.036608