0 0.409017 0.894108 0.077174 0.060247
0 0.395109 0.660387 0.071050 0.059395
0 0.394772 0.771605 0.072895 0.058132
0 0.830651 0.840277 0.078889 0.051621
0 0.655148 0.782207 0.077240 0.052917
0 0.583589 0.967113 0.086615 0.058613
0 0.813379 0.782526 0.070169 0.054154
0 0.407437 0.834515 0.082574 0.055879
0 0.400180 0.574023 0.065586 0.048607
0 0.401541 0.529648 0.058828 0.046159
0 0.638427 0.669626 0.069006 0.052220
0 0.642613 0.719482 0.074132 0.053001
0 0.558305 0.666309 0.072339 0.049479
0 0.405015 0.376631 0.058199 0.044460
0 0.540703 0.463757 0.052960 0.039154
0 0.396287 0.713115 0.053641 0.049512
0 0.399594 0.616637 0.067964 0.047090
0 0.777693 0.592083 0.072695 0.047526
0 0.574896 0.770202 0.084236 0.062930
0 0.655447 0.844076 0.076155 0.057917
0 0.572585 0.898503 0.075143 0.055456
0 0.799894 0.682614 0.069249 0.052624
0 0.792576 0.635153 0.076879 0.053509
0 0.660608 0.900993 0.062882 0.057572
0 0.403757 0.490579 0.058424 0.043294
0 0.552969 0.579219 0.064705 0.046055
0 0.765938 0.553818 0.067769 0.045111
0 0.845052 0.905062 0.073941 0.055124
0 0.545775 0.538473 0.056454 0.044382
0 0.613457 0.536680 0.056766 0.044518
0 0.554553 0.622982 0.066536 0.049727
0 0.405282 0.453457 0.049983 0.040716
0 0.609171 0.496680 0.052943 0.045560
0 0.572170 0.832936 0.071944 0.058138
0 0.813110 0.728955 0.062487 0.053327
0 0.583385 0.365400 0.054670 0.044525
0 0.630087 0.617770 0.054375 0.049629
0 0.667287 0.967549 0.062309 0.052598
0 0.741048 0.451602 0.058928 0.047253
0 0.544290 0.500983 0.049796 0.041406
0 0.563266 0.713376 0.076289 0.056803
0 0.624900 0.576930 0.059167 0.046257
0 0.754049 0.512233 0.057161 0.046732
0 0.589484 0.231113 0.046354 0.036654
0 0.858856 0.960221 0.068702 0.055286
0 0.404451 0.417314 0.043529 0.039395
0 0.589939 0.401820 0.055113 0.040332
0 0.731309 0.418180 0.056931 0.040762
0 0.722218 0.390706 0.054774 0.037077
0 0.595749 0.327236 0.043155 0.038457
0 0.692632 0.263298 0.052018 0.035853
0 0.603173 0.463678 0.046710 0.039961
0 0.706066 0.310550 0.042600 0.033483
0 0.676656 0.216908 0.046367 0.033659
0 0.597051 0.433643 0.053103 0.041686
0 0.592804 0.300049 0.040512 0.034993
0 0.721263 0.361510 0.046719 0.036172
0 0.714191 0.339313 0.046263 0.032793
0 0.703075 0.286816 0.044015 0.033802
0 0.685499 0.239893 0.048160 0.028978
0 0.591816 0.276208 0.038121 0.030879