0 0.355936 0.702850 0.073196 0.054457
0 0.655326 0.849085 0.065449 0.059008
0 0.625313 0.636773 0.062355 0.049509
0 0.787792 0.637517 0.062741 0.058025
0 0.762219 0.550078 0.064053 0.050481
0 0.776027 0.593831 0.065310 0.052506
0 0.639892 0.731487 0.059646 0.050878
0 0.359363 0.753537 0.056274 0.054358
0 0.692689 0.233830 0.039334 0.036454
0 0.637307 0.682841 0.059333 0.047358
0 0.651844 0.788395 0.075746 0.055720
0 0.569255 0.841340 0.074283 0.056002
0 0.668933 0.906777 0.059092 0.052577
0 0.802812 0.685164 0.057204 0.046018
0 0.752642 0.511616 0.064631 0.041309
0 0.808611 0.737190 0.065893 0.049770
0 0.358913 0.810232 0.075186 0.064528
0 0.831415 0.789533 0.062417 0.052158
0 0.850703 0.844962 0.088190 0.055159
0 0.584847 0.973360 0.087123 0.047653
0 0.400690 0.474002 0.058724 0.043202
0 0.400914 0.436202 0.057596 0.042549
0 0.853972 0.908116 0.070269 0.052756
0 0.406952 0.385880 0.059751 0.043901
0 0.866440 0.973808 0.083456 0.047296
0 0.581798 0.906901 0.075120 0.063852
0 0.674863 0.977226 0.064269 0.044246