0 0.589070 0.182433 0.042385 0.031623
0 0.631206 0.706550 0.065305 0.045331
0 0.716179 0.315330 0.048411 0.041316
0 0.769598 0.558218 0.066774 0.048828
0 0.623531 0.651492 0.063435 0.047576
0 0.572616 0.815505 0.073451 0.055088
0 0.583467 0.873097 0.076790 0.057592
0 0.586388 0.934445 0.064269 0.055088
0 0.642728 0.759165 0.066774 0.052584
0 0.654831 0.815505 0.075955 0.052584
0 0.661508 0.878105 0.062600 0.052584
0 0.665682 0.942583 0.070947 0.056340
0 0.810914 0.754157 0.064269 0.052584
0 0.826773 0.813001 0.070947 0.052584
0 0.838876 0.879357 0.073451 0.057592
0 0.871010 0.949469 0.090979 0.055088