0 0.402073 0.615570 0.068754 0.055287
0 0.374648 0.713529 0.074721 0.054492
0 0.758455 0.539768 0.071164 0.046384
0 0.775380 0.624948 0.068315 0.047610
0 0.798129 0.666779 0.057536 0.050693
0 0.378249 0.662218 0.052748 0.047847
0 0.821946 0.764422 0.081233 0.052588
0 0.752374 0.500698 0.065737 0.037924
0 0.554891 0.658708 0.067227 0.051692
0 0.382077 0.767466 0.066996 0.051104
0 0.832495 0.823315 0.071556 0.058815
0 0.769777 0.579407 0.063636 0.047023
0 0.600982 0.494357 0.065812 0.044744
0 0.805457 0.716146 0.058596 0.046898
0 0.375703 0.829296 0.068274 0.052981
0 0.746076 0.466961 0.060097 0.038517
0 0.533873 0.495201 0.058379 0.041054
0 0.568877 0.155958 0.041261 0.033223
0 0.718148 0.371052 0.057571 0.040063
0 0.545594 0.571749 0.064359 0.048363
0 0.609626 0.457218 0.057710 0.045788
0 0.547026 0.615231 0.067298 0.046251
0 0.627488 0.663955 0.057234 0.047320
0 0.584846 0.329768 0.055640 0.044720
0 0.730187 0.402384 0.057166 0.034462
0 0.538278 0.532791 0.047587 0.041556
0 0.736678 0.433594 0.058004 0.038202
0 0.650970 0.882432 0.060541 0.051007
0 0.691750 0.272890 0.054294 0.037852
0 0.608696 0.535776 0.058230 0.045466
0 0.564217 0.768160 0.070641 0.053645
0 0.648983 0.824235 0.055476 0.044430
0 0.616168 0.573144 0.063789 0.041213
0 0.618827 0.614546 0.069504 0.048804
0 0.645637 0.767444 0.062180 0.044848
0 0.564809 0.825256 0.081512 0.058324
0 0.400711 0.570043 0.051950 0.042044
0 0.594390 0.423848 0.054944 0.040504
0 0.535912 0.458162 0.049894 0.041678
0 0.637851 0.710970 0.072228 0.045688
0 0.590729 0.393814 0.055342 0.041280
0 0.533198 0.421857 0.057717 0.039390
0 0.525483 0.365266 0.051057 0.047921
0 0.712373 0.340580 0.054353 0.034226
0 0.405869 0.532429 0.057840 0.043878
0 0.416482 0.302205 0.039400 0.032455
0 0.846782 0.882339 0.076670 0.056456
0 0.407661 0.425157 0.062403 0.042446
0 0.852019 0.956851 0.078881 0.060356
0 0.560168 0.708799 0.071925 0.053155
0 0.402801 0.493269 0.062520 0.048519
0 0.576723 0.946242 0.079918 0.055174
0 0.404917 0.391450 0.054469 0.036755
0 0.402946 0.455913 0.055825 0.044818
0 0.409710 0.356191 0.054638 0.040040
0 0.411525 0.332232 0.055088 0.037560
0 0.573451 0.881861 0.071782 0.062600
0 0.667351 0.961363 0.085971 0.063852
0 0.694478 0.296549 0.040064 0.033804
0 0.705329 0.322216 0.051749 0.032552