0 0.394488 0.734867 0.073939 0.055517
0 0.388733 0.678298 0.070392 0.055009
0 0.395031 0.586568 0.066667 0.049709
0 0.388829 0.791370 0.057318 0.055120
0 0.655510 0.849165 0.067470 0.055604
0 0.628055 0.599954 0.067741 0.049669
0 0.756596 0.527035 0.070396 0.042545
0 0.396090 0.626211 0.061549 0.048596
0 0.559115 0.734142 0.067132 0.050238
0 0.396383 0.544208 0.047753 0.045565
0 0.620692 0.518418 0.060680 0.042911
0 0.572524 0.841927 0.064433 0.060495
0 0.554659 0.553486 0.064031 0.044568
0 0.740797 0.457996 0.057413 0.043095
0 0.638051 0.737649 0.062462 0.049289
0 0.400882 0.504123 0.064853 0.048456
0 0.631056 0.643912 0.064379 0.054817
0 0.750531 0.492524 0.065196 0.041956
0 0.562173 0.781512 0.073437 0.048892
0 0.638002 0.691259 0.061047 0.051504
0 0.785526 0.603672 0.061424 0.048087
0 0.772464 0.564123 0.062379 0.044280
0 0.627340 0.558007 0.065833 0.040894
0 0.661297 0.906977 0.061266 0.053241
0 0.642886 0.788936 0.057838 0.051578
0 0.614039 0.482229 0.055799 0.045428
0 0.732766 0.428260 0.061004 0.048199
0 0.730808 0.395988 0.060966 0.038833
0 0.598600 0.389453 0.057774 0.041714
0 0.724598 0.366190 0.054347 0.036877
0 0.560522 0.632297 0.067414 0.048507
0 0.402381 0.473147 0.060533 0.041237
0 0.594686 0.326877 0.051077 0.042946
0 0.550849 0.485342 0.054957 0.040796
0 0.557664 0.677825 0.056901 0.052503
0 0.714330 0.344811 0.050441 0.035174
0 0.610865 0.450442 0.054317 0.037669
0 0.821852 0.792117 0.075166 0.050569
0 0.584739 0.974680 0.087888 0.046473
0 0.800719 0.689690 0.059033 0.044626
0 0.391447 0.850160 0.086458 0.059620
0 0.557392 0.594130 0.064623 0.043468
0 0.580398 0.908513 0.070667 0.056298
0 0.603066 0.418129 0.050946 0.034074
0 0.705914 0.297344 0.044346 0.034392
0 0.815709 0.740156 0.060719 0.050537
0 0.782321 0.647799 0.066581 0.046506
0 0.710070 0.320443 0.048944 0.031089
0 0.587628 0.354844 0.043428 0.040216
0 0.695316 0.269146 0.048290 0.030946
0 0.548828 0.448042 0.052584 0.036308
0 0.668603 0.983799 0.058427 0.031100
0 0.835537 0.849309 0.063435 0.050080
0 0.850978 0.915665 0.070947 0.057592
0 0.860577 0.977539 0.083467 0.043620
0 0.691556 0.249599 0.052584 0.030048
0 0.684462 0.225811 0.036725 0.027544
0 0.684462 0.208283 0.045072 0.025040