0 0.865091 0.894635 0.088689 0.055365
0 0.737333 0.431413 0.058164 0.040052
0 0.875197 0.969434 0.086584 0.055352
0 0.811150 0.676302 0.078125 0.049583
0 0.842415 0.840231 0.084431 0.052702
0 0.798231 0.629896 0.063485 0.043490
0 0.392214 0.752025 0.071936 0.056172
0 0.389319 0.593594 0.067135 0.046328
0 0.382127 0.692956 0.079583 0.061484
0 0.589023 0.957480 0.082682 0.064505
0 0.378917 0.855993 0.064015 0.056517
0 0.595467 0.350915 0.053147 0.038496
0 0.379590 0.934049 0.079527 0.064258
0 0.577819 0.884889 0.072826 0.058229
0 0.565113 0.827031 0.070182 0.055469
0 0.780987 0.584209 0.071992 0.045358
0 0.570760 0.761585 0.073385 0.055072
0 0.391168 0.804674 0.062778 0.052448
0 0.564766 0.705361 0.072057 0.052207
0 0.758314 0.501950 0.066445 0.042077
0 0.746109 0.466764 0.058885 0.038802
0 0.661678 0.882396 0.075933 0.058594
0 0.386039 0.636504 0.066194 0.050260
0 0.657116 0.825941 0.066923 0.053392
0 0.821087 0.728874 0.079744 0.050000
0 0.553928 0.651589 0.070087 0.050443
0 0.767854 0.539180 0.063563 0.044414
0 0.547520 0.607881 0.056732 0.043483
0 0.544998 0.484095 0.051671 0.040378
0 0.650877 0.774538 0.067144 0.050794
0 0.617789 0.510358 0.060447 0.044128
0 0.542901 0.447542 0.050864 0.039421
0 0.547233 0.524678 0.059614 0.040840
0 0.634839 0.675143 0.064757 0.048047
0 0.836578 0.782282 0.073121 0.053171
0 0.397394 0.509925 0.064926 0.044225
0 0.640382 0.725521 0.056016 0.044310
0 0.731762 0.398727 0.056094 0.037793
0 0.590547 0.383503 0.055773 0.035872
0 0.628318 0.631299 0.057912 0.042754
0 0.619041 0.591559 0.061884 0.044941
0 0.599983 0.413437 0.057769 0.042552
0 0.548563 0.561257 0.051979 0.042435
0 0.395022 0.547210 0.061441 0.048522
0 0.713197 0.338418 0.054701 0.036602
0 0.538520 0.416247 0.044280 0.036230
0 0.670399 0.953532 0.062257 0.057376
0 0.624462 0.551585 0.063368 0.045566
0 0.720714 0.368180 0.058216 0.036595
0 0.610406 0.476019 0.055378 0.042611
0 0.690412 0.240130 0.039097 0.034596
0 0.611148 0.443672 0.047487 0.037669
0 0.703238 0.293210 0.049444 0.030859
0 0.705408 0.313073 0.042509 0.029427