0 0.653932 0.782109 0.074974 0.054596
0 0.387068 0.843835 0.073225 0.057799
0 0.855510 0.960775 0.083181 0.059531
0 0.580395 0.969997 0.091311 0.053978
0 0.748904 0.515225 0.067148 0.043535
0 0.644321 0.725527 0.062114 0.047539
0 0.781712 0.634320 0.061853 0.048704
0 0.616656 0.551387 0.054041 0.042839
0 0.805720 0.729727 0.068915 0.047344
0 0.571211 0.898590 0.086207 0.061465
0 0.738231 0.449902 0.051966 0.038854
0 0.393238 0.675599 0.066944 0.052904
0 0.766931 0.589466 0.067144 0.048242
0 0.389844 0.785127 0.076233 0.056803
0 0.845838 0.896979 0.075191 0.055247
0 0.818500 0.776357 0.062279 0.052493
0 0.622261 0.590133 0.049774 0.041230
0 0.663822 0.839206 0.073520 0.055234
0 0.570052 0.833672 0.079427 0.057565
0 0.823277 0.834661 0.069158 0.049115
0 0.791738 0.681484 0.065109 0.048997
0 0.611500 0.510785 0.062739 0.045293
0 0.670039 0.966452 0.085061 0.061172
0 0.665464 0.897373 0.065616 0.054473
0 0.417732 0.378864 0.060734 0.048105
0 0.695569 0.284831 0.045842 0.039583
0 0.630525 0.634502 0.064774 0.050723
0 0.606782 0.474951 0.054579 0.039355
0 0.690718 0.240980 0.040499 0.040254