0 0.368332 0.669846 0.072669 0.050331
0 0.371723 0.721065 0.062629 0.051158
0 0.574283 0.267479 0.037268 0.030702
0 0.789599 0.657847 0.055763 0.045196
0 0.735792 0.416145 0.062980 0.043199
0 0.764276 0.527143 0.069376 0.044790
0 0.373780 0.768726 0.071557 0.053062
0 0.771293 0.569141 0.069377 0.043730
0 0.747019 0.448953 0.057874 0.045142
0 0.724689 0.386348 0.060229 0.043544
0 0.686821 0.244366 0.041681 0.035739
0 0.754337 0.487922 0.057292 0.041228
0 0.377045 0.572778 0.066312 0.054028
0 0.374453 0.616290 0.055191 0.047601
0 0.782257 0.609517 0.076948 0.053787
0 0.659543 0.152972 0.040665 0.029833
0 0.370208 0.824880 0.064016 0.051519
0 0.381536 0.496098 0.059102 0.045552
0 0.795149 0.713539 0.071575 0.048111
0 0.610183 0.492450 0.058104 0.045882
0 0.382586 0.533770 0.058100 0.040439
0 0.382175 0.422304 0.056796 0.037976
0 0.533448 0.495854 0.043525 0.039285
0 0.607666 0.530733 0.060686 0.047775
0 0.600088 0.457302 0.052495 0.045931
0 0.355167 0.878972 0.087145 0.068599
0 0.597799 0.421550 0.048800 0.036295
0 0.385638 0.458543 0.047453 0.038064
0 0.616638 0.613012 0.064786 0.045734
0 0.716533 0.363238 0.056440 0.039791
0 0.548792 0.661721 0.066772 0.047130
0 0.624888 0.660989 0.064318 0.049500
0 0.546180 0.615677 0.062929 0.046101
0 0.609834 0.571906 0.055601 0.042325
0 0.560513 0.709711 0.065939 0.046324
0 0.560513 0.760417 0.072616 0.047576
0 0.566774 0.816131 0.066774 0.063852
0 0.575955 0.878105 0.083467 0.057592
0 0.586806 0.955103 0.076790 0.063852
0 0.532969 0.458684 0.045907 0.037560
0 0.633547 0.713467 0.056757 0.041316
0 0.644398 0.766051 0.076790 0.053836
0 0.647736 0.823017 0.065104 0.052584
0 0.656500 0.883739 0.062600 0.056340
0 0.669438 0.953225 0.085136 0.060096
0 0.823017 0.764799 0.073451 0.053836
0 0.825938 0.822391 0.065939 0.051332
0 0.833868 0.878105 0.071782 0.052584
0 0.847640 0.944461 0.082632 0.057592