0 0.661441 0.880993 0.075425 0.055215
0 0.390315 0.749775 0.074076 0.060319
0 0.381617 0.692243 0.080421 0.065384
0 0.386621 0.635918 0.065265 0.052826
0 0.735974 0.431566 0.057209 0.039889
0 0.546899 0.605566 0.058234 0.045794
0 0.564599 0.703607 0.074023 0.058620
0 0.756526 0.501553 0.063685 0.041960
0 0.816760 0.727441 0.075933 0.052422
0 0.777845 0.585798 0.069926 0.050866
0 0.794612 0.630378 0.062209 0.050208
0 0.626584 0.629456 0.060226 0.047207
0 0.564848 0.825905 0.071788 0.056328
0 0.744557 0.466813 0.058394 0.040671
0 0.389616 0.802292 0.062999 0.054635
0 0.538268 0.562246 0.070538 0.051341
0 0.555497 0.651113 0.073676 0.053737
0 0.577914 0.884837 0.074883 0.058398
0 0.388646 0.591999 0.065608 0.049414
0 0.638631 0.722676 0.055464 0.046003
0 0.764362 0.539030 0.062179 0.047318
0 0.866131 0.895618 0.087183 0.056771
0 0.378092 0.923258 0.076332 0.063275
0 0.655645 0.823382 0.067201 0.054954
0 0.712079 0.335645 0.056962 0.037435
0 0.570849 0.758708 0.076680 0.057611
0 0.649672 0.771605 0.067261 0.055514
0 0.842059 0.840771 0.083407 0.054707
0 0.393223 0.473330 0.058372 0.042533
0 0.633674 0.673812 0.068676 0.050996
0 0.720219 0.364368 0.059171 0.039531
0 0.585052 0.233610 0.048073 0.036973
0 0.394586 0.544714 0.061732 0.050625
0 0.619002 0.588740 0.063733 0.048197
0 0.671226 0.951120 0.063433 0.056641
0 0.589377 0.957920 0.086610 0.065059
0 0.730477 0.396898 0.057899 0.040605
0 0.546936 0.521800 0.060556 0.042220
0 0.624505 0.549736 0.065061 0.047741
0 0.379204 0.855488 0.062496 0.057604
0 0.396005 0.508587 0.062426 0.043385
0 0.609533 0.471862 0.054596 0.043138
0 0.618585 0.509495 0.063351 0.047363
0 0.585753 0.266673 0.048789 0.035417
0 0.544822 0.481647 0.053854 0.043138
0 0.594861 0.351117 0.052682 0.039486
0 0.590616 0.382448 0.057161 0.039297
0 0.586589 0.293112 0.047257 0.033411
0 0.702359 0.292419 0.048893 0.031439
0 0.599277 0.412054 0.056011 0.039993
0 0.595295 0.318011 0.041597 0.039108
0 0.603613 0.440247 0.045039 0.038503
0 0.694842 0.269818 0.051107 0.029596
0 0.706037 0.311842 0.043585 0.029349
0 0.689957 0.239160 0.041128 0.033945
0 0.682112 0.204014 0.034180 0.041270