0 0.567359 0.838867 0.072287 0.055898
0 0.659290 0.838206 0.073190 0.053991
0 0.573889 0.726445 0.075911 0.052383
0 0.567999 0.780622 0.070061 0.056621
0 0.646306 0.774202 0.071181 0.055059
0 0.829423 0.838857 0.081901 0.054395
0 0.774918 0.593037 0.063203 0.044785
0 0.587750 0.971859 0.085595 0.051074
0 0.788757 0.633070 0.069796 0.046803
0 0.394249 0.727712 0.072925 0.058978
0 0.231528 0.733607 0.084687 0.058255
0 0.746669 0.479635 0.059536 0.044935
0 0.848889 0.895166 0.072760 0.053014
0 0.637791 0.676123 0.061285 0.048600
0 0.237138 0.684300 0.061063 0.048822
0 0.568036 0.677432 0.068199 0.049382
0 0.387661 0.618089 0.064583 0.054616
0 0.854681 0.964095 0.086541 0.055677
0 0.575937 0.897480 0.069210 0.056328
0 0.379293 0.918809 0.076224 0.056888
0 0.661784 0.896019 0.062448 0.054772
0 0.382901 0.973773 0.083728 0.047350
0 0.400080 0.673415 0.061367 0.054395
0 0.557270 0.579020 0.056033 0.045658
0 0.396851 0.783379 0.058155 0.052760
0 0.644015 0.722695 0.062700 0.052500
0 0.382172 0.857279 0.071385 0.061354
0 0.762595 0.551468 0.066345 0.044954
0 0.820228 0.774339 0.060760 0.053001
0 0.609967 0.443086 0.057643 0.043646
0 0.546057 0.500954 0.058199 0.043418
0 0.702405 0.309440 0.052960 0.039102
0 0.618826 0.548232 0.059935 0.046790
0 0.714490 0.357327 0.058416 0.041283
0 0.625605 0.590173 0.063155 0.046374
0 0.550447 0.537292 0.056476 0.046536
0 0.692606 0.275622 0.055169 0.039681
0 0.752025 0.517871 0.064527 0.039805
0 0.725035 0.393145 0.056597 0.044779
0 0.617144 0.510710 0.064844 0.045286
0 0.395317 0.577269 0.066033 0.049225
0 0.395432 0.466986 0.049527 0.044193
0 0.546793 0.462992 0.064175 0.046855
0 0.628151 0.628577 0.056510 0.052038
0 0.541530 0.429857 0.056636 0.044714
0 0.604857 0.411647 0.054375 0.037943
0 0.685438 0.973923 0.075226 0.048639
0 0.587335 0.279567 0.048880 0.036087
0 0.397569 0.529248 0.067057 0.051582
0 0.602711 0.382214 0.042548 0.037344
0 0.589243 0.329704 0.043624 0.034746
0 0.590525 0.307266 0.052135 0.038854
0 0.545564 0.374082 0.043212 0.043828
0 0.594462 0.357523 0.049748 0.035332