0 0.381615 0.875365 0.086814 0.060547
0 0.379557 0.948118 0.082431 0.067526
0 0.577439 0.900273 0.071667 0.060052
0 0.571309 0.834261 0.073885 0.055658
0 0.639501 0.731901 0.061016 0.050299
0 0.549188 0.665788 0.070069 0.051380
0 0.797945 0.680212 0.073520 0.052624
0 0.652127 0.842842 0.068559 0.057350
0 0.663537 0.916813 0.077161 0.063444
0 0.386152 0.810726 0.061871 0.053535
0 0.382856 0.701748 0.074054 0.052194
0 0.809933 0.729548 0.072391 0.050892
0 0.380417 0.759274 0.058733 0.045410
0 0.559807 0.725114 0.074536 0.050189
0 0.566100 0.776764 0.066445 0.051224
0 0.544575 0.618786 0.065660 0.045814
0 0.381944 0.649144 0.066597 0.051882
0 0.542324 0.572822 0.062739 0.045215
0 0.626252 0.683200 0.063199 0.048145
0 0.615128 0.630755 0.065612 0.048529
0 0.400189 0.590163 0.066497 0.048932
0 0.580273 0.970101 0.089167 0.055553
0 0.642363 0.785286 0.070994 0.054557
0 0.822127 0.778760 0.076198 0.053262
0 0.836237 0.833503 0.078767 0.055794
0 0.845063 0.900573 0.072201 0.056549
0 0.607285 0.547884 0.061541 0.044388
0 0.612272 0.588503 0.059848 0.046576
0 0.781053 0.594616 0.068468 0.046875
0 0.787763 0.635521 0.055056 0.044310
0 0.401089 0.546650 0.060842 0.044264
0 0.536580 0.531292 0.060477 0.042624
0 0.764373 0.527132 0.066662 0.047493
0 0.400100 0.505560 0.050495 0.042617
0 0.400163 0.429544 0.056567 0.044922
0 0.859084 0.969518 0.078273 0.056133
0 0.539319 0.494489 0.064123 0.043613
0 0.401599 0.467484 0.049622 0.041361
0 0.759193 0.481963 0.062092 0.050046
0 0.409277 0.369147 0.061810 0.051719
0 0.604913 0.507012 0.058177 0.043971
0 0.538470 0.460817 0.061168 0.039824
0 0.600007 0.409023 0.052556 0.038125
0 0.607444 0.474163 0.058290 0.042337
0 0.744193 0.438125 0.059340 0.043398
0 0.667882 0.979974 0.066780 0.037943
0 0.538118 0.427930 0.053780 0.038958
0 0.603496 0.441888 0.056411 0.039141
0 0.596115 0.374183 0.055174 0.044928
0 0.733596 0.406683 0.060369 0.041647
0 0.956005 0.688444 0.087201 0.067409
0 0.696215 0.264086 0.047435 0.028569
0 0.699236 0.288000 0.041011 0.029278
0 0.708234 0.316540 0.045885 0.029500
0 0.719057 0.347401 0.053279 0.033429
0 0.722709 0.375605 0.058232 0.032706