0 0.397791 0.784476 0.080069 0.057220
0 0.399898 0.719261 0.068780 0.051908
0 0.655757 0.776885 0.074614 0.054928
0 0.795378 0.632982 0.070408 0.049010
0 0.216504 0.740863 0.051636 0.115488
0 0.392201 0.663138 0.080122 0.059141
0 0.573650 0.777471 0.076267 0.056608
0 0.812233 0.727708 0.076775 0.052617
0 0.648806 0.723607 0.065477 0.049154
0 0.394490 0.494577 0.059683 0.045169
0 0.390219 0.840964 0.061645 0.051198
0 0.381029 0.961006 0.083863 0.063418
0 0.625013 0.542197 0.060573 0.046491
0 0.839412 0.827884 0.072157 0.050273
0 0.589173 0.895794 0.077895 0.056302
0 0.584440 0.829538 0.070295 0.054297
0 0.557533 0.539896 0.059475 0.044193
0 0.541213 0.425827 0.059596 0.046198
0 0.570729 0.724212 0.064766 0.048620
0 0.665584 0.892601 0.060299 0.051842
0 0.396222 0.615055 0.067982 0.048327
0 0.848676 0.889049 0.077170 0.055833
0 0.571361 0.672627 0.070161 0.051061
0 0.624026 0.581009 0.055490 0.043477
0 0.661780 0.835501 0.065443 0.052122
0 0.564638 0.621647 0.065638 0.045677
0 0.703939 0.343066 0.054058 0.038906
0 0.628865 0.622539 0.063060 0.049674
0 0.397906 0.573555 0.066315 0.044661
0 0.555230 0.501283 0.058490 0.043203
0 0.407344 0.381634 0.058411 0.045026
0 0.769798 0.544495 0.069362 0.045449
0 0.384714 0.893896 0.061988 0.055254
0 0.799247 0.679925 0.070942 0.051296
0 0.830306 0.773252 0.071549 0.053340
0 0.595360 0.967946 0.085286 0.059941
0 0.404798 0.420544 0.042990 0.038978
0 0.733566 0.433451 0.061688 0.043424
0 0.673576 0.240758 0.050556 0.036868
0 0.551265 0.465514 0.049544 0.039167
0 0.623611 0.502207 0.063047 0.047943
0 0.389497 0.456051 0.047899 0.047493
0 0.872520 0.948597 0.089857 0.059642
0 0.689779 0.294886 0.051823 0.041660
0 0.780545 0.580033 0.056168 0.054063
0 0.748349 0.473294 0.062010 0.045195
0 0.592899 0.341019 0.052639 0.037428
0 0.758234 0.509945 0.063924 0.039759
0 0.640716 0.671077 0.056406 0.052233
0 0.580651 0.259124 0.046814 0.036230
0 0.719957 0.400856 0.052422 0.038770
0 0.678661 0.270277 0.047609 0.034212
0 0.604957 0.401217 0.050885 0.039505
0 0.610132 0.432184 0.051931 0.039069
0 0.589551 0.314792 0.047904 0.035833
0 0.616289 0.462643 0.052196 0.044714
0 0.675091 0.965547 0.078134 0.056758
0 0.713900 0.373236 0.051801 0.035326
0 0.583338 0.285531 0.039280 0.035111
0 0.596604 0.371969 0.055942 0.037858
0 0.581927 0.234587 0.036432 0.031152
0 0.584488 0.210254 0.035894 0.032878