0 0.596832 0.969421 0.086502 0.054648
0 0.395451 0.631299 0.067318 0.048757
0 0.652711 0.783288 0.071211 0.049909
0 0.683414 0.969108 0.078129 0.053542
0 0.572919 0.787230 0.078112 0.053262
0 0.385632 0.780029 0.071593 0.057598
0 0.533405 0.376032 0.050725 0.041725
0 0.597168 0.901204 0.075786 0.057839
0 0.270914 0.534329 0.070178 0.047305
0 0.410777 0.579593 0.060694 0.048743
0 0.396100 0.921706 0.079093 0.058568
0 0.819688 0.740133 0.076736 0.051673
0 0.660734 0.845342 0.066085 0.057259
0 0.868079 0.900052 0.098615 0.064076
0 0.868778 0.965309 0.086133 0.061491
0 0.788283 0.644082 0.075734 0.048893
0 0.852901 0.843545 0.086489 0.054329
0 0.560749 0.596852 0.057591 0.044082
0 0.396630 0.852891 0.063668 0.055911
0 0.634629 0.634456 0.067253 0.053249
0 0.637370 0.680446 0.059835 0.046165
0 0.538778 0.414928 0.053286 0.038711
0 0.769191 0.557620 0.070794 0.048118
0 0.675508 0.905921 0.059080 0.048991
0 0.834416 0.788587 0.068216 0.050234
0 0.644674 0.728167 0.063168 0.049707
0 0.314030 0.841914 0.084119 0.056250
0 0.390996 0.681064 0.057383 0.046439
0 0.780677 0.600990 0.068941 0.049583
0 0.576769 0.834707 0.069596 0.055742
0 0.608049 0.470309 0.055586 0.044720
0 0.281374 0.493792 0.057669 0.045423
0 0.409110 0.378213 0.058290 0.042285
0 0.799078 0.691061 0.071419 0.054583
0 0.414816 0.467279 0.062461 0.048841
0 0.539861 0.449313 0.051215 0.040254
0 0.496868 0.587640 0.051089 0.051217
0 0.614282 0.511357 0.059848 0.047155
0 0.414618 0.508656 0.060998 0.039928
0 0.544091 0.484124 0.056671 0.041283
0 0.620169 0.553070 0.061233 0.046452
0 0.566981 0.675980 0.068433 0.050397
0 0.758813 0.519567 0.066905 0.047845
0 0.557533 0.554655 0.063025 0.048542
0 0.387869 0.723971 0.059123 0.056589
0 0.604818 0.437135 0.056250 0.040729
0 0.722196 0.368656 0.055894 0.034395
0 0.750653 0.486038 0.061610 0.043040
0 0.413770 0.541615 0.050586 0.039922
0 0.732533 0.420029 0.053016 0.040124
0 0.585955 0.204906 0.037925 0.029303
0 0.570089 0.731921 0.074284 0.056068
0 0.401042 0.977012 0.066675 0.041445
0 0.551673 0.516146 0.047418 0.042812
0 0.743251 0.454404 0.064158 0.041882
0 0.628576 0.593864 0.057014 0.048730
0 0.417320 0.410277 0.055820 0.037728
0 0.696927 0.290117 0.053663 0.036120
0 0.602363 0.405146 0.057721 0.039668
0 0.609646 0.349017 0.052721 0.039206
0 0.603982 0.296911 0.053676 0.040020
0 0.698016 0.263577 0.051432 0.031504
0 0.691769 0.240482 0.045881 0.030443
0 0.604056 0.376501 0.050395 0.038939
0 0.414000 0.434645 0.044865 0.037337
0 0.715243 0.341354 0.047578 0.035612
0 0.709138 0.315433 0.047852 0.033053
0 0.588464 0.227139 0.041675 0.029642
0 0.607372 0.323802 0.044822 0.033529
0 0.727865 0.392168 0.047569 0.035000
0 0.602068 0.269281 0.037418 0.030397
0 0.594831 0.249014 0.036884 0.026764