0 0.810928 0.765425 0.069251 0.057592
0 0.765774 0.579977 0.068645 0.044732
0 0.782674 0.659999 0.073079 0.053588
0 0.832087 0.879582 0.086484 0.060193
0 0.558496 0.763327 0.078401 0.054846
0 0.647402 0.822113 0.066985 0.056295
0 0.563519 0.820314 0.072827 0.060225
0 0.778255 0.617106 0.058046 0.043671
0 0.563031 0.710380 0.068538 0.058212
0 0.634210 0.661449 0.073177 0.055025
0 0.647072 0.711985 0.071301 0.054846
0 0.747570 0.502814 0.059654 0.044120
0 0.803595 0.707986 0.081667 0.053413
0 0.363595 0.659465 0.077498 0.053506
0 0.358780 0.770281 0.073130 0.054785
0 0.848468 0.951193 0.083256 0.058369
0 0.757548 0.535084 0.060207 0.047853
0 0.373677 0.523427 0.069685 0.045003
0 0.817683 0.821060 0.076138 0.056498
0 0.641703 0.764892 0.075628 0.057189
0 0.366487 0.717780 0.063367 0.055226
0 0.369197 0.608440 0.067962 0.049112
0 0.615231 0.576682 0.068801 0.052386
0 0.701461 0.342504 0.052119 0.043511
0 0.715858 0.371880 0.061432 0.040395
0 0.549859 0.609907 0.061322 0.053123
0 0.368352 0.564351 0.062391 0.049036
0 0.546093 0.572034 0.055460 0.043732
0 0.552848 0.658764 0.069713 0.052558
0 0.612337 0.536281 0.057443 0.047631
0 0.355185 0.829903 0.062600 0.053836
0 0.656218 0.886992 0.074554 0.059767
0 0.735319 0.434831 0.061200 0.046384
0 0.609632 0.496875 0.062333 0.041083
0 0.542149 0.532929 0.060539 0.044655
0 0.724730 0.401807 0.061832 0.037095
0 0.574879 0.940607 0.084091 0.059675
0 0.375270 0.486165 0.050140 0.041632
0 0.575923 0.262556 0.050493 0.047286
0 0.574161 0.216110 0.048163 0.044443
0 0.686936 0.248550 0.041976 0.036643
0 0.404848 0.361028 0.061765 0.047576
0 0.524623 0.339118 0.049245 0.038812
0 0.594824 0.396096 0.047819 0.039813
0 0.600578 0.431766 0.045907 0.038812
0 0.603250 0.462724 0.061268 0.045641
0 0.667359 0.956785 0.067782 0.059942
0 0.573034 0.883739 0.079294 0.063852
0 0.543855 0.496371 0.052514 0.039810
0 0.347343 0.890545 0.085310 0.057432
0 0.697686 0.319974 0.051523 0.027693