0 0.210041 0.826182 0.093407 0.063392
0 0.309375 0.609326 0.072587 0.048197
0 0.640323 0.723766 0.074501 0.056022
0 0.381070 0.768757 0.076819 0.060391
0 0.388605 0.900804 0.075907 0.057637
0 0.776217 0.578926 0.069883 0.045911
0 0.660180 0.826973 0.078685 0.059544
0 0.641552 0.675046 0.073077 0.051055
0 0.631725 0.616458 0.063537 0.051771
0 0.667142 0.891559 0.063876 0.053509
0 0.858761 0.971836 0.080464 0.051497
0 0.224408 0.721188 0.069102 0.050163
0 0.846402 0.904391 0.073750 0.054421
0 0.733166 0.434733 0.057869 0.045573
0 0.379655 0.712982 0.076350 0.061953
0 0.381973 0.622555 0.064258 0.048236
0 0.651762 0.778154 0.057986 0.045605
0 0.532292 0.399958 0.051441 0.041504
0 0.580293 0.970837 0.090977 0.054577
0 0.763073 0.538538 0.062378 0.047441
0 0.399086 0.414580 0.053364 0.039434
0 0.379230 0.575384 0.073190 0.056133
0 0.381747 0.533750 0.064605 0.043854
0 0.386803 0.837074 0.068876 0.052038
0 0.213492 0.768154 0.065247 0.052129
0 0.678956 0.962458 0.082391 0.057858
0 0.552654 0.582171 0.051827 0.044043
0 0.558194 0.677705 0.070495 0.050944
0 0.393199 0.450703 0.048342 0.042240
0 0.557847 0.726507 0.068056 0.050553
0 0.574054 0.829863 0.080825 0.060130
0 0.387810 0.487682 0.048485 0.044154
0 0.803635 0.675345 0.077921 0.053685
0 0.542090 0.540765 0.065725 0.049316
0 0.828492 0.839001 0.066810 0.050397
0 0.574232 0.773066 0.078559 0.056953
0 0.754694 0.500260 0.054258 0.046042
0 0.577348 0.898838 0.072813 0.057637
0 0.539562 0.500407 0.058889 0.043275
0 0.722648 0.399421 0.055755 0.040716
0 0.812739 0.731257 0.061128 0.054193
0 0.380920 0.664554 0.062439 0.048717
0 0.607053 0.495833 0.055477 0.043919
0 0.549112 0.624622 0.066315 0.054974
0 0.621126 0.570553 0.053997 0.048516
0 0.535605 0.433516 0.052235 0.041680
0 0.825200 0.778890 0.068299 0.054251
0 0.785035 0.620524 0.058750 0.048952
0 0.609963 0.533835 0.060117 0.046042
0 0.602587 0.431152 0.054670 0.038958
0 0.702246 0.315059 0.047131 0.035703
0 0.709260 0.344069 0.055161 0.035365
0 0.536864 0.467920 0.049440 0.040046
0 0.581784 0.235117 0.047795 0.032253
0 0.712884 0.370651 0.052964 0.035443
0 0.601647 0.400293 0.053798 0.040286
0 0.671597 0.213910 0.049306 0.037480
0 0.589887 0.357432 0.043125 0.044707
0 0.691973 0.287907 0.045091 0.034277
0 0.686994 0.265518 0.050612 0.030189
0 0.608064 0.463047 0.052109 0.041549
0 0.586602 0.284385 0.049314 0.036165
0 0.594451 0.334805 0.054284 0.041992
0 0.586506 0.259619 0.047595 0.037754
0 0.678218 0.238584 0.040655 0.034798
0 0.590046 0.308350 0.050490 0.036934