0 0.604620 0.391454 0.053763 0.038836
0 0.617942 0.493088 0.055840 0.041856
0 0.799746 0.678714 0.060503 0.048012
0 0.405029 0.374259 0.058857 0.045063
0 0.762302 0.539434 0.066948 0.047446
0 0.600720 0.250770 0.038957 0.030371
0 0.401285 0.786153 0.073177 0.051729
0 0.816122 0.758262 0.073892 0.050104
0 0.790846 0.637180 0.066863 0.046182
0 0.612518 0.457478 0.056412 0.039828
0 0.659397 0.770947 0.070534 0.047533
0 0.555569 0.519708 0.054819 0.040429
0 0.395666 0.594526 0.050080 0.043820
0 0.399840 0.638972 0.071782 0.047576
0 0.397753 0.686548 0.052584 0.050080
0 0.399005 0.735377 0.068443 0.047576
0 0.400257 0.848683 0.055923 0.053836
0 0.558427 0.565104 0.060096 0.047576
0 0.559261 0.605794 0.056757 0.048828
0 0.566356 0.652744 0.067608 0.045072
0 0.568443 0.705329 0.071782 0.050080
0 0.571364 0.752905 0.070947 0.047576
0 0.585554 0.807993 0.072616 0.057592
0 0.580546 0.874349 0.077624 0.065104
0 0.590144 0.946965 0.083467 0.062600
0 0.629791 0.576998 0.062600 0.043820
0 0.637720 0.616436 0.065104 0.052584
0 0.646484 0.664638 0.059261 0.051332
0 0.652744 0.717849 0.068443 0.055088
0 0.669020 0.831781 0.077624 0.060096
0 0.664847 0.896885 0.070947 0.060096
0 0.667351 0.958859 0.064269 0.053836
0 0.718266 0.372296 0.059261 0.040064
0 0.731621 0.409230 0.055923 0.041316
0 0.741219 0.436774 0.045072 0.038812
0 0.744141 0.466822 0.060931 0.038812
0 0.747479 0.504382 0.064269 0.043820
0 0.837624 0.821765 0.070947 0.057592
0 0.851396 0.883739 0.071782 0.053836
0 0.873514 0.940079 0.069278 0.061348