0 0.652049 0.781790 0.075095 0.054401
0 0.831999 0.776025 0.083641 0.052650
0 0.402750 0.788213 0.075438 0.055215
0 0.404306 0.852220 0.074045 0.054023
0 0.657830 0.841009 0.056432 0.044896
0 0.572595 0.784378 0.065486 0.053092
0 0.560582 0.669482 0.072639 0.051673
0 0.636083 0.673753 0.065065 0.051204
0 0.226443 0.800501 0.047131 0.113151
0 0.645924 0.726777 0.060998 0.047669
0 0.403262 0.730661 0.074015 0.054876
0 0.767821 0.497604 0.062370 0.042044
0 0.852804 0.896878 0.072543 0.051113
0 0.656775 0.899909 0.061710 0.050573
0 0.843500 0.836133 0.066089 0.049388
0 0.790543 0.580436 0.058134 0.042773
0 0.816697 0.721546 0.068524 0.049980
0 0.570265 0.731374 0.071571 0.050195
0 0.579631 0.851146 0.072535 0.054440
0 0.405681 0.593757 0.067075 0.047253
0 0.678824 0.969906 0.075226 0.055710
0 0.576068 0.224954 0.044722 0.034401
0 0.806013 0.670583 0.072279 0.049264
0 0.607185 0.499665 0.062053 0.044212
0 0.548661 0.614121 0.065516 0.052930
0 0.411285 0.469111 0.051493 0.042324
0 0.404151 0.679720 0.063407 0.048555
0 0.779881 0.535967 0.061749 0.044434
0 0.873414 0.962796 0.086011 0.058965
0 0.594319 0.401240 0.057839 0.041751
0 0.634510 0.629111 0.059835 0.048405
0 0.742880 0.421325 0.062036 0.044160
0 0.756235 0.458962 0.059162 0.043262
0 0.725312 0.391335 0.052995 0.038451
0 0.406647 0.511214 0.047643 0.042441
0 0.544718 0.572119 0.061181 0.044837
0 0.551721 0.532946 0.063346 0.045632
0 0.403594 0.551055 0.051918 0.045716
0 0.578535 0.910426 0.070308 0.059811
0 0.625859 0.590537 0.059097 0.044811
0 0.705132 0.310430 0.055812 0.043008
0 0.532107 0.376953 0.052609 0.038737
0 0.587233 0.268604 0.038060 0.034967
0 0.591886 0.332832 0.053242 0.041458
0 0.589212 0.301624 0.048503 0.036882
0 0.540469 0.492917 0.052700 0.042292
0 0.721871 0.360371 0.055616 0.038255
0 0.607702 0.465107 0.055638 0.039720
0 0.400879 0.920160 0.064779 0.057454
0 0.527454 0.405830 0.043043 0.038457
0 0.697954 0.283965 0.052730 0.029388
0 0.690171 0.238750 0.038303 0.036419