0 0.388824 0.726917 0.074651 0.058763
0 0.393233 0.624905 0.064766 0.048473
0 0.827450 0.784265 0.081704 0.053931
0 0.638953 0.637928 0.066224 0.050328
0 0.394428 0.676874 0.070401 0.050504
0 0.785891 0.633137 0.065742 0.049322
0 0.805292 0.729862 0.074003 0.055930
0 0.395149 0.778912 0.055243 0.050936
0 0.630759 0.596026 0.068667 0.046235
0 0.566662 0.734290 0.075540 0.052278
0 0.731784 0.429957 0.054097 0.042375
0 0.397726 0.582306 0.050273 0.045745
0 0.649477 0.777538 0.059360 0.048055
0 0.403277 0.540273 0.065921 0.048542
0 0.727190 0.395911 0.057732 0.037685
0 0.632261 0.683862 0.068389 0.046698
0 0.402736 0.467466 0.065197 0.050019
0 0.761961 0.547944 0.061551 0.043033
0 0.581229 0.840230 0.071696 0.051297
0 0.640946 0.728754 0.065077 0.049904
0 0.779370 0.594600 0.068500 0.044717
0 0.715048 0.340263 0.041323 0.035061
0 0.744078 0.476054 0.055797 0.037244
0 0.556633 0.589998 0.057396 0.044287
0 0.400480 0.838904 0.085558 0.058481
0 0.750341 0.510660 0.062312 0.044061
0 0.579876 0.781922 0.052633 0.054533
0 0.658418 0.844418 0.066212 0.059753
0 0.395902 0.370721 0.056005 0.040798
0 0.562835 0.512770 0.060874 0.041107
0 0.554656 0.549854 0.050225 0.041556
0 0.824952 0.839813 0.064804 0.049321
0 0.543507 0.441858 0.050951 0.039242
0 0.611643 0.475515 0.054063 0.040654
0 0.405476 0.433448 0.053832 0.040456
0 0.852586 0.909286 0.072858 0.049433
0 0.547680 0.477160 0.058968 0.037143
0 0.558693 0.680446 0.067589 0.046772
0 0.544968 0.408244 0.056599 0.035596
0 0.599084 0.266453 0.044238 0.038561
0 0.596225 0.332596 0.052456 0.040718
0 0.596893 0.294894 0.047459 0.035490
0 0.608830 0.405295 0.056888 0.040543
0 0.705989 0.316400 0.050599 0.029885
0 0.664725 0.907452 0.066284 0.053857
0 0.707021 0.287443 0.043357 0.030614
0 0.604598 0.369380 0.041757 0.034364
0 0.580128 0.907527 0.068443 0.056340
0 0.587640 0.970753 0.070112 0.055088
0 0.667768 0.978165 0.061765 0.042368
0 0.547993 0.376052 0.044237 0.035056
0 0.605586 0.443034 0.050915 0.036308
0 0.596822 0.240835 0.035056 0.032552
0 0.589727 0.218925 0.044237 0.033804
0 0.690722 0.248347 0.042568 0.027544
0 0.691974 0.269631 0.043403 0.027544
0 0.871010 0.974509 0.075955 0.047576