0 0.386512 0.632969 0.066665 0.051145
0 0.382994 0.679130 0.073572 0.058151
0 0.395320 0.547895 0.066128 0.045798
0 0.389655 0.733667 0.064266 0.053298
0 0.640689 0.733761 0.070593 0.055577
0 0.650019 0.787302 0.079295 0.061701
0 0.659146 0.846182 0.066822 0.051104
0 0.548801 0.515606 0.061195 0.041852
0 0.777229 0.601474 0.074012 0.044702
0 0.558555 0.641188 0.065563 0.051896
0 0.389410 0.787854 0.057615 0.051086
0 0.810226 0.743403 0.078869 0.053555
0 0.572669 0.841812 0.073213 0.053140
0 0.551029 0.553922 0.059439 0.051945
0 0.568602 0.785661 0.063754 0.060363
0 0.540100 0.477542 0.057489 0.040091
0 0.563759 0.732795 0.068375 0.048165
0 0.554423 0.593520 0.048425 0.046620
0 0.633801 0.686454 0.062374 0.047844
0 0.789074 0.646821 0.072403 0.047461
0 0.749442 0.491913 0.065848 0.042517
0 0.632867 0.642777 0.057728 0.046864
0 0.666678 0.912577 0.060170 0.053636
0 0.557520 0.684661 0.052917 0.044366
0 0.828397 0.792943 0.070990 0.054798
0 0.754930 0.527028 0.063265 0.038904
0 0.403376 0.477099 0.060151 0.042807
0 0.623395 0.597753 0.058987 0.048418
0 0.397838 0.512245 0.047720 0.037495
0 0.739729 0.454416 0.059748 0.041405
0 0.541661 0.378943 0.050226 0.038334
0 0.797363 0.693950 0.069559 0.051677
0 0.765359 0.564756 0.067687 0.045609
0 0.621961 0.554865 0.064248 0.050502
0 0.732744 0.424178 0.058246 0.037978
0 0.612539 0.515093 0.051634 0.042665
0 0.584617 0.973408 0.087941 0.048360
0 0.548043 0.442300 0.048918 0.040741
0 0.549288 0.411258 0.056784 0.036705
0 0.832316 0.847338 0.066622 0.054041
0 0.610612 0.484482 0.052510 0.038525
0 0.573023 0.148784 0.042152 0.030536
0 0.390403 0.852583 0.082309 0.061061
0 0.406820 0.439949 0.053708 0.039283
0 0.728282 0.393580 0.047576 0.032552
0 0.532401 0.350019 0.041947 0.032679
0 0.712085 0.341728 0.055126 0.037761
0 0.607767 0.419872 0.053229 0.037560
0 0.612226 0.454302 0.055997 0.036308
0 0.675307 0.981093 0.064370 0.033717
0 0.594015 0.266449 0.037809 0.034226
0 0.602423 0.389606 0.046418 0.037776
0 0.405350 0.406203 0.042190 0.037998
0 0.581556 0.200793 0.033580 0.034358
0 0.383146 0.925055 0.091814 0.058844
0 0.579711 0.911283 0.075955 0.058844
0 0.601412 0.362906 0.049245 0.033804
0 0.596404 0.337240 0.054253 0.035056
0 0.599743 0.311574 0.050915 0.036308
0 0.589727 0.245217 0.049245 0.038812
0 0.854734 0.912535 0.070112 0.048828
0 0.872262 0.978165 0.086806 0.042368
0 0.722022 0.371044 0.051749 0.032552
0 0.673194 0.186999 0.049245 0.030048
0 0.678202 0.208283 0.049245 0.030048
0 0.688218 0.228941 0.045907 0.026292
0 0.691139 0.251477 0.041733 0.028796
0 0.691974 0.272135 0.051749 0.032552
0 0.701990 0.295923 0.048411 0.030048
0 0.708667 0.320964 0.053419 0.032552
0 0.406517 0.376678 0.060096 0.046324
0 0.416116 0.343500 0.039229 0.037560