0 0.602245 0.488681 0.055479 0.044166
0 0.577435 0.332523 0.048945 0.035184
0 0.582451 0.209086 0.034458 0.032271
0 0.688150 0.247757 0.046605 0.030103
0 0.613079 0.566647 0.062353 0.044235
0 0.612811 0.528921 0.060526 0.043801
0 0.600276 0.452806 0.054207 0.042204
0 0.592470 0.416285 0.059338 0.041368
0 0.736737 0.439835 0.055295 0.038997
0 0.364503 0.769265 0.061165 0.055245
0 0.716585 0.353679 0.051603 0.038750
0 0.742616 0.475255 0.054901 0.037203
0 0.599149 0.293419 0.042086 0.041316
0 0.757118 0.507487 0.059106 0.038098
0 0.369552 0.718010 0.070008 0.051385
0 0.390241 0.426758 0.047576 0.040064
0 0.385650 0.460562 0.060096 0.047576
0 0.382312 0.493114 0.051749 0.042568
0 0.386902 0.535682 0.060931 0.045072
0 0.382312 0.572616 0.048411 0.043820
0 0.385233 0.666516 0.072616 0.048828
0 0.363114 0.836163 0.073451 0.057592
0 0.545072 0.560096 0.055088 0.041316
0 0.547993 0.599534 0.064269 0.047576
0 0.554671 0.642728 0.062600 0.051332
0 0.565522 0.753531 0.069278 0.050080
0 0.564269 0.802985 0.070112 0.048828
0 0.575120 0.861829 0.066774 0.056340
0 0.590144 0.928185 0.063435 0.056340
0 0.665682 0.919421 0.059261 0.058844
0 0.656083 0.862455 0.071782 0.055088
0 0.634799 0.757287 0.060931 0.057592
0 0.630626 0.705955 0.064269 0.047576
0 0.630626 0.657752 0.047576 0.046324
0 0.620192 0.610176 0.061765 0.046324
0 0.588892 0.388572 0.040899 0.031300
0 0.596822 0.266501 0.045072 0.032552
0 0.692808 0.294045 0.050080 0.032552
0 0.710754 0.321590 0.040899 0.035056
0 0.728699 0.412986 0.061765 0.032552
0 0.768346 0.544446 0.067608 0.042568
0 0.788795 0.619566 0.065104 0.050080
0 0.804654 0.667142 0.078459 0.055088
0 0.823851 0.724109 0.063435 0.051332
0 0.843466 0.773563 0.060931 0.047576
0 0.851813 0.827399 0.085971 0.052584
0 0.876436 0.951347 0.083467 0.065104