0 0.386904 0.713775 0.075117 0.054975
0 0.385389 0.770776 0.069875 0.055230
0 0.388570 0.826348 0.069748 0.057374
0 0.398132 0.571061 0.075546 0.047508
0 0.749527 0.504373 0.060271 0.041398
0 0.735226 0.467330 0.057926 0.042732
0 0.538096 0.495448 0.057504 0.044012
0 0.388102 0.659055 0.056573 0.049959
0 0.694153 0.288915 0.051070 0.035538
0 0.704843 0.344076 0.054741 0.037188
0 0.722879 0.401572 0.057601 0.041461
0 0.716530 0.373341 0.053399 0.036626
0 0.546446 0.571131 0.060271 0.048271
0 0.687341 0.246604 0.042643 0.031915
0 0.779315 0.663105 0.072957 0.048979
0 0.398178 0.494826 0.053435 0.039731
0 0.768068 0.575347 0.072749 0.045867
0 0.600837 0.463273 0.056987 0.046002
0 0.589275 0.393497 0.042744 0.030758
0 0.594703 0.425490 0.062664 0.036277
0 0.690323 0.261643 0.038691 0.024865
0 0.700920 0.316919 0.051191 0.027285
0 0.534211 0.422239 0.046440 0.033202
0 0.732781 0.430827 0.060840 0.037636
0 0.398170 0.458684 0.045072 0.037560
0 0.381477 0.891251 0.080128 0.056340
0 0.532969 0.394206 0.049245 0.031300
0 0.537977 0.456180 0.055923 0.042568
0 0.555088 0.662134 0.063435 0.043820
0 0.557175 0.712841 0.072616 0.042568
0 0.560096 0.759165 0.075120 0.057592
0 0.566774 0.820513 0.076790 0.055088
0 0.569086 0.882753 0.073834 0.058312
0 0.573868 0.959485 0.085971 0.057592
0 0.608924 0.536308 0.052584 0.040064
0 0.612680 0.572616 0.058427 0.045072
0 0.623531 0.617062 0.055088 0.051332
0 0.633016 0.665618 0.070719 0.051878
0 0.630626 0.712841 0.062600 0.047576
0 0.640712 0.769564 0.067662 0.053777
0 0.652744 0.885617 0.063435 0.055088
0 0.659422 0.956981 0.071782 0.062600
0 0.587640 0.368540 0.056757 0.035056
0 0.581798 0.336614 0.055088 0.033804
0 0.771685 0.620192 0.065939 0.047576
0 0.795473 0.710963 0.066774 0.051332
0 0.816339 0.762921 0.061765 0.050080
0 0.814670 0.820513 0.068443 0.060096
0 0.838041 0.879983 0.075120 0.053836
0 0.847022 0.949931 0.085653 0.062103