0 0.200792 0.758086 0.045543 0.084740
0 0.548505 0.663135 0.070916 0.051178
0 0.797498 0.677516 0.076402 0.053392
0 0.383129 0.699639 0.075451 0.051296
0 0.543661 0.617070 0.064727 0.044831
0 0.577446 0.899818 0.071576 0.061159
0 0.780423 0.594372 0.067348 0.045892
0 0.382007 0.647721 0.066341 0.049010
0 0.541736 0.571497 0.061398 0.042878
0 0.383234 0.947913 0.086797 0.063561
0 0.570501 0.833109 0.074249 0.055410
0 0.809870 0.728001 0.072795 0.050924
0 0.836367 0.831579 0.080434 0.059382
0 0.385401 0.874766 0.078277 0.062839
0 0.823841 0.776182 0.079696 0.055475
0 0.398885 0.430251 0.054852 0.044134
0 0.400237 0.589046 0.065343 0.046361
0 0.615521 0.629893 0.066467 0.048822
0 0.786858 0.633711 0.056293 0.043854
0 0.559499 0.723750 0.075256 0.051107
0 0.399774 0.504505 0.047179 0.040195
0 0.642724 0.784352 0.072591 0.054603
0 0.758726 0.482038 0.061845 0.048372
0 0.652240 0.842178 0.068602 0.057741
0 0.611530 0.586758 0.060273 0.046667
0 0.844753 0.900563 0.072908 0.057663
0 0.565875 0.774648 0.066220 0.051458
0 0.379761 0.757025 0.058958 0.049492
0 0.639462 0.730501 0.061554 0.050768
0 0.579477 0.971172 0.089518 0.054440
0 0.664375 0.915199 0.078507 0.064408
0 0.401558 0.545352 0.060582 0.043542
0 0.401528 0.466888 0.045712 0.040990
0 0.625831 0.681956 0.064518 0.049408
0 0.764091 0.523311 0.065221 0.040449
0 0.537331 0.463307 0.060417 0.041914
0 0.602897 0.440752 0.055438 0.038691
0 0.606287 0.546110 0.061662 0.043652
0 0.535000 0.532275 0.059957 0.040410
0 0.743509 0.436432 0.058494 0.041263
0 0.599358 0.407448 0.050495 0.038398
0 0.858798 0.969027 0.077439 0.057142
0 0.770232 0.556064 0.051905 0.041673
0 0.607682 0.474297 0.056901 0.043919
0 0.410584 0.369655 0.058546 0.043789
0 0.604405 0.508148 0.054184 0.044915
0 0.594117 0.322204 0.040256 0.034290
0 0.733446 0.404001 0.048854 0.036660
0 0.409442 0.403011 0.058312 0.043014
0 0.711059 0.315830 0.050538 0.034121
0 0.701198 0.287572 0.047457 0.036029
0 0.596491 0.351501 0.048694 0.035215
0 0.717151 0.345088 0.057791 0.035814
0 0.665334 0.979997 0.065347 0.037845
0 0.721897 0.374671 0.054193 0.034941
0 0.596239 0.378971 0.053407 0.039544
0 0.697667 0.258415 0.050490 0.039473