0 0.388128 0.731362 0.073263 0.057053
0 0.515470 0.390261 0.056092 0.041873
0 0.575726 0.735530 0.080697 0.063925
0 0.786524 0.646634 0.071697 0.051360
0 0.395845 0.631654 0.071579 0.049925
0 0.577561 0.640019 0.070104 0.047836
0 0.602615 0.331460 0.049467 0.039303
0 0.651794 0.697882 0.067740 0.055309
0 0.392283 0.679067 0.069012 0.052009
0 0.397092 0.424267 0.059707 0.049117
0 0.624603 0.524914 0.064097 0.042746
0 0.777557 0.604235 0.069981 0.049192
0 0.749394 0.483490 0.066430 0.045540
0 0.739805 0.447720 0.063944 0.041960
0 0.730919 0.415079 0.060342 0.037611
0 0.622830 0.482765 0.062387 0.051525
0 0.655037 0.800827 0.077728 0.060729
0 0.604905 0.383859 0.057203 0.037074
0 0.576114 0.788233 0.068042 0.054725
0 0.726988 0.380255 0.056674 0.036666
0 0.615377 0.449771 0.055552 0.039225
0 0.715716 0.349697 0.057103 0.039765
0 0.587129 0.856776 0.076077 0.056056
0 0.629062 0.564444 0.059991 0.042503
0 0.579008 0.920331 0.081020 0.056138
0 0.391525 0.855154 0.091202 0.072549
0 0.636662 0.605958 0.057560 0.046214
0 0.659953 0.860473 0.059979 0.054768
0 0.653222 0.739675 0.055595 0.048745
0 0.574072 0.685271 0.060247 0.050857
0 0.760322 0.520964 0.063245 0.050721
0 0.612971 0.419619 0.052837 0.040570
0 0.772688 0.563867 0.059481 0.051457
0 0.845693 0.855782 0.069833 0.049653
0 0.665687 0.921600 0.061526 0.053786
0 0.577693 0.597590 0.068581 0.045205
0 0.651354 0.650107 0.058650 0.044618
0 0.394562 0.788072 0.058881 0.059164
0 0.564262 0.558488 0.076187 0.041634
0 0.800398 0.689066 0.060871 0.043540
0 0.830259 0.800644 0.079589 0.052258
0 0.383337 0.915877 0.087635 0.062875
0 0.807158 0.741011 0.066774 0.053836
0 0.861412 0.921925 0.075120 0.057592
0 0.870593 0.975761 0.085136 0.042568