0 0.810837 0.737468 0.080651 0.052535
0 0.789916 0.646065 0.070970 0.048244
0 0.806679 0.688527 0.074497 0.047110
0 0.767734 0.516428 0.066384 0.044769
0 0.755051 0.479837 0.059142 0.037299
0 0.650256 0.787654 0.062817 0.048206
0 0.571706 0.784991 0.073449 0.056254
0 0.570033 0.730434 0.068340 0.051352
0 0.817176 0.789312 0.061390 0.051368
0 0.774730 0.557189 0.067517 0.044432
0 0.838872 0.846883 0.070936 0.050822
0 0.569673 0.681683 0.065963 0.047023
0 0.651843 0.847046 0.076567 0.053378
0 0.543189 0.379840 0.053004 0.036855
0 0.725778 0.369792 0.059261 0.042568
0 0.735995 0.406856 0.051558 0.036459
0 0.643810 0.688588 0.070276 0.051804
0 0.640119 0.734934 0.054577 0.042012
0 0.700924 0.292965 0.048873 0.041658
0 0.745520 0.440675 0.056503 0.043530
0 0.709502 0.340996 0.046741 0.030048
0 0.696082 0.258653 0.042127 0.036094
0 0.858114 0.908399 0.089101 0.061035
0 0.620138 0.521892 0.061874 0.036272
0 0.560073 0.628177 0.048457 0.043514
0 0.624811 0.560648 0.057950 0.042882
0 0.332428 0.902714 0.063041 0.058454
0 0.414864 0.385442 0.058427 0.043820
0 0.401509 0.445538 0.050080 0.036308
0 0.400257 0.480594 0.057592 0.038812
0 0.401092 0.519406 0.059261 0.038812
0 0.398170 0.552584 0.048411 0.037560
0 0.396084 0.593274 0.067608 0.048828
0 0.394414 0.635216 0.049245 0.042568
0 0.313452 0.682792 0.074286 0.052584
0 0.391910 0.685296 0.055923 0.047576
0 0.386485 0.733499 0.071782 0.051332
0 0.337657 0.776067 0.059261 0.053836
0 0.335153 0.845553 0.062600 0.047576
0 0.553419 0.514398 0.056757 0.033804
0 0.553419 0.554462 0.055088 0.038812
0 0.562183 0.593900 0.050915 0.040064
0 0.574286 0.849309 0.068443 0.050080
0 0.580546 0.914413 0.069278 0.060096
0 0.587223 0.975035 0.084302 0.048628
0 0.672776 0.975761 0.065104 0.045072
0 0.661091 0.913787 0.061765 0.053836
0 0.631878 0.643354 0.060096 0.043820
0 0.628539 0.601412 0.045072 0.040064
0 0.616019 0.482472 0.061765 0.037560
0 0.610594 0.448042 0.052584 0.041316
0 0.607255 0.417368 0.054253 0.035056
0 0.600160 0.384190 0.048411 0.041316
0 0.595152 0.357272 0.050080 0.032552
0 0.590144 0.329728 0.040064 0.030048
0 0.590979 0.304061 0.048411 0.031300
0 0.589310 0.279647 0.045072 0.027544
0 0.585554 0.255859 0.047576 0.032552
0 0.580128 0.231445 0.051749 0.031300
0 0.578459 0.210787 0.045072 0.032552
0 0.573451 0.186373 0.033387 0.028796
0 0.567191 0.167593 0.042568 0.028796
0 0.669855 0.153195 0.045907 0.027544
0 0.672776 0.171975 0.038395 0.025040
0 0.679454 0.193885 0.043403 0.028796
0 0.684879 0.217047 0.044237 0.025040
0 0.690304 0.237079 0.041733 0.027544
0 0.708667 0.319712 0.050080 0.030048
0 0.860994 0.974509 0.072616 0.047576