0 0.315526 0.846925 0.064864 0.055926
0 0.357065 0.716820 0.069226 0.050461
0 0.320149 0.771964 0.076133 0.056362
0 0.787870 0.647105 0.067427 0.042580
0 0.575114 0.171574 0.041508 0.031167
0 0.754137 0.519244 0.066758 0.048622
0 0.354105 0.667798 0.071252 0.052236
0 0.800396 0.693201 0.072446 0.048044
0 0.782025 0.597632 0.065752 0.041364
0 0.770433 0.558218 0.067608 0.037560
0 0.701794 0.290312 0.053026 0.035668
0 0.692052 0.254099 0.040843 0.037898
0 0.632295 0.695413 0.065974 0.049810
0 0.675312 0.923841 0.070884 0.057669
0 0.728012 0.441370 0.052878 0.038383
0 0.642121 0.745328 0.063489 0.049268
0 0.822932 0.786857 0.067438 0.048531
0 0.607893 0.528893 0.059852 0.043465
0 0.564198 0.650102 0.064042 0.048147
0 0.723384 0.403015 0.058343 0.039444
0 0.841005 0.843701 0.071868 0.052531
0 0.359412 0.534150 0.050709 0.044204
0 0.655035 0.808941 0.063828 0.051057
0 0.712902 0.319433 0.050636 0.033735
0 0.629989 0.652650 0.048866 0.038555
0 0.663650 0.861552 0.059007 0.051675
0 0.618456 0.607572 0.060391 0.044824
0 0.379827 0.496191 0.063779 0.040076
0 0.599198 0.454425 0.055639 0.041389
0 0.582101 0.866838 0.079515 0.058190
0 0.580585 0.277895 0.048735 0.039604
0 0.601300 0.490396 0.051106 0.036495
0 0.757395 0.475090 0.059738 0.043491
0 0.686036 0.230741 0.048032 0.033214
0 0.714201 0.374716 0.049384 0.033911
0 0.579731 0.809184 0.075062 0.054610
0 0.403539 0.378928 0.058363 0.043810
0 0.538548 0.477849 0.057647 0.044573
0 0.562530 0.694334 0.054397 0.043485
0 0.542954 0.518917 0.058278 0.041878
0 0.596777 0.315370 0.040092 0.033511
0 0.358790 0.576520 0.050340 0.046241
0 0.714574 0.343497 0.043630 0.028942
0 0.356106 0.620766 0.051023 0.046471
0 0.575918 0.340586 0.052658 0.044638
0 0.569044 0.748093 0.072149 0.055947
0 0.588591 0.937950 0.080549 0.055785
0 0.552426 0.601059 0.056337 0.044201
0 0.591926 0.395829 0.045366 0.040962
0 0.682811 0.208610 0.048486 0.031522
0 0.532044 0.412742 0.049023 0.039408
0 0.848080 0.905977 0.084349 0.060693
0 0.870754 0.968130 0.092024 0.055666
0 0.535724 0.447580 0.050581 0.035980
0 0.597656 0.988494 0.082632 0.021710
0 0.685714 0.978891 0.065104 0.040064
0 0.584302 0.370418 0.042568 0.032552