0 0.382661 0.778600 0.074679 0.059388
0 0.377756 0.719977 0.081120 0.064134
0 0.567244 0.842591 0.081736 0.058490
0 0.376664 0.662051 0.073624 0.057370
0 0.576968 0.967956 0.088772 0.057513
0 0.380569 0.611331 0.066302 0.047051
0 0.575885 0.901133 0.076319 0.058880
0 0.630671 0.635143 0.071350 0.052591
0 0.647381 0.778805 0.070221 0.055410
0 0.802096 0.732910 0.081849 0.054570
0 0.621174 0.551882 0.055855 0.046341
0 0.663776 0.903460 0.061884 0.056543
0 0.834071 0.840228 0.082700 0.059063
0 0.617880 0.511973 0.058043 0.047227
0 0.639434 0.681579 0.060299 0.047936
0 0.562092 0.731110 0.075156 0.053874
0 0.763238 0.555111 0.072205 0.046016
0 0.642062 0.727422 0.072986 0.053828
0 0.380408 0.911973 0.076502 0.067461
0 0.798405 0.684583 0.069805 0.049987
0 0.717086 0.364111 0.057895 0.037298
0 0.754885 0.514867 0.064379 0.046895
0 0.670152 0.970990 0.076840 0.052096
0 0.861228 0.969326 0.086024 0.055007
0 0.563257 0.783239 0.075803 0.056855
0 0.552624 0.590407 0.050169 0.046621
0 0.380543 0.835599 0.081710 0.065130
0 0.789638 0.635970 0.076897 0.053815
0 0.824128 0.783197 0.068203 0.054831
0 0.610794 0.441094 0.056224 0.042474
0 0.580612 0.235615 0.044245 0.036100
0 0.626632 0.592754 0.054358 0.044648
0 0.845349 0.898610 0.072947 0.060996
0 0.768861 0.595169 0.072756 0.050612
0 0.616263 0.477523 0.056788 0.041530
0 0.738813 0.450999 0.059362 0.038822
0 0.653739 0.837318 0.070898 0.060951
0 0.596827 0.373779 0.054219 0.041960
0 0.729477 0.420003 0.054023 0.036204
0 0.724093 0.393034 0.057075 0.035026
0 0.413084 0.363633 0.043789 0.039167
0 0.553924 0.635329 0.069670 0.051947
0 0.744690 0.481416 0.056515 0.041309
0 0.604110 0.407233 0.050686 0.039453