0 0.386649 0.730152 0.069559 0.056177
0 0.388638 0.677958 0.052073 0.047938
0 0.781464 0.603253 0.066245 0.045949
0 0.390392 0.583582 0.071282 0.052729
0 0.769446 0.560293 0.067078 0.037953
0 0.756925 0.519752 0.067080 0.042008
0 0.734704 0.438167 0.062596 0.039007
0 0.586373 0.898731 0.083165 0.062791
0 0.401131 0.507606 0.059550 0.042113
0 0.657798 0.842011 0.065413 0.051939
0 0.400149 0.468225 0.062200 0.039831
0 0.724526 0.399840 0.056757 0.042568
0 0.791000 0.646813 0.065825 0.046962
0 0.404957 0.432278 0.069894 0.042339
0 0.664766 0.895574 0.059332 0.052396
0 0.629830 0.602918 0.062521 0.048084
0 0.381199 0.542855 0.049967 0.038193
0 0.714045 0.318463 0.044332 0.035063
0 0.385404 0.630547 0.065945 0.054454
0 0.607706 0.470974 0.057026 0.041993
0 0.550858 0.539943 0.060620 0.042771
0 0.599485 0.963511 0.083953 0.061812
0 0.619502 0.512142 0.060874 0.044900
0 0.743271 0.475765 0.057979 0.047238
0 0.814667 0.761689 0.066768 0.050120
0 0.828035 0.818056 0.085115 0.055182
0 0.838945 0.883113 0.069974 0.052584
0 0.805906 0.693556 0.060931 0.048585
0 0.861515 0.946642 0.073245 0.060742
0 0.567459 0.626979 0.072744 0.042939
0 0.617223 0.558613 0.057192 0.044819
0 0.603746 0.320042 0.046297 0.034719
0 0.570366 0.734218 0.067936 0.052397
0 0.723978 0.367283 0.052846 0.035065
0 0.707503 0.291215 0.055748 0.035654
0 0.676433 0.972181 0.057417 0.046953
0 0.546347 0.498970 0.054300 0.044628
0 0.562115 0.585292 0.050187 0.045354
0 0.643166 0.647769 0.065897 0.047641
0 0.566783 0.679662 0.071762 0.051332
0 0.642973 0.784253 0.056269 0.052488
0 0.692312 0.246617 0.055764 0.033508
0 0.548469 0.398943 0.054697 0.035450
0 0.412360 0.353516 0.045072 0.035056
0 0.401926 0.387946 0.059261 0.041316
0 0.393580 0.785457 0.060931 0.055088
0 0.388989 0.850561 0.076790 0.060096
0 0.386485 0.912535 0.063435 0.056340
0 0.579294 0.841797 0.076790 0.057592
0 0.570947 0.787335 0.063435 0.048828
0 0.646484 0.739133 0.064269 0.047576
0 0.638555 0.692808 0.056757 0.047576
0 0.542568 0.465570 0.053419 0.038812
0 0.548411 0.434896 0.055088 0.040064
0 0.543820 0.369792 0.050915 0.035056
0 0.610176 0.442408 0.050080 0.042568
0 0.605586 0.412360 0.054253 0.040064
0 0.603082 0.382938 0.057592 0.038812
0 0.602247 0.353516 0.050915 0.037560
0 0.600578 0.294045 0.042568 0.031300
0 0.701990 0.268379 0.053419 0.032552
0 0.597239 0.269005 0.037560 0.033804
0 0.594735 0.248973 0.047576 0.028796
0 0.589727 0.227063 0.045907 0.030048
0 0.590144 0.205153 0.046741 0.028796
0 0.684044 0.222055 0.050915 0.037560