0 0.394689 0.734330 0.073990 0.055757
0 0.388364 0.677987 0.070466 0.056784
0 0.395054 0.585435 0.066780 0.051485
0 0.388538 0.789507 0.057151 0.050187
0 0.756737 0.526370 0.070845 0.040520
0 0.740548 0.457860 0.056341 0.042900
0 0.627741 0.597180 0.066574 0.053624
0 0.655565 0.846929 0.067708 0.053869
0 0.396815 0.625751 0.060128 0.048763
0 0.749573 0.491774 0.065500 0.042542
0 0.620760 0.519630 0.060631 0.039260
0 0.396644 0.543440 0.047425 0.044104
0 0.639222 0.737288 0.059425 0.049940
0 0.599360 0.387506 0.056826 0.039692
0 0.771899 0.564066 0.063006 0.045194
0 0.558761 0.733170 0.067687 0.051358
0 0.400955 0.504661 0.064870 0.048580
0 0.730551 0.396157 0.060229 0.037900
0 0.733319 0.425354 0.057562 0.043809
0 0.784259 0.602688 0.061274 0.046603
0 0.614323 0.481610 0.055417 0.046778
0 0.637504 0.690067 0.060468 0.050805
0 0.723770 0.365652 0.056046 0.036517
0 0.628064 0.558984 0.066054 0.040343
0 0.554558 0.552400 0.062908 0.044412
0 0.595774 0.323050 0.047985 0.038395
0 0.572407 0.842450 0.064711 0.060673
0 0.611114 0.449501 0.055293 0.038288
0 0.561406 0.632453 0.066703 0.050014
0 0.713078 0.344124 0.052944 0.028792
0 0.631618 0.640535 0.064298 0.055161
0 0.661102 0.905465 0.060810 0.052023
0 0.556003 0.592566 0.062511 0.042434
0 0.392080 0.848356 0.085144 0.057262
0 0.558237 0.676846 0.051652 0.048390
0 0.561436 0.781978 0.072286 0.049241
0 0.584198 0.974165 0.087534 0.047222
0 0.705671 0.295416 0.044234 0.031232
0 0.800785 0.690374 0.061812 0.047335
0 0.401021 0.471061 0.061502 0.042133
0 0.550076 0.481009 0.056849 0.047873
0 0.642607 0.788210 0.057010 0.051330
0 0.696222 0.267741 0.050199 0.030967
0 0.579711 0.911909 0.070947 0.060096
0 0.668603 0.982647 0.060096 0.031300
0 0.588892 0.352890 0.044237 0.033804
0 0.604334 0.416742 0.048411 0.038812
0 0.816339 0.739133 0.060096 0.045072
0 0.822182 0.794221 0.075120 0.052584
0 0.835954 0.849935 0.065939 0.048828
0 0.852230 0.911909 0.070112 0.055088
0 0.861412 0.978265 0.081798 0.040064
0 0.787126 0.649614 0.061765 0.041316
0 0.709919 0.319712 0.047576 0.030048
0 0.690304 0.248973 0.050080 0.026292
0 0.684879 0.227063 0.039229 0.030048