0 0.210197 0.826094 0.092956 0.065065
0 0.309314 0.608372 0.072569 0.048307
0 0.381780 0.768027 0.077370 0.061953
0 0.194492 0.896953 0.094323 0.058464
0 0.762135 0.537135 0.063411 0.045508
0 0.659757 0.825394 0.079722 0.060775
0 0.754677 0.499893 0.059484 0.042025
0 0.641916 0.674837 0.072739 0.049297
0 0.803537 0.673760 0.077387 0.049694
0 0.776836 0.578021 0.067882 0.044883
0 0.213522 0.768151 0.065256 0.052956
0 0.630883 0.615130 0.064110 0.050495
0 0.544303 0.538675 0.065595 0.049512
0 0.666415 0.890322 0.064366 0.053053
0 0.224972 0.720505 0.068641 0.050124
0 0.861105 0.970436 0.074631 0.053490
0 0.582196 0.968285 0.087891 0.058001
0 0.391441 0.965801 0.074731 0.060964
0 0.389586 0.899222 0.079353 0.065033
0 0.558453 0.723805 0.068980 0.052311
0 0.379397 0.573763 0.073993 0.058815
0 0.677613 0.959775 0.080356 0.056999
0 0.640521 0.722100 0.076111 0.058366
0 0.846361 0.902783 0.073199 0.053145
0 0.652164 0.775280 0.058346 0.048789
0 0.812823 0.730391 0.062001 0.052786
0 0.602485 0.399362 0.055438 0.041354
0 0.399104 0.414277 0.053937 0.038555
0 0.575267 0.771826 0.074796 0.056309
0 0.381137 0.710882 0.077135 0.064772
0 0.381951 0.532832 0.068372 0.043984
0 0.602474 0.432445 0.055347 0.042363
0 0.549902 0.622607 0.065638 0.053327
0 0.732574 0.433610 0.057873 0.045488
0 0.578045 0.895863 0.070386 0.056699
0 0.607198 0.494844 0.056949 0.045599
0 0.380940 0.622331 0.065135 0.051198
0 0.541102 0.499206 0.059193 0.044805
0 0.620100 0.569684 0.055634 0.050072
0 0.829976 0.835472 0.064718 0.047480
0 0.784568 0.617122 0.058477 0.048464
0 0.558375 0.676813 0.069770 0.052428
0 0.388105 0.486826 0.049102 0.045267
0 0.393696 0.450410 0.050039 0.042435
0 0.386799 0.839141 0.067444 0.060508
0 0.722151 0.398613 0.056341 0.042930
0 0.825391 0.778424 0.068394 0.052318
0 0.609340 0.533258 0.061641 0.047572
0 0.708843 0.342614 0.054883 0.036296
0 0.672151 0.211794 0.049319 0.036543
0 0.537411 0.464733 0.049718 0.039375
0 0.712906 0.369736 0.052826 0.036009
0 0.702389 0.313408 0.047652 0.035436
0 0.586955 0.283369 0.049588 0.035866
0 0.536747 0.374681 0.043147 0.044635
0 0.692253 0.286514 0.046345 0.035059
0 0.594494 0.333678 0.054275 0.040469
0 0.686443 0.263913 0.051376 0.030599
0 0.381352 0.663900 0.061793 0.048346
0 0.589761 0.355781 0.043064 0.040286
0 0.590822 0.307725 0.051532 0.036074
0 0.679093 0.236758 0.041753 0.034609