0 0.401278 0.632012 0.068832 0.054870
0 0.557118 0.728945 0.075972 0.052070
0 0.781790 0.633464 0.075603 0.050833
0 0.563149 0.781748 0.085612 0.060618
0 0.625282 0.633590 0.068351 0.049967
0 0.543513 0.507546 0.061957 0.041706
0 0.855065 0.965273 0.091840 0.060430
0 0.574019 0.841090 0.074036 0.053991
0 0.543804 0.631029 0.058720 0.046602
0 0.729529 0.412640 0.061697 0.041478
0 0.396161 0.682497 0.066671 0.051035
0 0.389212 0.783438 0.071115 0.054635
0 0.775289 0.590339 0.061332 0.048516
0 0.579920 0.900329 0.076011 0.061257
0 0.580935 0.962227 0.081567 0.060208
0 0.691235 0.968551 0.077626 0.054863
0 0.540449 0.584831 0.048980 0.044375
0 0.824950 0.780579 0.077704 0.052409
0 0.797645 0.681882 0.074518 0.053060
0 0.617040 0.546481 0.052526 0.045814
0 0.393537 0.845501 0.082292 0.057956
0 0.601764 0.443447 0.056220 0.041048
0 0.213533 0.742845 0.039818 0.079440
0 0.746239 0.480648 0.059709 0.037207
0 0.647233 0.780433 0.057739 0.048809
0 0.641150 0.726527 0.062856 0.047871
0 0.634353 0.677435 0.060842 0.046758
0 0.386395 0.730251 0.058173 0.054043
0 0.558181 0.677080 0.069071 0.048079
0 0.623830 0.588685 0.066289 0.048190
0 0.835625 0.837523 0.073455 0.053678
0 0.402268 0.585358 0.051463 0.045729
0 0.604160 0.475876 0.056801 0.038132
0 0.614175 0.510397 0.057361 0.045990
0 0.738950 0.447012 0.058828 0.041888
0 0.663843 0.898919 0.058633 0.046680
0 0.543411 0.544427 0.057665 0.044648
0 0.754861 0.512552 0.062092 0.042786
0 0.847954 0.896387 0.072635 0.057148
0 0.403969 0.434450 0.065117 0.050397
0 0.533806 0.409557 0.046762 0.038750
0 0.804462 0.727581 0.075469 0.053509
0 0.758403 0.551735 0.063099 0.045866
0 0.651871 0.835820 0.061111 0.056172
0 0.542819 0.475290 0.058520 0.038014
0 0.719588 0.384180 0.056224 0.036497
0 0.398568 0.542035 0.065087 0.049863
0 0.596717 0.412246 0.050681 0.037422
0 0.393800 0.911914 0.067582 0.056706
0 0.538997 0.442360 0.058689 0.040462
0 0.581775 0.257373 0.048976 0.039395
0 0.398370 0.474401 0.052956 0.044076
0 0.595812 0.380469 0.043689 0.039570
0 0.692474 0.285814 0.042352 0.030273
0 0.588325 0.304183 0.050174 0.036296
0 0.707700 0.333001 0.044392 0.035182
0 0.406860 0.507402 0.060152 0.042109
0 0.593553 0.354821 0.042305 0.036621
0 0.716000 0.359743 0.054787 0.032142
0 0.700495 0.310072 0.046997 0.035456
0 0.592687 0.327165 0.040755 0.033822