0 0.791115 0.678962 0.078220 0.049681
0 0.833542 0.836650 0.078837 0.055020
0 0.624095 0.551771 0.062331 0.045339
0 0.585777 0.971543 0.078281 0.051719
0 0.562326 0.782666 0.066875 0.053092
0 0.857218 0.966423 0.085425 0.059655
0 0.628902 0.632712 0.060139 0.047415
0 0.734642 0.418529 0.058477 0.038802
0 0.391673 0.722165 0.071072 0.057168
0 0.548895 0.546647 0.063789 0.043529
0 0.552320 0.584202 0.063355 0.050436
0 0.234507 0.700677 0.055551 0.156875
0 0.636161 0.677738 0.061202 0.048496
0 0.636350 0.728086 0.056554 0.048763
0 0.810315 0.724023 0.062010 0.045299
0 0.623487 0.589518 0.056471 0.043125
0 0.389761 0.846074 0.083707 0.059310
0 0.405295 0.506208 0.061970 0.046009
0 0.845163 0.894899 0.072565 0.056543
0 0.642381 0.782614 0.073711 0.053405
0 0.570634 0.837936 0.083854 0.058529
0 0.667715 0.975163 0.061541 0.044635
0 0.745909 0.515036 0.063077 0.044030
0 0.579004 0.900277 0.073433 0.058418
0 0.599965 0.415173 0.060747 0.042715
0 0.555714 0.628809 0.062088 0.048815
0 0.664214 0.900514 0.076693 0.062344
0 0.768885 0.593538 0.069974 0.044928
0 0.539900 0.508320 0.060703 0.043971
0 0.700757 0.310290 0.052348 0.034147
0 0.397389 0.674489 0.073511 0.056790
0 0.396821 0.627803 0.072504 0.055605
0 0.405213 0.582822 0.066311 0.052910
0 0.739047 0.450758 0.051662 0.036270
0 0.822483 0.778577 0.060964 0.045566
0 0.594687 0.381318 0.055417 0.041803
0 0.558466 0.674925 0.072895 0.050384
0 0.405156 0.544424 0.062969 0.044290
0 0.788388 0.629287 0.076576 0.047598
0 0.389579 0.777852 0.078915 0.061576
0 0.528676 0.379600 0.053177 0.048835
0 0.712337 0.333112 0.051228 0.034544
0 0.656491 0.836276 0.065603 0.054544
0 0.560720 0.722946 0.076545 0.052702
0 0.584225 0.279642 0.040924 0.035794
0 0.536868 0.474173 0.051115 0.040352
0 0.761291 0.549889 0.055569 0.044492
0 0.409783 0.470853 0.049245 0.041615
0 0.409208 0.420583 0.045074 0.043405
0 0.740382 0.478408 0.057049 0.040410
0 0.539338 0.441673 0.047044 0.037578
0 0.603001 0.444805 0.055812 0.037826
0 0.607943 0.477337 0.057457 0.040208
0 0.579661 0.248454 0.039670 0.039499
0 0.610623 0.509535 0.062010 0.049720
0 0.697118 0.284525 0.052422 0.031484
0 0.718186 0.362321 0.054271 0.040632
0 0.591936 0.351250 0.043863 0.036107
0 0.695840 0.264538 0.051150 0.033190
0 0.592704 0.326217 0.041719 0.038151