0 0.590792 0.419243 0.055462 0.040058
0 0.796945 0.625707 0.055340 0.042726
0 0.786316 0.583683 0.062110 0.045842
0 0.772426 0.542177 0.069263 0.042711
0 0.738463 0.439580 0.057349 0.041085
0 0.744425 0.474217 0.062286 0.039399
0 0.563489 0.750525 0.078351 0.051083
0 0.757737 0.507698 0.063329 0.042305
0 0.361733 0.838197 0.074545 0.051645
0 0.613490 0.567084 0.062878 0.045646
0 0.563312 0.805447 0.068689 0.056424
0 0.717125 0.355959 0.053197 0.038691
0 0.575950 0.861797 0.070121 0.061411
0 0.601303 0.489199 0.061915 0.049866
0 0.555315 0.688008 0.069568 0.049382
0 0.735050 0.409682 0.062117 0.033383
0 0.366935 0.899974 0.087510 0.062519
0 0.688585 0.267739 0.045723 0.029349
0 0.383452 0.615522 0.069327 0.050448
0 0.631381 0.703179 0.061079 0.049637
0 0.820547 0.723811 0.070236 0.047396
0 0.850950 0.824989 0.084357 0.055276
0 0.611780 0.527805 0.062550 0.043821
0 0.554175 0.641586 0.066930 0.041098
0 0.707430 0.318420 0.041909 0.038570
0 0.841340 0.771698 0.063515 0.048854
0 0.619674 0.609886 0.063889 0.048802
0 0.390658 0.424880 0.045072 0.038812
0 0.388154 0.459310 0.058427 0.042568
0 0.382729 0.495618 0.059261 0.042568
0 0.384398 0.536934 0.062600 0.045072
0 0.383146 0.574494 0.055088 0.045072
0 0.386485 0.664638 0.071782 0.060096
0 0.371044 0.722857 0.065939 0.051332
0 0.364366 0.772937 0.057592 0.051332
0 0.589727 0.931315 0.064269 0.057592
0 0.664012 0.916291 0.065939 0.055088
0 0.651910 0.863707 0.066774 0.052584
0 0.639807 0.808619 0.067608 0.057592
0 0.637720 0.756035 0.061765 0.055088
0 0.547576 0.596404 0.065104 0.046324
0 0.541316 0.556340 0.057592 0.041316
0 0.630626 0.659004 0.049245 0.041316
0 0.586806 0.389824 0.043403 0.036308
0 0.691139 0.295297 0.050080 0.035056
0 0.865585 0.909405 0.075120 0.056340