0 0.767756 0.580985 0.064741 0.044736
0 0.810825 0.762725 0.067782 0.053519
0 0.803648 0.710429 0.079159 0.053617
0 0.647244 0.822804 0.067128 0.056233
0 0.558496 0.764062 0.078421 0.054272
0 0.647224 0.711720 0.071789 0.054852
0 0.831777 0.881013 0.080688 0.059142
0 0.562760 0.709397 0.066022 0.059426
0 0.738223 0.465958 0.067677 0.042346
0 0.632240 0.660757 0.071483 0.054472
0 0.564505 0.821428 0.072894 0.060668
0 0.782787 0.662890 0.074359 0.055271
0 0.746174 0.500836 0.063855 0.047238
0 0.643691 0.766598 0.071839 0.057822
0 0.623520 0.615487 0.067184 0.049744
0 0.715280 0.372256 0.061218 0.041776
0 0.846940 0.949840 0.087266 0.057564
0 0.778178 0.617785 0.055576 0.043937
0 0.361324 0.713887 0.058724 0.045136
0 0.361136 0.771522 0.072241 0.051316
0 0.735672 0.432087 0.059505 0.038170
0 0.363474 0.661834 0.072732 0.053235
0 0.755640 0.536557 0.056628 0.044378
0 0.544101 0.572072 0.058523 0.044058
0 0.368496 0.606360 0.068387 0.050454
0 0.702331 0.341330 0.052512 0.040320
0 0.815561 0.824094 0.066973 0.061173
0 0.548738 0.615430 0.058386 0.047349
0 0.609519 0.496858 0.064430 0.044324
0 0.587403 0.369721 0.051343 0.040529
0 0.725739 0.406043 0.056303 0.038815
0 0.369823 0.563055 0.066710 0.049171
0 0.374797 0.524358 0.068524 0.044350
0 0.356900 0.828841 0.065109 0.056358
0 0.613418 0.538186 0.061960 0.046325
0 0.584934 0.336122 0.040045 0.034905
0 0.619214 0.574855 0.059906 0.047875
0 0.542251 0.532822 0.061225 0.042468
0 0.606083 0.463908 0.053778 0.040070
0 0.539824 0.459044 0.058101 0.036995
0 0.574842 0.217571 0.047013 0.043500
0 0.549632 0.656023 0.071067 0.043000
0 0.543534 0.495328 0.051703 0.037305
0 0.573963 0.943442 0.080413 0.059456
0 0.694790 0.315887 0.042779 0.035193
0 0.376602 0.488394 0.049004 0.037090
0 0.669716 0.954428 0.067305 0.054507
0 0.346615 0.890578 0.081570 0.065137
0 0.688445 0.247288 0.042113 0.037945
0 0.570500 0.880093 0.071006 0.064073
0 0.601833 0.433913 0.046748 0.035595
0 0.592557 0.397604 0.051567 0.044536
0 0.401159 0.361682 0.059396 0.043878