0 0.388213 0.730313 0.073246 0.052670
0 0.578197 0.740263 0.077273 0.051799
0 0.578641 0.641915 0.069016 0.049487
0 0.398726 0.585817 0.069001 0.046215
0 0.401368 0.546302 0.055392 0.041474
0 0.788695 0.647109 0.070737 0.051547
0 0.651232 0.697511 0.061799 0.050304
0 0.769066 0.564394 0.071673 0.047597
0 0.639168 0.604796 0.057113 0.041443
0 0.778046 0.604497 0.067206 0.048264
0 0.622809 0.482955 0.064081 0.047525
0 0.586019 0.857097 0.071816 0.053779
0 0.727278 0.381551 0.055742 0.039923
0 0.603562 0.332535 0.050051 0.038488
0 0.649834 0.653094 0.054232 0.048276
0 0.402815 0.503576 0.046768 0.045196
0 0.555711 0.483949 0.059036 0.040021
0 0.565908 0.558659 0.067808 0.039494
0 0.577393 0.595176 0.066544 0.044364
0 0.803158 0.694239 0.060528 0.045988
0 0.613346 0.413546 0.050288 0.046008
0 0.632532 0.562502 0.058787 0.047379
0 0.738657 0.450551 0.063737 0.048474
0 0.602216 0.356077 0.049570 0.040118
0 0.576279 0.923953 0.084115 0.068560
0 0.548186 0.452172 0.052809 0.038896
0 0.612991 0.450093 0.050309 0.038672
0 0.660507 0.862261 0.057926 0.054225
0 0.714046 0.350449 0.056016 0.038939
0 0.653776 0.741227 0.056878 0.050578
0 0.699438 0.279021 0.048507 0.038812
0 0.846405 0.856660 0.069451 0.050862
0 0.759820 0.525100 0.061714 0.048126
0 0.599201 0.260344 0.045321 0.031506
0 0.731398 0.414636 0.060475 0.037968
0 0.670641 0.926621 0.072637 0.063291
0 0.601246 0.301786 0.042189 0.032840
0 0.560531 0.521565 0.056638 0.037426
0 0.594255 0.235994 0.045198 0.032885
0 0.830355 0.799643 0.077484 0.050313
0 0.686214 0.226915 0.040230 0.032848
0 0.397753 0.424880 0.060931 0.050080
0 0.393997 0.848057 0.083467 0.062600
0 0.390241 0.921299 0.080963 0.063852
0 0.676115 0.975661 0.068443 0.047376
0 0.597656 0.279647 0.038395 0.030048
0 0.595152 0.217047 0.045072 0.035056
0 0.595152 0.194511 0.033387 0.030048
0 0.680706 0.207657 0.037560 0.026292
0 0.694060 0.255233 0.047576 0.033804
0 0.807575 0.739759 0.067608 0.056340
0 0.861829 0.921925 0.077624 0.057592
0 0.871845 0.973257 0.079294 0.050080