0 0.397925 0.784671 0.079271 0.057194
0 0.399902 0.719593 0.068433 0.052467
0 0.392810 0.663499 0.077938 0.059811
0 0.380684 0.960589 0.083711 0.063652
0 0.390723 0.841201 0.060273 0.051855
0 0.795601 0.633333 0.070569 0.048620
0 0.584701 0.830345 0.069757 0.055326
0 0.625514 0.542594 0.061515 0.046243
0 0.573971 0.778128 0.076311 0.056921
0 0.386039 0.894938 0.062921 0.055579
0 0.396504 0.615286 0.067174 0.048177
0 0.540918 0.426855 0.060647 0.046458
0 0.558194 0.539831 0.059818 0.043359
0 0.589251 0.896810 0.077964 0.057839
0 0.394744 0.494827 0.059523 0.044759
0 0.593546 0.968291 0.084210 0.060033
0 0.570757 0.724948 0.064484 0.050065
0 0.564219 0.622370 0.064818 0.049010
0 0.391662 0.456517 0.057422 0.039596
0 0.655998 0.777201 0.075616 0.056484
0 0.733956 0.433092 0.060968 0.044987
0 0.555725 0.500706 0.058290 0.042038
0 0.811853 0.727493 0.076059 0.051563
0 0.839889 0.829521 0.071766 0.051283
0 0.704334 0.344281 0.053390 0.039954
0 0.407578 0.381953 0.058264 0.045000
0 0.673783 0.241071 0.050152 0.036517
0 0.849796 0.889990 0.076198 0.057337
0 0.571903 0.673258 0.069067 0.051126
0 0.769967 0.544518 0.068329 0.045156
0 0.221576 0.730680 0.047066 0.107324
0 0.665603 0.894899 0.062717 0.054499
0 0.799740 0.680814 0.069184 0.051029
0 0.562565 0.578005 0.050035 0.044551
0 0.662020 0.837360 0.064674 0.052923
0 0.397201 0.573232 0.064392 0.043210
0 0.830805 0.772578 0.068694 0.058086
0 0.404816 0.421009 0.042999 0.039505
0 0.623385 0.503743 0.064531 0.047161
0 0.649633 0.724072 0.064605 0.050280
0 0.630896 0.623236 0.063581 0.051393
0 0.872997 0.951006 0.087452 0.061921
0 0.624377 0.582350 0.057426 0.044453
0 0.640636 0.672770 0.055751 0.053405
0 0.605358 0.401540 0.050508 0.039225
0 0.396612 0.534792 0.050256 0.040638
0 0.690399 0.296152 0.051484 0.040742
0 0.781734 0.580680 0.057964 0.053275
0 0.551476 0.466156 0.049523 0.040228
0 0.678424 0.271016 0.047734 0.034310
0 0.594058 0.341283 0.054062 0.037344
0 0.758513 0.509554 0.065126 0.041400
0 0.748876 0.473659 0.062908 0.045339
0 0.615990 0.465596 0.053160 0.045462
0 0.580901 0.259948 0.046966 0.034701
0 0.668906 0.966992 0.064748 0.057318
0 0.721304 0.401038 0.054536 0.039186
0 0.610907 0.433366 0.052283 0.039479
0 0.583507 0.285993 0.038819 0.034434
0 0.597967 0.372292 0.055916 0.041146
0 0.589264 0.315339 0.047617 0.036367
0 0.714980 0.373763 0.052669 0.034023
0 0.580028 0.235387 0.047869 0.035384
0 0.584744 0.209661 0.037517 0.029453