0 0.332102 0.779954 0.076020 0.058019
0 0.642887 0.730358 0.070797 0.052796
0 0.656914 0.839848 0.065423 0.054192
0 0.647237 0.776868 0.065552 0.047338
0 0.565023 0.735735 0.076254 0.053671
0 0.353447 0.576400 0.063037 0.049335
0 0.347566 0.625327 0.067499 0.046322
0 0.334390 0.714089 0.075495 0.056336
0 0.572773 0.787247 0.072972 0.054448
0 0.552489 0.678507 0.069606 0.045181
0 0.806608 0.735146 0.065521 0.051288
0 0.791021 0.645858 0.071617 0.046193
0 0.572888 0.840715 0.074371 0.059578
0 0.774710 0.551525 0.063644 0.043434
0 0.666471 0.903273 0.059267 0.049947
0 0.786441 0.599508 0.077088 0.047629
0 0.737621 0.410545 0.056331 0.041666
0 0.547435 0.471870 0.045354 0.037639
0 0.800454 0.683749 0.059922 0.045988
0 0.620229 0.591021 0.062570 0.048192
0 0.874125 0.968993 0.089385 0.055256
0 0.626060 0.635331 0.063384 0.044049
0 0.631359 0.680316 0.069481 0.051387
0 0.722089 0.368527 0.055224 0.040777
0 0.824721 0.783028 0.066844 0.050723
0 0.340722 0.667789 0.053237 0.053925
0 0.551725 0.626387 0.063087 0.047459
0 0.709515 0.337099 0.047785 0.031369
0 0.746429 0.444151 0.065279 0.043956
0 0.550353 0.552603 0.065051 0.043575
0 0.758330 0.476838 0.062600 0.042568
0 0.765397 0.516922 0.059654 0.049737
0 0.320607 0.904740 0.070348 0.054805
0 0.624553 0.553240 0.051395 0.040554
0 0.617027 0.514283 0.058386 0.045549
0 0.356678 0.499279 0.063334 0.045665
0 0.539968 0.387238 0.051557 0.041152
0 0.846081 0.834952 0.085749 0.057675
0 0.552325 0.511511 0.059473 0.043097
0 0.397843 0.382926 0.051044 0.042419
0 0.608023 0.476065 0.051894 0.036336
0 0.361924 0.459939 0.058159 0.042236
0 0.365283 0.423117 0.043222 0.041424
0 0.610198 0.445609 0.044583 0.041289
0 0.576280 0.905345 0.077435 0.064509
0 0.598411 0.411678 0.045160 0.042614
0 0.702853 0.315084 0.045368 0.035855
0 0.357916 0.535602 0.047730 0.043653
0 0.850717 0.905493 0.072944 0.057141
0 0.589666 0.332670 0.044360 0.032177
0 0.593269 0.378275 0.043241 0.033854
0 0.701571 0.285413 0.045147 0.032887
0 0.679893 0.972296 0.063548 0.048358
0 0.576372 0.972844 0.082632 0.053010
0 0.545907 0.443034 0.046741 0.032552
0 0.535473 0.355394 0.055923 0.040064
0 0.590562 0.353516 0.049245 0.036308
0 0.586388 0.305940 0.045907 0.031300
0 0.584719 0.280899 0.037560 0.031300
0 0.579294 0.251477 0.046741 0.035056
0 0.579294 0.230193 0.043403 0.030048
0 0.578042 0.208283 0.042568 0.033804
0 0.576790 0.184495 0.040064 0.033804
0 0.676532 0.175731 0.032552 0.028796
0 0.679036 0.201397 0.039229 0.025040
0 0.684044 0.220803 0.049245 0.023788
0 0.685296 0.242087 0.043403 0.026292
0 0.696147 0.260241 0.041733 0.032552