0 0.387210 0.731629 0.083686 0.062616
0 0.383096 0.679871 0.071402 0.054020
0 0.386405 0.632456 0.066177 0.050883
0 0.640712 0.733061 0.071789 0.053024
0 0.633795 0.686665 0.061150 0.047247
0 0.809104 0.741545 0.076518 0.052865
0 0.551967 0.554547 0.058861 0.041146
0 0.749090 0.489860 0.063843 0.043228
0 0.396600 0.547128 0.068244 0.045969
0 0.754451 0.525763 0.062661 0.037653
0 0.632592 0.640836 0.057815 0.047656
0 0.622026 0.554070 0.066011 0.048719
0 0.789071 0.645229 0.070692 0.045660
0 0.599739 0.309314 0.052592 0.034292
0 0.549397 0.515540 0.060440 0.043529
0 0.568594 0.783394 0.061802 0.058523
0 0.390431 0.781842 0.053926 0.046284
0 0.603345 0.383755 0.050388 0.037943
0 0.573387 0.839419 0.072366 0.050741
0 0.563774 0.732906 0.066631 0.049148
0 0.764649 0.558465 0.067093 0.041479
0 0.727596 0.393265 0.060574 0.035152
0 0.605877 0.417064 0.055341 0.038167
0 0.659885 0.844640 0.068900 0.051151
0 0.558485 0.638868 0.064743 0.048689
0 0.541212 0.378751 0.042178 0.037576
0 0.741866 0.451756 0.059915 0.042273
0 0.797113 0.692524 0.068197 0.043279
0 0.612746 0.449294 0.054956 0.038812
0 0.710563 0.343137 0.054636 0.036835
0 0.547968 0.412145 0.052635 0.032981
0 0.414660 0.341515 0.044529 0.031102
0 0.734336 0.422374 0.051338 0.032549
0 0.581767 0.181718 0.051811 0.034510
0 0.558331 0.685412 0.054295 0.050213
0 0.833770 0.843816 0.065393 0.050989
0 0.708584 0.317073 0.053585 0.030317
0 0.590114 0.241576 0.046001 0.034050
0 0.576690 0.159788 0.043603 0.030713
0 0.616631 0.516437 0.060541 0.044750
0 0.595152 0.262119 0.036725 0.030048
0 0.533090 0.349797 0.040788 0.031520
0 0.691435 0.246231 0.043792 0.029521
0 0.396501 0.439904 0.048411 0.040064
0 0.403596 0.479968 0.055923 0.042568
0 0.397753 0.585136 0.050915 0.042568
0 0.390241 0.848057 0.079294 0.057592
0 0.388154 0.921925 0.088475 0.060096
0 0.584719 0.909405 0.072616 0.055088
0 0.585554 0.975035 0.087640 0.048628
0 0.542568 0.448042 0.040064 0.036308
0 0.667768 0.913161 0.060096 0.057592
0 0.676115 0.982547 0.063435 0.033604
0 0.612263 0.484976 0.050915 0.040064
0 0.633547 0.597656 0.063435 0.042568
0 0.600578 0.361028 0.049245 0.030048
0 0.598908 0.285907 0.044237 0.030048
0 0.589727 0.218299 0.040899 0.030048
0 0.572616 0.143179 0.040064 0.025040
0 0.855152 0.911283 0.069278 0.051332
0 0.868089 0.979417 0.086806 0.039864
0 0.700738 0.294671 0.050915 0.030048
0 0.689887 0.269005 0.050915 0.028796
0 0.675698 0.207031 0.045907 0.027544
0 0.673194 0.187625 0.044237 0.028796
0 0.671524 0.162585 0.044237 0.031300