0 0.804178 0.711160 0.072847 0.051397
0 0.372393 0.771135 0.068672 0.054285
0 0.820422 0.765242 0.077635 0.062716
0 0.371222 0.721861 0.064043 0.052191
0 0.792302 0.656188 0.056729 0.044328
0 0.368654 0.670486 0.072788 0.051626
0 0.724432 0.388825 0.062031 0.048338
0 0.371109 0.826730 0.064140 0.057677
0 0.745161 0.449511 0.060265 0.041141
0 0.551275 0.662844 0.063601 0.048789
0 0.770435 0.568401 0.066637 0.042342
0 0.784978 0.607665 0.074315 0.048430
0 0.561239 0.760860 0.077330 0.054817
0 0.609776 0.492077 0.056683 0.042394
0 0.568262 0.815458 0.067339 0.054053
0 0.823828 0.818028 0.069354 0.051862
0 0.566172 0.218117 0.046081 0.040070
0 0.717663 0.358496 0.054008 0.032673
0 0.381671 0.496004 0.059968 0.047115
0 0.753821 0.485539 0.057928 0.044452
0 0.377163 0.571856 0.065717 0.054987
0 0.374994 0.617431 0.055774 0.049430
0 0.835827 0.879319 0.071737 0.055637
0 0.648797 0.821874 0.066161 0.057670
0 0.546660 0.614333 0.063597 0.046642
0 0.600414 0.456931 0.058620 0.045580
0 0.704005 0.333584 0.052441 0.042367
0 0.563423 0.710259 0.070061 0.049531
0 0.655135 0.880203 0.062131 0.052112
0 0.849198 0.942872 0.077601 0.054461
0 0.584581 0.361410 0.039601 0.036372
0 0.687769 0.244283 0.043487 0.034060
0 0.592258 0.392143 0.039367 0.031871
0 0.626256 0.659579 0.063021 0.051167
0 0.398149 0.359205 0.058755 0.043953
0 0.574161 0.196726 0.035126 0.032943
0 0.595076 0.419518 0.045344 0.035644
0 0.381460 0.532704 0.055648 0.036969
0 0.575443 0.876451 0.080774 0.063404
0 0.635534 0.711153 0.054364 0.045756
0 0.608537 0.528453 0.056697 0.046890
0 0.610273 0.571302 0.051556 0.034932
0 0.617641 0.613281 0.063853 0.044429
0 0.384670 0.464774 0.051329 0.037300
0 0.638512 0.758557 0.062996 0.047673
0 0.567839 0.306089 0.046569 0.036717
0 0.692761 0.272315 0.046665 0.030650
0 0.575120 0.337866 0.045072 0.033804
0 0.571685 0.275456 0.042405 0.024010
0 0.669855 0.955729 0.084302 0.062600