0 0.849084 0.894108 0.071233 0.052070
0 0.814214 0.720596 0.074036 0.051478
0 0.652958 0.901110 0.076020 0.055033
0 0.823296 0.775788 0.073355 0.052057
0 0.828539 0.831400 0.062183 0.045846
0 0.563438 0.825924 0.072066 0.057201
0 0.389944 0.751755 0.073802 0.061999
0 0.798995 0.673766 0.057713 0.045449
0 0.643314 0.828613 0.072947 0.058867
0 0.629110 0.724284 0.067587 0.053411
0 0.548442 0.616055 0.063212 0.051458
0 0.558424 0.715257 0.068229 0.056165
0 0.388926 0.807204 0.077912 0.054720
0 0.562526 0.769362 0.066033 0.057500
0 0.787157 0.630111 0.071510 0.051706
0 0.665030 0.968711 0.081623 0.055430
0 0.746469 0.465638 0.061671 0.044336
0 0.864889 0.965508 0.076437 0.059284
0 0.551298 0.663636 0.070885 0.052181
0 0.775562 0.584235 0.076298 0.049017
0 0.759234 0.503652 0.067912 0.045182
0 0.390970 0.694616 0.070924 0.052135
0 0.616165 0.507617 0.061046 0.042292
0 0.420299 0.375176 0.057630 0.046354
0 0.394698 0.606257 0.069240 0.048763
0 0.616510 0.629704 0.058273 0.045579
0 0.571257 0.891686 0.072105 0.061068
0 0.623678 0.672887 0.065213 0.050189
0 0.766749 0.539642 0.067639 0.047109
0 0.578129 0.969720 0.084401 0.054740
0 0.637335 0.772910 0.057066 0.051745
0 0.615182 0.545641 0.066571 0.045150
0 0.385391 0.921738 0.082500 0.063867
0 0.608210 0.583730 0.053372 0.050938
0 0.393103 0.647952 0.055373 0.045879
0 0.598809 0.414404 0.056714 0.042988
0 0.722485 0.389805 0.056202 0.041510
0 0.690204 0.241058 0.041528 0.036947
0 0.601860 0.451647 0.054657 0.044297
0 0.400818 0.444674 0.050360 0.041576
0 0.378813 0.854935 0.061098 0.053477
0 0.596029 0.380853 0.042309 0.037747