0 0.543997 0.618997 0.064592 0.044987
0 0.548776 0.665020 0.070521 0.051589
0 0.383789 0.701868 0.075469 0.051432
0 0.385922 0.875391 0.078798 0.055247
0 0.382101 0.649277 0.065938 0.050000
0 0.542151 0.573177 0.061168 0.043477
0 0.615145 0.631585 0.066610 0.048809
0 0.639861 0.730924 0.061111 0.050026
0 0.780532 0.595983 0.068173 0.045846
0 0.642693 0.785013 0.073737 0.054453
0 0.380182 0.759189 0.057101 0.046335
0 0.570551 0.834580 0.074818 0.053587
0 0.386669 0.810654 0.060195 0.050579
0 0.560041 0.724368 0.075586 0.051016
0 0.798016 0.680684 0.076719 0.050703
0 0.577342 0.901510 0.071280 0.060664
0 0.400870 0.589840 0.064015 0.045632
0 0.810256 0.730146 0.073168 0.051790
0 0.759249 0.483255 0.062283 0.047891
0 0.535297 0.533910 0.059657 0.041061
0 0.402537 0.547448 0.060169 0.042682
0 0.399212 0.431820 0.054944 0.044199
0 0.565920 0.775579 0.065911 0.052083
0 0.652507 0.843757 0.069336 0.056354
0 0.606341 0.549014 0.061024 0.043561
0 0.845339 0.903835 0.071918 0.057253
0 0.787070 0.635957 0.056155 0.042331
0 0.611309 0.588936 0.060786 0.045632
0 0.400035 0.507354 0.046667 0.038926
0 0.401929 0.468555 0.045334 0.039948
0 0.625701 0.684059 0.064345 0.048132
0 0.664266 0.918958 0.078854 0.061615
0 0.537875 0.464157 0.059128 0.042181
0 0.604249 0.510703 0.054271 0.044648
0 0.837046 0.834567 0.080334 0.057975
0 0.823438 0.780924 0.077630 0.052812
0 0.770408 0.558001 0.052014 0.041003
0 0.763572 0.525869 0.065399 0.039616
0 0.859000 0.971309 0.078407 0.053737
0 0.602717 0.443219 0.054818 0.037715
0 0.599655 0.410316 0.049171 0.038809
0 0.710788 0.317223 0.050838 0.034069
0 0.580020 0.973066 0.089857 0.051341
0 0.743839 0.439674 0.057695 0.039844
0 0.607576 0.477428 0.056593 0.042747
0 0.595434 0.352617 0.051997 0.037253
0 0.733811 0.408278 0.061632 0.039538
0 0.410868 0.372337 0.058872 0.042253
0 0.701348 0.289902 0.047487 0.034909
0 0.595944 0.381937 0.055221 0.040319
0 0.722428 0.377367 0.053641 0.034564
0 0.717092 0.347109 0.055755 0.034349
0 0.409130 0.404997 0.058876 0.040436
0 0.697663 0.262904 0.051506 0.036484
0 0.665638 0.981937 0.063845 0.034993