0 0.815171 0.783268 0.083937 0.054154
0 0.563657 0.902848 0.084596 0.059564
0 0.561382 0.725225 0.072244 0.057077
0 0.629614 0.635758 0.067266 0.050762
0 0.560367 0.673844 0.078798 0.056517
0 0.551458 0.628773 0.064227 0.047741
0 0.567730 0.778867 0.070234 0.055521
0 0.599373 0.386859 0.053251 0.040866
0 0.568505 0.836328 0.071732 0.055208
0 0.753132 0.520234 0.064727 0.042826
0 0.392331 0.847555 0.065990 0.055345
0 0.402244 0.550339 0.063342 0.044674
0 0.617211 0.553444 0.057313 0.045326
0 0.864076 0.969004 0.084557 0.055937
0 0.747055 0.483910 0.064779 0.044056
0 0.645182 0.785736 0.074366 0.057396
0 0.631782 0.680957 0.055412 0.049271
0 0.401853 0.628118 0.064132 0.056706
0 0.637682 0.731927 0.065851 0.052682
0 0.398845 0.729141 0.077066 0.056992
0 0.778765 0.590879 0.072218 0.051706
0 0.647389 0.841351 0.078997 0.056126
0 0.726868 0.417620 0.061489 0.045514
0 0.542715 0.509958 0.059683 0.042363
0 0.546239 0.548945 0.060881 0.044661
0 0.403893 0.588958 0.061085 0.046562
0 0.787847 0.635452 0.064280 0.051921
0 0.844970 0.899622 0.072734 0.053633
0 0.577407 0.969281 0.073043 0.054173
0 0.621519 0.593643 0.050425 0.041270
0 0.614336 0.513919 0.060347 0.046628
0 0.552572 0.589548 0.067400 0.047402
0 0.837352 0.835189 0.083637 0.058242
0 0.797168 0.678197 0.059397 0.048555
0 0.407055 0.442907 0.061315 0.043132
0 0.809453 0.728512 0.078177 0.053197
0 0.403474 0.678844 0.055734 0.052598
0 0.739486 0.449460 0.055569 0.039609
0 0.690048 0.241826 0.048385 0.031842
0 0.407101 0.377897 0.055061 0.037669
0 0.538296 0.443040 0.051506 0.038997
0 0.699288 0.286335 0.048681 0.034479
0 0.766092 0.553877 0.065716 0.045996
0 0.397140 0.787025 0.061649 0.060768
0 0.717103 0.360068 0.048242 0.038952
0 0.539559 0.413483 0.055343 0.037500
0 0.577604 0.193766 0.040825 0.028587
0 0.711947 0.335521 0.046827 0.035742
0 0.604078 0.477314 0.052296 0.039121
0 0.706411 0.312054 0.054115 0.031126
0 0.693678 0.263529 0.046819 0.029479
0 0.593602 0.303753 0.050321 0.037389
0 0.537014 0.475625 0.053229 0.039154
0 0.721339 0.389219 0.053815 0.033971
0 0.602112 0.445186 0.044952 0.036699
0 0.580336 0.213949 0.044336 0.025775
0 0.584950 0.234346 0.047852 0.031725
0 0.542309 0.377503 0.039774 0.039525
0 0.407797 0.409144 0.051949 0.039434
0 0.586936 0.256947 0.039661 0.032982
0 0.598199 0.329827 0.048516 0.036009
0 0.586846 0.352843 0.067057 0.047385
0 0.286292 0.748548 0.031868 0.086208