0 0.653943 0.839798 0.084258 0.057266
0 0.401471 0.630085 0.068464 0.052201
0 0.399423 0.724326 0.056172 0.045983
0 0.402138 0.544281 0.061194 0.050723
0 0.598594 0.411071 0.056155 0.042324
0 0.557372 0.723177 0.075291 0.051719
0 0.768830 0.590579 0.071732 0.046667
0 0.549816 0.546540 0.051567 0.041712
0 0.611098 0.509687 0.056415 0.045768
0 0.570230 0.840358 0.074349 0.057904
0 0.402773 0.591003 0.069036 0.047526
0 0.549698 0.587035 0.055838 0.045827
0 0.404785 0.679294 0.056220 0.049928
0 0.633934 0.675609 0.065560 0.044069
0 0.761660 0.548216 0.069622 0.048555
0 0.742884 0.478073 0.067331 0.046081
0 0.645054 0.781921 0.071159 0.054557
0 0.387617 0.781807 0.056137 0.053874
0 0.805048 0.722806 0.066623 0.052721
0 0.581185 0.969958 0.088038 0.054342
0 0.638828 0.718558 0.073125 0.055124
0 0.781882 0.632301 0.068199 0.051478
0 0.824058 0.775140 0.083255 0.058678
0 0.575944 0.899294 0.071497 0.061009
0 0.801302 0.676859 0.062422 0.051035
0 0.552695 0.627878 0.051285 0.047109
0 0.404062 0.408128 0.045043 0.043483
0 0.845061 0.896455 0.073646 0.057689
0 0.754831 0.515199 0.054939 0.038392
0 0.667548 0.973558 0.064028 0.047546
0 0.553641 0.674567 0.071788 0.053275
0 0.860456 0.964362 0.078776 0.060885
0 0.626391 0.630221 0.067357 0.049922
0 0.613572 0.546462 0.055234 0.041243
0 0.830178 0.836107 0.075738 0.057253
0 0.725553 0.388893 0.059102 0.037122
0 0.563589 0.779844 0.075573 0.057969
0 0.729156 0.418789 0.057730 0.038503
0 0.389013 0.838402 0.085273 0.062962
0 0.603294 0.445247 0.056259 0.040977
0 0.665197 0.905944 0.065204 0.051224
0 0.622146 0.587214 0.066793 0.048073
0 0.716087 0.354642 0.053511 0.045417
0 0.702170 0.310850 0.052057 0.036764
0 0.594742 0.381322 0.054049 0.036979
0 0.401508 0.505101 0.063025 0.045111
0 0.603913 0.474115 0.056063 0.042995
0 0.540163 0.510186 0.055187 0.043587
0 0.738027 0.445010 0.049293 0.037520
0 0.398043 0.470618 0.060495 0.039388
0 0.538978 0.472988 0.059926 0.043945
0 0.690805 0.239482 0.039770 0.035371
0 0.594121 0.351849 0.052157 0.038490
0 0.539679 0.442103 0.057187 0.038203
0 0.595512 0.328571 0.047361 0.033066
0 0.696454 0.282337 0.046345 0.038320
0 0.586261 0.272087 0.044605 0.031243