0 0.811695 0.741587 0.075208 0.048786
0 0.775124 0.601603 0.074226 0.047316
0 0.637128 0.688558 0.073448 0.051248
0 0.404810 0.729811 0.077787 0.058714
0 0.408684 0.681154 0.068984 0.051260
0 0.791311 0.642961 0.065508 0.049354
0 0.651806 0.786644 0.064893 0.047879
0 0.749341 0.488832 0.061316 0.047376
0 0.410546 0.631677 0.051795 0.048571
0 0.630332 0.640464 0.066557 0.052368
0 0.656820 0.845113 0.058625 0.050364
0 0.767723 0.562653 0.071370 0.039959
0 0.820910 0.790387 0.068411 0.058188
0 0.404809 0.785169 0.058628 0.057457
0 0.569736 0.787513 0.070663 0.052905
0 0.579373 0.902875 0.074717 0.051399
0 0.578296 0.844431 0.061980 0.054337
0 0.622858 0.599437 0.062466 0.049435
0 0.757524 0.525807 0.064004 0.050175
0 0.840545 0.849935 0.073451 0.056340
0 0.794951 0.683962 0.076696 0.047791
0 0.409857 0.595319 0.059677 0.044597
0 0.560167 0.680526 0.065957 0.055298
0 0.615249 0.560028 0.060415 0.053541
0 0.739064 0.453791 0.062463 0.044842
0 0.605743 0.418768 0.052215 0.044575
0 0.731486 0.393470 0.058319 0.037070
0 0.733948 0.425177 0.053810 0.036066
0 0.661444 0.914744 0.058331 0.050256
0 0.661961 0.979028 0.065649 0.037005
0 0.865463 0.974440 0.084726 0.045671
0 0.645126 0.733881 0.056182 0.049408
0 0.556831 0.630621 0.062370 0.046337
0 0.690029 0.249907 0.043064 0.039636
0 0.575642 0.167904 0.040052 0.033278
0 0.611804 0.515955 0.055247 0.043699
0 0.844021 0.906621 0.077064 0.054529
0 0.567051 0.730909 0.068998 0.048999
0 0.555088 0.585762 0.058427 0.043820
0 0.603916 0.486854 0.055923 0.036308
0 0.598074 0.449920 0.057592 0.040064
0 0.712841 0.359776 0.045072 0.032552