0 0.567548 0.839990 0.071988 0.055423
0 0.658761 0.839372 0.072773 0.052936
0 0.788728 0.633903 0.069644 0.048874
0 0.567789 0.781992 0.068867 0.053659
0 0.646367 0.775299 0.070859 0.053698
0 0.525326 0.732135 0.074627 0.052474
0 0.637782 0.677660 0.058568 0.046790
0 0.802791 0.728662 0.080547 0.051647
0 0.780757 0.587669 0.069015 0.053620
0 0.644256 0.723607 0.061263 0.051732
0 0.587448 0.972292 0.085642 0.050560
0 0.848652 0.896553 0.072938 0.053483
0 0.663129 0.902887 0.066788 0.056868
0 0.575447 0.897897 0.069158 0.055885
0 0.395221 0.726852 0.069835 0.057493
0 0.854946 0.964912 0.086732 0.057064
0 0.384197 0.839980 0.084149 0.069948
0 0.830033 0.835078 0.093320 0.061263
0 0.819835 0.775423 0.061155 0.055039
0 0.378353 0.919417 0.075794 0.060827
0 0.399646 0.674678 0.060803 0.053275
0 0.801324 0.680117 0.061780 0.048711
0 0.602300 0.384362 0.042023 0.040443
0 0.627897 0.629046 0.053581 0.051465
0 0.207699 0.755524 0.069455 0.154343
0 0.625707 0.590658 0.061519 0.044466
0 0.391380 0.777979 0.061753 0.058132
0 0.684473 0.971849 0.076115 0.052161