0 0.765258 0.541481 0.060959 0.044993
0 0.799212 0.677129 0.057886 0.046172
0 0.643780 0.834681 0.072465 0.053073
0 0.829186 0.834756 0.062096 0.047168
0 0.849855 0.897995 0.072001 0.053073
0 0.391196 0.755400 0.071046 0.055762
0 0.563848 0.828740 0.071263 0.052949
0 0.638342 0.775417 0.056337 0.048542
0 0.865260 0.968083 0.076094 0.058327
0 0.572203 0.897529 0.070898 0.058783
0 0.654251 0.906003 0.077383 0.057487
0 0.421124 0.382546 0.053490 0.041836
0 0.664466 0.971481 0.083099 0.052598
0 0.379512 0.859782 0.063043 0.059043
0 0.600102 0.417347 0.057956 0.044277
0 0.691094 0.244066 0.040399 0.037259