0 0.401113 0.632064 0.067799 0.053750
0 0.556855 0.728581 0.075621 0.052331
0 0.780775 0.632526 0.073260 0.051094
0 0.625119 0.633018 0.067817 0.049342
0 0.562717 0.781423 0.084349 0.060853
0 0.854846 0.964665 0.091593 0.060410
0 0.573982 0.841198 0.074214 0.054362
0 0.729204 0.412227 0.061654 0.040755
0 0.601599 0.443796 0.056437 0.042357
0 0.775269 0.589697 0.060964 0.047845
0 0.543327 0.507376 0.061576 0.041276
0 0.691144 0.968483 0.076793 0.055443
0 0.581031 0.900260 0.075968 0.060352
0 0.580734 0.961738 0.081545 0.060951
0 0.543312 0.630013 0.056918 0.045677
0 0.388429 0.783112 0.070755 0.053672
0 0.213340 0.743171 0.039848 0.080247
0 0.746196 0.480358 0.059431 0.037565
0 0.798066 0.680879 0.075768 0.053268
0 0.824679 0.779499 0.077040 0.051888
0 0.634156 0.677878 0.060109 0.049180
0 0.395855 0.681592 0.065660 0.049017
0 0.623160 0.587705 0.065503 0.048014
0 0.540126 0.584111 0.048750 0.044668
0 0.663711 0.898587 0.058863 0.046224
0 0.738600 0.446481 0.058971 0.041178
0 0.616684 0.545827 0.052153 0.044414
0 0.391725 0.845495 0.084223 0.058242
0 0.614093 0.510680 0.056814 0.045059
0 0.403112 0.433991 0.064826 0.049661
0 0.647324 0.779945 0.056914 0.048887
0 0.641009 0.725677 0.062435 0.048893
0 0.754353 0.512451 0.062057 0.044277
0 0.557823 0.676680 0.069275 0.048464
0 0.836541 0.837793 0.073602 0.056016
0 0.848294 0.896361 0.073793 0.057852
0 0.758045 0.551257 0.062209 0.045052
0 0.386152 0.729489 0.057322 0.052181
0 0.719251 0.383206 0.056185 0.037598
0 0.804905 0.726348 0.075417 0.054844
0 0.542652 0.543770 0.055955 0.042539
0 0.652617 0.835898 0.059479 0.056940
0 0.532826 0.408385 0.046510 0.037721
0 0.689577 0.259613 0.053598 0.037441
0 0.587335 0.305508 0.051059 0.041953
0 0.588329 0.280898 0.048741 0.037852
0 0.538451 0.441029 0.057682 0.041146
0 0.398038 0.543141 0.065391 0.052272
0 0.542428 0.475020 0.058008 0.038646
0 0.596317 0.411380 0.051037 0.036875
0 0.398043 0.473548 0.052491 0.042266
0 0.595970 0.380410 0.044180 0.039661
0 0.714922 0.358737 0.056163 0.031875
0 0.707311 0.332780 0.044162 0.033997
0 0.699846 0.308844 0.046437 0.034915
0 0.694698 0.286087 0.046688 0.031029
0 0.582294 0.255091 0.053780 0.037305
0 0.405549 0.507367 0.058850 0.043014
0 0.394549 0.910882 0.071988 0.058105