0 0.690150 0.949919 0.074857 0.053678
0 0.790540 0.633197 0.075056 0.048750
0 0.670148 0.884606 0.062049 0.052572
0 0.399258 0.740417 0.065538 0.050938
0 0.657526 0.775247 0.078446 0.052292
0 0.652227 0.667816 0.070747 0.050605
0 0.401521 0.633835 0.067999 0.048932
0 0.395501 0.797327 0.077661 0.058079
0 0.815749 0.731022 0.076055 0.050898
0 0.393739 0.853600 0.063859 0.053229
0 0.393145 0.577715 0.061879 0.048307
0 0.654833 0.717337 0.073077 0.053997
0 0.843546 0.901309 0.074245 0.056432
0 0.588442 0.880062 0.076076 0.057454
0 0.390966 0.679642 0.072105 0.054661
0 0.831172 0.839821 0.071936 0.053730
0 0.804008 0.683942 0.068919 0.050879
0 0.558090 0.524189 0.064427 0.045280
0 0.382059 0.915016 0.063789 0.054603
0 0.617088 0.465098 0.055460 0.040599
0 0.666426 0.825641 0.069371 0.057064
0 0.644232 0.620872 0.056328 0.046432
0 0.575000 0.746507 0.064401 0.049173
0 0.747161 0.474665 0.061241 0.042194
0 0.574668 0.650176 0.069145 0.047122
0 0.823932 0.778486 0.069905 0.048835
0 0.547997 0.447432 0.055404 0.041335
0 0.569384 0.601572 0.060781 0.046569
0 0.631265 0.538669 0.058529 0.048730
0 0.394258 0.504284 0.059453 0.044492
0 0.556478 0.482913 0.054544 0.043288
0 0.756851 0.507038 0.062331 0.046419
0 0.611988 0.429277 0.056319 0.043802
0 0.577231 0.696484 0.068403 0.052734
0 0.397533 0.432572 0.045135 0.043763
0 0.601610 0.948444 0.062622 0.056836
0 0.549694 0.413975 0.050282 0.038105
0 0.624527 0.500632 0.056892 0.044805
0 0.777227 0.585088 0.057370 0.047910
0 0.600432 0.312910 0.054605 0.044779
0 0.872635 0.956217 0.092344 0.062982
0 0.397127 0.395007 0.049965 0.038555
0 0.565942 0.559824 0.055590 0.042812
0 0.578589 0.809404 0.077847 0.061009
0 0.396549 0.469958 0.046780 0.040059
0 0.766332 0.547523 0.063707 0.046230
0 0.578880 0.196390 0.042144 0.034876
0 0.729980 0.412129 0.059970 0.036706
0 0.599340 0.347637 0.050651 0.039505
0 0.703618 0.311312 0.054857 0.032923
0 0.740786 0.440104 0.055260 0.044076
0 0.712637 0.336247 0.042895 0.033184
0 0.720150 0.365247 0.041497 0.041003
0 0.608201 0.400462 0.045065 0.036341
0 0.695523 0.263776 0.046107 0.030560
0 0.698253 0.285967 0.044136 0.032051
0 0.684429 0.243161 0.048103 0.030423