0 0.387699 0.734784 0.072693 0.056406
0 0.783186 0.603463 0.067977 0.044166
0 0.723385 0.397653 0.055701 0.040698
0 0.769639 0.558380 0.068362 0.041639
0 0.734388 0.439190 0.060404 0.038636
0 0.757900 0.518169 0.071806 0.043850
0 0.401689 0.508105 0.060373 0.042190
0 0.388253 0.677736 0.051157 0.045266
0 0.400107 0.466825 0.061058 0.040194
0 0.804634 0.693587 0.056752 0.047056
0 0.791068 0.647525 0.066668 0.045711
0 0.715794 0.317085 0.045775 0.037388
0 0.561431 0.586388 0.050749 0.045072
0 0.381072 0.545280 0.049476 0.041650
0 0.743232 0.472830 0.056635 0.041468
0 0.389817 0.584576 0.071117 0.044547
0 0.607637 0.471315 0.058530 0.041228
0 0.546493 0.499470 0.052246 0.036500
0 0.586040 0.904887 0.081659 0.058572
0 0.600003 0.967036 0.082111 0.060175
0 0.385295 0.629929 0.066190 0.055308
0 0.839295 0.880727 0.070942 0.052819
0 0.393360 0.788903 0.066377 0.049460
0 0.563673 0.631906 0.064627 0.051693
0 0.551358 0.542532 0.062548 0.050152
0 0.579204 0.844040 0.076970 0.054567
0 0.547585 0.432068 0.052805 0.037764
0 0.603946 0.320925 0.047565 0.034195
0 0.708587 0.292933 0.058267 0.038533
0 0.827039 0.816790 0.083769 0.055154
0 0.569744 0.731949 0.066356 0.045016
0 0.402293 0.384512 0.056995 0.042313
0 0.645852 0.738810 0.067204 0.046931
0 0.619627 0.513660 0.061227 0.045297
0 0.634677 0.686108 0.062844 0.038441
0 0.388154 0.853065 0.080128 0.052584
0 0.386485 0.911909 0.061765 0.057592
0 0.572616 0.789839 0.061765 0.051332
0 0.676115 0.975761 0.060096 0.045072
0 0.664847 0.900015 0.060931 0.051332
0 0.657335 0.844301 0.067608 0.052584
0 0.643980 0.784205 0.060931 0.052584
0 0.563852 0.681540 0.067608 0.047576
0 0.544237 0.463692 0.050080 0.037560
0 0.641476 0.645232 0.069278 0.050080
0 0.629374 0.603916 0.061765 0.042568
0 0.617271 0.561348 0.052584 0.042568
0 0.610594 0.442408 0.054253 0.042568
0 0.606420 0.411108 0.054253 0.037560
0 0.604334 0.383564 0.058427 0.037560
0 0.602664 0.353516 0.051749 0.037560
0 0.725361 0.367288 0.051749 0.035056
0 0.814670 0.764799 0.065104 0.051332
0 0.862664 0.948217 0.072616 0.055088