0 0.394549 0.735011 0.073752 0.056083
0 0.388700 0.677894 0.069913 0.055394
0 0.388513 0.791644 0.057810 0.054532
0 0.394635 0.586878 0.066428 0.050467
0 0.655474 0.849937 0.067036 0.056794
0 0.627741 0.596787 0.067268 0.054515
0 0.395858 0.626254 0.061827 0.048016
0 0.756206 0.527388 0.071471 0.043109
0 0.637654 0.737973 0.062963 0.052559
0 0.620606 0.518278 0.060639 0.042662
0 0.572509 0.842444 0.064656 0.060188
0 0.740477 0.457594 0.056720 0.042351
0 0.559832 0.734166 0.069345 0.052044
0 0.749338 0.492391 0.066007 0.043019
0 0.630858 0.644150 0.065422 0.054579
0 0.784565 0.602831 0.061410 0.047668
0 0.554293 0.552038 0.063169 0.043711
0 0.627681 0.554192 0.066422 0.047399
0 0.771629 0.564269 0.063705 0.045865
0 0.638192 0.689348 0.060560 0.048533
0 0.614116 0.481569 0.055699 0.045473
0 0.661383 0.906479 0.061214 0.052761
0 0.598434 0.390432 0.058327 0.044334
0 0.400089 0.503995 0.063873 0.047971
0 0.730799 0.395843 0.060968 0.038757
0 0.732858 0.426909 0.059675 0.047013
0 0.396589 0.541385 0.051140 0.045811
0 0.561956 0.780369 0.073635 0.050988
0 0.642512 0.789661 0.058042 0.053191
0 0.724930 0.365179 0.053611 0.036583
0 0.821570 0.791000 0.075746 0.050107
0 0.557191 0.589716 0.064298 0.052603
0 0.611170 0.450193 0.054766 0.037383
0 0.402387 0.472255 0.060120 0.041894
0 0.391980 0.848940 0.085540 0.059307
0 0.558768 0.684371 0.055770 0.050734
0 0.593483 0.321859 0.046741 0.033266
0 0.712366 0.344575 0.051029 0.029694
0 0.800216 0.689411 0.060271 0.044999
0 0.560299 0.630460 0.066971 0.049634
0 0.584615 0.974336 0.088008 0.047109
0 0.548027 0.445022 0.054917 0.038531
0 0.814802 0.740913 0.062079 0.052969
0 0.783115 0.648575 0.065546 0.049727
0 0.705730 0.295708 0.043845 0.031618
0 0.850760 0.911407 0.074545 0.057744
0 0.602901 0.418342 0.051276 0.034500
0 0.835500 0.846644 0.070217 0.062125
0 0.580963 0.911909 0.070112 0.055088
0 0.549663 0.485602 0.057592 0.041316
0 0.669438 0.982547 0.058427 0.033604
0 0.590144 0.349134 0.040064 0.036308
0 0.861412 0.977013 0.081798 0.042568
0 0.709919 0.323468 0.047576 0.027544
0 0.698234 0.274639 0.049245 0.027544
0 0.692391 0.250225 0.052584 0.031300
0 0.685296 0.227689 0.040064 0.028796
0 0.684462 0.209535 0.046741 0.025040