0 0.851398 0.896237 0.086311 0.059310
0 0.373945 0.728138 0.069219 0.056549
0 0.403761 0.383112 0.058008 0.042865
0 0.778934 0.581644 0.067122 0.047116
0 0.763414 0.534215 0.070482 0.050033
0 0.789701 0.626370 0.067943 0.053027
0 0.569310 0.623223 0.063333 0.052227
0 0.582268 0.674066 0.072930 0.051400
0 0.668355 0.788519 0.062604 0.053288
0 0.220152 0.752666 0.084679 0.058509
0 0.833095 0.832643 0.075069 0.050690
0 0.825601 0.769183 0.065959 0.049486
0 0.378859 0.793646 0.070182 0.053945
0 0.597661 0.904554 0.074262 0.055905
0 0.661176 0.839697 0.058351 0.050853
0 0.375846 0.629499 0.071510 0.053281
0 0.588722 0.779154 0.084249 0.062839
0 0.823520 0.721208 0.061337 0.048405
0 0.376662 0.678216 0.072127 0.052904
0 0.755122 0.496491 0.060217 0.044570
0 0.384030 0.585931 0.059796 0.042956
0 0.661799 0.735944 0.072244 0.052617
0 0.740710 0.465186 0.056662 0.040280
0 0.582541 0.725127 0.073954 0.049759
0 0.567862 0.577184 0.064162 0.045775
0 0.638036 0.594453 0.064544 0.048503
0 0.804900 0.673372 0.065677 0.052591
0 0.629844 0.551748 0.060009 0.047285
0 0.648403 0.638952 0.063142 0.052786
0 0.394763 0.435879 0.062374 0.048099
0 0.721293 0.369932 0.055312 0.036816
0 0.579516 0.217829 0.043529 0.039342
0 0.724835 0.400768 0.054844 0.039687
0 0.623040 0.510241 0.056714 0.046966
0 0.546055 0.463900 0.048568 0.041302
0 0.566795 0.536748 0.050282 0.043535
0 0.602148 0.448773 0.058750 0.048171
0 0.680562 0.900560 0.070421 0.056120
0 0.879902 0.965993 0.063442 0.059616
0 0.606000 0.406006 0.058320 0.045605
0 0.697897 0.291009 0.044484 0.038633
0 0.535206 0.368695 0.042201 0.037272
0 0.373895 0.859720 0.062990 0.061042
0 0.590694 0.314411 0.048915 0.037611
0 0.386771 0.473757 0.046892 0.040703
0 0.681419 0.969313 0.068437 0.057337
0 0.594327 0.346419 0.051085 0.040156
0 0.588394 0.288063 0.042943 0.032363
0 0.544338 0.424453 0.046298 0.039596
0 0.688641 0.258913 0.050043 0.037891
0 0.602778 0.375973 0.050295 0.038197
0 0.376784 0.933610 0.088741 0.065098
0 0.713891 0.342516 0.054961 0.036152