0 0.816548 0.768979 0.080482 0.051768
0 0.784502 0.622672 0.068204 0.045260
0 0.380658 0.664777 0.071533 0.052449
0 0.797671 0.669490 0.071080 0.050496
0 0.387389 0.831985 0.061635 0.050747
0 0.379522 0.621530 0.058132 0.043704
0 0.383614 0.719138 0.061947 0.049992
0 0.628155 0.669426 0.061039 0.044262
0 0.576456 0.153593 0.041496 0.031058
0 0.389786 0.767424 0.069345 0.054473
0 0.617465 0.627743 0.057196 0.042107
0 0.835714 0.825266 0.070124 0.053887
0 0.632597 0.718627 0.065803 0.046410
0 0.649046 0.819887 0.068210 0.049882
0 0.611500 0.538220 0.057597 0.048844
0 0.645639 0.767933 0.052538 0.041165
0 0.658163 0.888989 0.065175 0.052068
0 0.568713 0.821710 0.072463 0.053119
0 0.604683 0.503948 0.056020 0.042086
0 0.554125 0.714694 0.070802 0.048665
0 0.843303 0.886071 0.072602 0.053422
0 0.618378 0.586016 0.064187 0.048517
0 0.580571 0.960646 0.083080 0.057505
0 0.661515 0.961147 0.063503 0.053603
0 0.564687 0.761043 0.075955 0.058844
0 0.573868 0.887495 0.070947 0.058844
0 0.854317 0.960737 0.074286 0.062600