0 0.643064 0.830892 0.073047 0.054844
0 0.787515 0.632581 0.070334 0.046478
0 0.813980 0.721120 0.073915 0.051732
0 0.391975 0.694421 0.068958 0.049648
0 0.849171 0.894818 0.071458 0.052422
0 0.390091 0.751491 0.073290 0.061354
0 0.628926 0.724427 0.066992 0.051836
0 0.828780 0.831488 0.062031 0.046335
0 0.653559 0.901585 0.075634 0.055566
0 0.798772 0.675482 0.056962 0.045846
0 0.823103 0.776318 0.073741 0.051803
0 0.572088 0.891960 0.071276 0.059010
0 0.562580 0.825423 0.071532 0.056797
0 0.764770 0.539023 0.061623 0.047122
0 0.636970 0.771696 0.057535 0.051921
0 0.551426 0.663919 0.069527 0.049688
0 0.388292 0.807803 0.077973 0.054277
0 0.558036 0.716110 0.067279 0.055397
0 0.576708 0.970052 0.084727 0.054518
0 0.617849 0.629587 0.058520 0.045007
0 0.623689 0.672435 0.065191 0.048099
0 0.614084 0.546357 0.063602 0.044551
0 0.393941 0.648789 0.050955 0.044753
0 0.864746 0.966660 0.076055 0.059440
0 0.561495 0.769668 0.066011 0.055052
0 0.665182 0.969219 0.080920 0.055924
0 0.601758 0.451839 0.055451 0.042428
0 0.607867 0.583678 0.050881 0.049206
0 0.384737 0.923851 0.079379 0.062376
0 0.598598 0.414043 0.056953 0.044297
0 0.377671 0.855788 0.064162 0.055286
0 0.597016 0.380638 0.046480 0.037708
0 0.691272 0.241208 0.040660 0.033678