0 0.823426 0.790995 0.083414 0.057489
0 0.378473 0.790510 0.068494 0.055563
0 0.565719 0.791319 0.079349 0.057885
0 0.632989 0.681272 0.069282 0.053064
0 0.390035 0.549600 0.063143 0.044334
0 0.572320 0.843571 0.072403 0.056681
0 0.554020 0.733392 0.057183 0.051390
0 0.386510 0.725688 0.074611 0.057359
0 0.391794 0.674056 0.070915 0.054264
0 0.646849 0.787368 0.064028 0.059313
0 0.555365 0.678078 0.066796 0.047628
0 0.769444 0.562708 0.065213 0.042108
0 0.635582 0.732631 0.068656 0.051534
0 0.619368 0.442013 0.057359 0.041891
0 0.589448 0.173885 0.033882 0.034341
0 0.778884 0.601419 0.066432 0.050261
0 0.653990 0.845336 0.081587 0.054473
0 0.817944 0.740426 0.062761 0.051460
0 0.662190 0.907529 0.073127 0.053619
0 0.633183 0.636099 0.049738 0.043198
0 0.843233 0.846093 0.087797 0.057044
0 0.622484 0.595881 0.059828 0.054615
0 0.387992 0.909748 0.087129 0.063285
0 0.390298 0.626203 0.054078 0.050190
0 0.712769 0.367173 0.061197 0.046268
0 0.799440 0.689058 0.073388 0.056742
0 0.794632 0.644395 0.063019 0.051296
0 0.556890 0.631611 0.060930 0.049026
0 0.616862 0.509970 0.070096 0.044980
0 0.602360 0.404621 0.059035 0.042115
0 0.571364 0.902058 0.082632 0.062270
0 0.750613 0.493017 0.066349 0.043627
0 0.613278 0.476043 0.061134 0.037659
0 0.386992 0.590312 0.050736 0.044736
0 0.552464 0.546924 0.065369 0.044946
0 0.553796 0.587666 0.062682 0.048106
0 0.758707 0.528160 0.060177 0.041296
0 0.621547 0.554127 0.061255 0.046702
0 0.697385 0.271104 0.049274 0.038002
0 0.594889 0.974208 0.081367 0.047904
0 0.739430 0.454580 0.050319 0.046880
0 0.851968 0.913094 0.080653 0.060231
0 0.388664 0.848510 0.068284 0.059141
0 0.396918 0.414238 0.057592 0.046324
0 0.544655 0.510642 0.052584 0.043820
0 0.682792 0.975661 0.080128 0.047376
0 0.600578 0.374800 0.054253 0.040064
0 0.693643 0.247721 0.045072 0.033804
0 0.723691 0.397962 0.058427 0.036308
0 0.731203 0.426132 0.056757 0.040064
0 0.866837 0.973257 0.079294 0.050080