0 0.378086 0.791199 0.067506 0.058429
0 0.632757 0.683174 0.069276 0.053660
0 0.768760 0.564014 0.064366 0.041519
0 0.565446 0.790316 0.078277 0.056399
0 0.636130 0.733518 0.067530 0.050792
0 0.555735 0.681720 0.066658 0.052297
0 0.589286 0.175039 0.033739 0.035835
0 0.750346 0.492968 0.065620 0.044051
0 0.622423 0.595389 0.062990 0.051288
0 0.554513 0.734623 0.058441 0.053234
0 0.779290 0.601807 0.067207 0.051358
0 0.823420 0.791383 0.083067 0.053846
0 0.646551 0.786042 0.061959 0.056528
0 0.632781 0.636336 0.049880 0.044638
0 0.797254 0.690870 0.069888 0.058724
0 0.661208 0.909199 0.069141 0.052671
0 0.611100 0.477286 0.063613 0.037916
0 0.387940 0.850778 0.066656 0.060355
0 0.620776 0.554373 0.058582 0.048283
0 0.816917 0.740087 0.064922 0.051333
0 0.796600 0.644083 0.059551 0.048940
0 0.572545 0.845090 0.073794 0.058706
0 0.393338 0.677044 0.073100 0.051104
0 0.731747 0.427054 0.059098 0.043241
0 0.386815 0.732247 0.072792 0.048828
0 0.383188 0.914413 0.081881 0.062600
0 0.391759 0.628958 0.056335 0.043616
0 0.851813 0.912535 0.072616 0.053836
0 0.594924 0.973405 0.080374 0.049198
0 0.843718 0.844595 0.087136 0.058180
0 0.573451 0.907527 0.078459 0.061348
0 0.682375 0.975661 0.074286 0.047376
0 0.615602 0.514398 0.064269 0.048828
0 0.866002 0.974509 0.077624 0.047576
0 0.398185 0.415259 0.061504 0.044505