0 0.578236 0.833031 0.073485 0.055801
0 0.235974 0.699069 0.062904 0.050052
0 0.650093 0.777432 0.074102 0.055228
0 0.781213 0.587588 0.074067 0.046764
0 0.620423 0.534421 0.063971 0.043555
0 0.568950 0.621699 0.058802 0.044714
0 0.373724 0.712204 0.074653 0.055566
0 0.766534 0.547272 0.066246 0.044570
0 0.556858 0.537406 0.055972 0.043379
0 0.791115 0.634303 0.071684 0.048802
0 0.563550 0.577461 0.049019 0.043542
0 0.573092 0.719154 0.069214 0.052448
0 0.638134 0.616992 0.062665 0.047474
0 0.589041 0.894580 0.092187 0.068027
0 0.675697 0.968802 0.094162 0.058086
0 0.372029 0.769473 0.078112 0.060052
0 0.378655 0.625430 0.070920 0.049479
0 0.641345 0.671104 0.073247 0.051452
0 0.834779 0.832546 0.071007 0.050091
0 0.794544 0.681647 0.069844 0.049036
0 0.649076 0.724997 0.064905 0.050280
0 0.572600 0.774375 0.071476 0.051263
0 0.567224 0.668249 0.068832 0.049570
0 0.385634 0.541732 0.067587 0.045625
0 0.850666 0.901755 0.071654 0.052142
0 0.363765 0.829049 0.078095 0.061328
0 0.633474 0.573880 0.060898 0.046068
0 0.659147 0.836195 0.068095 0.053236
0 0.547852 0.465553 0.054774 0.038646
0 0.716209 0.369704 0.054987 0.040749
0 0.808952 0.726911 0.063754 0.051335
0 0.873646 0.966924 0.093385 0.059538
0 0.733457 0.433076 0.063780 0.041152
0 0.759069 0.508304 0.058789 0.044655
0 0.600451 0.366217 0.056884 0.041849
0 0.812565 0.777871 0.062040 0.047135
0 0.721079 0.404176 0.052609 0.038210
0 0.370964 0.913363 0.085243 0.059368
0 0.553197 0.499912 0.057669 0.041230
0 0.379497 0.578519 0.051128 0.044824
0 0.376046 0.665078 0.055686 0.046628
0 0.616608 0.492913 0.055135 0.044798
0 0.608548 0.459899 0.057114 0.041374
0 0.664659 0.895540 0.058112 0.050234
0 0.739657 0.466696 0.064523 0.047819
0 0.701786 0.318727 0.053563 0.033770
0 0.704106 0.344261 0.052283 0.032715
0 0.606211 0.427630 0.054418 0.038086
0 0.688687 0.266094 0.051141 0.034141
0 0.604909 0.398883 0.044852 0.037793
0 0.680569 0.243483 0.043950 0.032799
0 0.691784 0.293145 0.044392 0.034310