0 0.660807 0.839808 0.059852 0.050241
0 0.851450 0.895592 0.087109 0.059362
0 0.584954 0.842386 0.081914 0.057715
0 0.373108 0.728910 0.070043 0.057376
0 0.376864 0.629580 0.069779 0.053275
0 0.778507 0.581462 0.069106 0.048132
0 0.588631 0.778200 0.085838 0.062285
0 0.597259 0.903441 0.075178 0.056087
0 0.763023 0.534053 0.072001 0.051465
0 0.219993 0.753613 0.085543 0.059974
0 0.790171 0.626556 0.069353 0.055130
0 0.403681 0.383115 0.057292 0.042572
0 0.378544 0.794847 0.070508 0.054629
0 0.833162 0.831296 0.074970 0.052630
0 0.377088 0.678604 0.071536 0.052845
0 0.582135 0.673275 0.075113 0.053112
0 0.603513 0.969502 0.084362 0.055905
0 0.741248 0.464176 0.059431 0.040501
0 0.667595 0.787155 0.063455 0.052669
0 0.386634 0.545840 0.065977 0.047682
0 0.382925 0.585059 0.062127 0.044518
0 0.826124 0.768249 0.067839 0.050885
0 0.649245 0.637754 0.062153 0.050716
0 0.754536 0.496982 0.061753 0.044824
0 0.657745 0.682617 0.061411 0.048125
0 0.661204 0.734580 0.073919 0.052559
0 0.803364 0.673447 0.067257 0.054915
0 0.581675 0.725970 0.073438 0.049466
0 0.731415 0.429020 0.060087 0.043717
0 0.822776 0.721104 0.063468 0.048874
0 0.725349 0.397819 0.057174 0.040586
0 0.567780 0.578079 0.064900 0.047148
0 0.384529 0.506592 0.048034 0.039941
0 0.680009 0.899131 0.070217 0.057611
0 0.623331 0.510173 0.057287 0.045983
0 0.720148 0.369284 0.054740 0.036732
0 0.606257 0.406283 0.057982 0.044779
0 0.564002 0.534395 0.054193 0.043893
0 0.591257 0.314193 0.053051 0.040104
0 0.371330 0.860661 0.061341 0.060033
0 0.579160 0.217044 0.046697 0.035898
0 0.638498 0.592777 0.063290 0.045684
0 0.542552 0.425524 0.050148 0.039264
0 0.688635 0.260908 0.050291 0.037220
0 0.629774 0.550286 0.060104 0.044648
0 0.534644 0.370482 0.042682 0.040638
0 0.554063 0.494603 0.055208 0.044596
0 0.386463 0.472741 0.045972 0.036810
0 0.699049 0.291022 0.047049 0.038125
0 0.394718 0.435827 0.060990 0.048451
0 0.579384 0.241540 0.046076 0.032415
0 0.687109 0.969665 0.077335 0.056022
0 0.582415 0.264261 0.044284 0.032168
0 0.546087 0.463509 0.050890 0.041120
0 0.713772 0.344385 0.053385 0.034264
0 0.593442 0.345003 0.051276 0.038431
0 0.605521 0.447249 0.052231 0.043678
0 0.878403 0.963411 0.063672 0.059896
0 0.602049 0.376562 0.050920 0.037435
0 0.588587 0.288027 0.044961 0.032852
0 0.622845 0.475710 0.045369 0.038047
0 0.381387 0.935352 0.084431 0.065013