0 0.567554 0.840309 0.071662 0.054382
0 0.659711 0.840352 0.073563 0.054062
0 0.573958 0.727539 0.076458 0.051680
0 0.568114 0.782126 0.070004 0.054876
0 0.646554 0.776309 0.071302 0.055117
0 0.394655 0.729339 0.072713 0.060072
0 0.855354 0.966045 0.086940 0.057038
0 0.789347 0.634606 0.069570 0.047363
0 0.830020 0.840833 0.082982 0.056745
0 0.775039 0.594111 0.062899 0.043704
0 0.231901 0.735902 0.085035 0.058926
0 0.803079 0.729749 0.080360 0.051230
0 0.237007 0.685547 0.060994 0.048203
0 0.588203 0.973402 0.085677 0.048717
0 0.575840 0.898991 0.068728 0.056419
0 0.387522 0.618965 0.064948 0.053581
0 0.849197 0.896751 0.073056 0.052760
0 0.562359 0.628265 0.050560 0.046673
0 0.746855 0.480863 0.059909 0.045254
0 0.400467 0.674206 0.062626 0.056445
0 0.638155 0.678499 0.060434 0.047520
0 0.557548 0.580299 0.056840 0.045885
0 0.644464 0.724160 0.061819 0.051237
0 0.762385 0.552559 0.066905 0.044544
0 0.675367 0.902448 0.076445 0.056484
0 0.384516 0.841641 0.084353 0.068971
0 0.820647 0.776413 0.061319 0.052982
0 0.397313 0.784857 0.058134 0.052214
0 0.568368 0.677152 0.068394 0.051803
0 0.714824 0.359089 0.058789 0.040586
0 0.736842 0.446130 0.063138 0.043053
0 0.397728 0.396204 0.055091 0.038516
0 0.625725 0.591387 0.063663 0.046432
0 0.752595 0.518633 0.064340 0.039544
0 0.629063 0.630039 0.055356 0.051133
0 0.702997 0.311667 0.052782 0.040573
0 0.394264 0.538607 0.050577 0.042669
0 0.397496 0.433525 0.061233 0.045566
0 0.379431 0.920247 0.077396 0.060156
0 0.617036 0.511761 0.063411 0.044134
0 0.618798 0.549798 0.059896 0.048255
0 0.393260 0.497819 0.061424 0.046810
0 0.550577 0.538929 0.056432 0.046374
0 0.587504 0.280267 0.048403 0.034141
0 0.546421 0.502171 0.058720 0.041348
0 0.395747 0.578783 0.065998 0.048555
0 0.384214 0.975430 0.084219 0.044818
0 0.547216 0.464727 0.064310 0.046094
0 0.692715 0.277855 0.055916 0.039043
0 0.610256 0.443040 0.057439 0.040182
0 0.729746 0.416676 0.056437 0.037090
0 0.605371 0.412887 0.054813 0.036465
0 0.545178 0.375042 0.042318 0.042741
0 0.725382 0.391393 0.056970 0.036940
0 0.602691 0.383441 0.043898 0.036712
0 0.615523 0.476318 0.050239 0.039850
0 0.542556 0.431130 0.057769 0.043965
0 0.589477 0.307708 0.048060 0.038164
0 0.594957 0.358506 0.050425 0.034863
0 0.684844 0.973535 0.076380 0.048919
0 0.589544 0.331927 0.044002 0.035013