0 0.524107 0.432454 0.049085 0.037182
0 0.623532 0.646846 0.063142 0.048157
0 0.531462 0.470145 0.053607 0.040806
0 0.400358 0.462162 0.044156 0.034170
0 0.594451 0.483680 0.043003 0.041057
0 0.693066 0.256485 0.051234 0.036308
0 0.395673 0.584778 0.064348 0.044802
0 0.394677 0.429279 0.062275 0.039524
0 0.551250 0.630722 0.062005 0.052498
0 0.395737 0.537906 0.067677 0.038085
0 0.610800 0.597857 0.060118 0.046710
0 0.604305 0.519930 0.054034 0.037650
0 0.586657 0.449548 0.049448 0.039534
0 0.758164 0.513294 0.061894 0.041913
0 0.720364 0.408760 0.055423 0.035719
0 0.612026 0.559791 0.050504 0.036123
0 0.714293 0.376017 0.048294 0.035381
0 0.744976 0.477967 0.064108 0.038020
0 0.403376 0.674192 0.067899 0.048442
0 0.735031 0.442339 0.055482 0.035067
0 0.603297 0.332858 0.050485 0.041316
0 0.630803 0.704696 0.065774 0.046264
0 0.535985 0.552148 0.066962 0.043440
0 0.587588 0.425306 0.048515 0.036708
0 0.406100 0.793595 0.059261 0.053836
0 0.411525 0.852439 0.071782 0.058844
0 0.327224 0.833033 0.085136 0.062600
0 0.565939 0.761669 0.066774 0.050080
0 0.571782 0.814879 0.075120 0.051332
0 0.583467 0.872471 0.078459 0.061348
0 0.585971 0.931315 0.061765 0.058844
0 0.638972 0.757287 0.065939 0.053836
0 0.653579 0.811123 0.080128 0.056340
0 0.660256 0.877479 0.065104 0.053836
0 0.674446 0.938827 0.075120 0.058844
0 0.585136 0.393580 0.051749 0.040064
0 0.603082 0.304688 0.052584 0.040064
0 0.598074 0.277769 0.037560 0.036308
0 0.673194 0.189503 0.050915 0.035056
0 0.687383 0.231445 0.037560 0.033804
0 0.712423 0.314078 0.045907 0.038812
0 0.703659 0.346004 0.056757 0.037560
0 0.772519 0.559470 0.055923 0.041316
0 0.775023 0.604542 0.070947 0.046324
0 0.789213 0.648362 0.070947 0.048828
0 0.795473 0.695939 0.070112 0.048828
0 0.813001 0.750401 0.071782 0.050080
0 0.825103 0.811749 0.072616 0.057592
0 0.837206 0.879357 0.073451 0.057592
0 0.870593 0.946965 0.090144 0.065104