0 0.377763 0.719043 0.080872 0.063477
0 0.567266 0.841921 0.082049 0.059063
0 0.382839 0.778760 0.075113 0.060775
0 0.576736 0.967965 0.088255 0.058249
0 0.377070 0.661325 0.073958 0.056699
0 0.380681 0.610332 0.066814 0.049740
0 0.801955 0.731390 0.081801 0.052311
0 0.621350 0.551917 0.055451 0.045658
0 0.386682 0.567611 0.066549 0.048451
0 0.630731 0.634609 0.071454 0.052904
0 0.576118 0.901335 0.076888 0.059818
0 0.664128 0.902829 0.062552 0.055280
0 0.763381 0.555179 0.072187 0.045241
0 0.562515 0.729632 0.075977 0.053809
0 0.834277 0.839300 0.083025 0.056973
0 0.647682 0.778327 0.070877 0.055430
0 0.556658 0.676950 0.056823 0.050749
0 0.860269 0.968910 0.085417 0.055749
0 0.617691 0.511875 0.057248 0.046445
0 0.639533 0.681328 0.060968 0.048451
0 0.798663 0.684251 0.069002 0.050169
0 0.754829 0.514707 0.063780 0.047240
0 0.789564 0.636318 0.077036 0.053197
0 0.380449 0.910791 0.076740 0.065501
0 0.546493 0.512197 0.058698 0.042415
0 0.552769 0.588626 0.050885 0.047201
0 0.551819 0.548952 0.056337 0.043542
0 0.716582 0.363675 0.057574 0.036504
0 0.823748 0.782061 0.065490 0.055384
0 0.768969 0.595052 0.072279 0.048984
0 0.554683 0.632419 0.071024 0.052676
0 0.626582 0.592627 0.053902 0.043288
0 0.380716 0.837663 0.081545 0.066445
0 0.564368 0.781982 0.077799 0.057350
0 0.845744 0.898750 0.073103 0.055651
0 0.392563 0.438311 0.062912 0.046908
0 0.642216 0.728405 0.073659 0.054505
0 0.539488 0.442868 0.055104 0.037975
0 0.393685 0.490687 0.050208 0.041439
0 0.595998 0.309401 0.053455 0.042526
0 0.708385 0.334154 0.052951 0.035742
0 0.393116 0.528975 0.065217 0.043197
0 0.739295 0.450908 0.060265 0.038691
0 0.724253 0.392412 0.057283 0.034473
0 0.729288 0.419434 0.053507 0.036224
0 0.704631 0.310732 0.053247 0.033874
0 0.744529 0.480293 0.056567 0.041159
0 0.671806 0.971940 0.077882 0.050977
0 0.539800 0.475996 0.054922 0.042279
0 0.597350 0.374408 0.054579 0.038802
0 0.610577 0.441322 0.055512 0.040508
0 0.690836 0.260628 0.047478 0.034681
0 0.654147 0.837106 0.070516 0.057428
0 0.616148 0.477555 0.056871 0.043522
0 0.601163 0.347025 0.051146 0.039518
0 0.401319 0.408278 0.055668 0.042415
0 0.605668 0.406644 0.053854 0.039434
0 0.581428 0.233988 0.046224 0.034915
0 0.591502 0.282002 0.049878 0.036582
0 0.588092 0.258252 0.050890 0.035540
0 0.684944 0.225785 0.039705 0.035566
0 0.404666 0.379437 0.042752 0.033717