0 0.395197 0.630384 0.068442 0.049167
0 0.247502 0.630693 0.073945 0.047988
0 0.410662 0.579919 0.061046 0.049590
0 0.271011 0.534398 0.070122 0.047155
0 0.385903 0.781211 0.070946 0.055885
0 0.653396 0.783854 0.072105 0.051432
0 0.820089 0.739681 0.076298 0.050690
0 0.596801 0.967747 0.086727 0.058594
0 0.597083 0.902266 0.075747 0.060313
0 0.608322 0.469548 0.055942 0.045501
0 0.573171 0.787643 0.078147 0.053385
0 0.560306 0.597116 0.058069 0.043711
0 0.396024 0.854753 0.063394 0.056549
0 0.533357 0.375817 0.050352 0.042467
0 0.868218 0.901331 0.097990 0.065983
0 0.391248 0.681243 0.056740 0.048984
0 0.645551 0.728454 0.062439 0.047884
0 0.543837 0.483216 0.056519 0.041497
0 0.614855 0.511390 0.062643 0.046816
0 0.853049 0.841807 0.086159 0.054772
0 0.769659 0.557266 0.071749 0.047708
0 0.539672 0.447917 0.050933 0.040039
0 0.314577 0.842168 0.082496 0.056888
0 0.676026 0.906911 0.060030 0.053496
0 0.781591 0.600729 0.068763 0.049961
0 0.280864 0.493617 0.056363 0.045684
0 0.566543 0.674137 0.068338 0.048353
0 0.538611 0.415137 0.053247 0.037201
0 0.835597 0.787884 0.068789 0.053255
0 0.682543 0.968988 0.077656 0.053184
0 0.570473 0.730918 0.075182 0.054883
0 0.620736 0.553343 0.063086 0.046035
0 0.414820 0.465951 0.061645 0.049648
0 0.551526 0.514954 0.046862 0.042435
0 0.576230 0.834437 0.071324 0.059199
0 0.413012 0.538766 0.051215 0.042650
0 0.798717 0.690293 0.070030 0.050260
0 0.634653 0.633483 0.069696 0.055286
0 0.732407 0.419603 0.052999 0.041523
0 0.557172 0.554010 0.062938 0.048698
0 0.410599 0.506947 0.053542 0.037956
0 0.661717 0.842441 0.063147 0.054193
0 0.409803 0.377809 0.056853 0.041921
0 0.789770 0.643968 0.065451 0.050332
0 0.751426 0.484850 0.061419 0.042227
0 0.416276 0.409896 0.056528 0.038594
0 0.603908 0.375885 0.051489 0.039609
0 0.759052 0.518245 0.066732 0.046374
0 0.696940 0.289531 0.053411 0.035339
0 0.604757 0.435475 0.055417 0.040273
0 0.742936 0.453835 0.063355 0.042318
0 0.608542 0.348704 0.052431 0.039596
0 0.721864 0.367692 0.055369 0.034095
0 0.628433 0.592747 0.055503 0.047461
0 0.698099 0.263066 0.051181 0.030768
0 0.595629 0.247253 0.046719 0.032227
0 0.601686 0.404893 0.057600 0.038665
0 0.691760 0.240189 0.044154 0.027943
0 0.603032 0.296533 0.051836 0.039121
0 0.585282 0.204349 0.037674 0.027565
0 0.728003 0.390387 0.047274 0.035697
0 0.590441 0.226025 0.044718 0.030527
0 0.606289 0.322640 0.045156 0.033600
0 0.716115 0.340742 0.050182 0.035898
0 0.709067 0.315361 0.047865 0.032311
0 0.601927 0.268486 0.038437 0.030749
0 0.400111 0.977334 0.063850 0.043353
0 0.685326 0.216862 0.041615 0.033542
0 0.413702 0.434951 0.045582 0.038353