0 0.775945 0.595288 0.067150 0.056180
0 0.802708 0.685930 0.057882 0.044116
0 0.358742 0.806636 0.073519 0.057505
0 0.787005 0.642891 0.067958 0.046594
0 0.761661 0.548258 0.066582 0.049765
0 0.356380 0.651146 0.071278 0.051181
0 0.807775 0.738762 0.066744 0.050132
0 0.550557 0.623159 0.062579 0.046204
0 0.744467 0.473567 0.065716 0.043558
0 0.620992 0.586252 0.059133 0.052443
0 0.356493 0.701751 0.073311 0.051154
0 0.655365 0.845402 0.066360 0.055744
0 0.723729 0.409250 0.057416 0.038317
0 0.753885 0.511744 0.063725 0.045373
0 0.568115 0.843219 0.073130 0.058412
0 0.669845 0.905555 0.059679 0.055530
0 0.359136 0.754037 0.054076 0.049029
0 0.551195 0.580405 0.062013 0.047607
0 0.545210 0.536303 0.066583 0.047902
0 0.624823 0.634902 0.058670 0.049592
0 0.584995 0.972649 0.087588 0.049076
0 0.641924 0.736368 0.066714 0.045802
0 0.713442 0.347521 0.051141 0.039379
0 0.866140 0.975524 0.087365 0.043345
0 0.831583 0.786779 0.064666 0.046184
0 0.707842 0.320936 0.049232 0.032339
0 0.531455 0.386133 0.043798 0.035402
0 0.717411 0.378100 0.046087 0.033721
0 0.701628 0.295498 0.049969 0.029961
0 0.543384 0.498724 0.051167 0.036266
0 0.616721 0.547770 0.053211 0.038683
0 0.636298 0.683418 0.066279 0.042568
0 0.566086 0.779145 0.058403 0.059107
0 0.649767 0.789095 0.071058 0.051096
0 0.384049 0.874623 0.085001 0.054384
0 0.567478 0.729335 0.074199 0.050912
0 0.735897 0.439224 0.055076 0.038819
0 0.611825 0.511817 0.055655 0.042903
0 0.710491 0.268089 0.053110 0.036889
0 0.374518 0.515759 0.063447 0.045324
0 0.555888 0.670629 0.060963 0.050446
0 0.848202 0.844890 0.083176 0.052510
0 0.602444 0.444370 0.053674 0.041365
0 0.598697 0.409448 0.051404 0.036606
0 0.854301 0.909727 0.072648 0.051976
0 0.589219 0.380434 0.053601 0.035056
0 0.370426 0.564688 0.067511 0.046497
0 0.407105 0.384723 0.059102 0.044970
0 0.366870 0.608924 0.052584 0.043820
0 0.399840 0.473708 0.058427 0.043820
0 0.401092 0.436774 0.059261 0.035056
0 0.577207 0.907527 0.070947 0.060096
0 0.592231 0.353516 0.050915 0.041316
0 0.607672 0.480594 0.058427 0.042568
0 0.671524 0.979104 0.065939 0.040490
0 0.693643 0.237079 0.043403 0.031300
0 0.687383 0.212039 0.047576 0.031300
0 0.025301 0.952362 0.050601 0.059623