0 0.291940 0.603235 0.033387 0.063221
0 0.372379 0.633987 0.072314 0.048081
0 0.655998 0.820899 0.076043 0.056781
0 0.378618 0.592332 0.060601 0.045034
0 0.653257 0.739005 0.060245 0.049886
0 0.781023 0.597951 0.062080 0.045548
0 0.541612 0.376470 0.053481 0.038524
0 0.382812 0.548868 0.063990 0.051074
0 0.369043 0.741758 0.074027 0.055217
0 0.741495 0.450558 0.062253 0.038775
0 0.368122 0.683472 0.069534 0.053022
0 0.734391 0.415594 0.054560 0.039605
0 0.874671 0.967451 0.087560 0.053132
0 0.575863 0.736332 0.066523 0.050681
0 0.729901 0.384216 0.061032 0.038864
0 0.562193 0.543684 0.058828 0.044390
0 0.587211 0.950718 0.083534 0.057592
0 0.683022 0.208678 0.048518 0.033878
0 0.571238 0.818983 0.076633 0.056476
0 0.383988 0.480783 0.056410 0.036785
0 0.838421 0.791418 0.065417 0.048711
0 0.631228 0.552542 0.060712 0.041463
0 0.751056 0.488415 0.058385 0.038818
0 0.640263 0.595705 0.063579 0.047518
0 0.768800 0.556136 0.061375 0.043466
0 0.372360 0.810633 0.058045 0.054420
0 0.393854 0.451966 0.057043 0.043484
0 0.387630 0.511384 0.049471 0.036686
0 0.365890 0.873238 0.061424 0.052715
0 0.556337 0.505876 0.054732 0.041165
0 0.819759 0.741092 0.060563 0.045934
0 0.397898 0.377618 0.056855 0.042073
0 0.571589 0.883753 0.076821 0.052296
0 0.623395 0.514967 0.056154 0.043240
0 0.364788 0.930821 0.073375 0.057169
0 0.603174 0.325949 0.047990 0.034752
0 0.706451 0.314036 0.038971 0.036392
0 0.855464 0.907990 0.085420 0.053169
0 0.401953 0.415686 0.055984 0.040829
0 0.600531 0.274210 0.049339 0.035916
0 0.840347 0.853258 0.071206 0.052860
0 0.636676 0.640641 0.056206 0.045974
0 0.722741 0.355167 0.045302 0.030847
0 0.615610 0.477397 0.061027 0.043373
0 0.652240 0.881610 0.069355 0.053956
0 0.701530 0.285741 0.052499 0.037893
0 0.763792 0.517978 0.050635 0.041262
0 0.550581 0.469447 0.051137 0.035509
0 0.607488 0.413014 0.047687 0.037158
0 0.550260 0.435432 0.052800 0.033745
0 0.607031 0.353938 0.051228 0.031834
0 0.642354 0.685951 0.060925 0.048371
0 0.612260 0.442883 0.053360 0.040678
0 0.594799 0.225268 0.047447 0.033969
0 0.610094 0.382892 0.055253 0.041407
0 0.698298 0.263371 0.049117 0.027544
0 0.592194 0.184003 0.050988 0.031568
0 0.602403 0.252866 0.040587 0.033532
0 0.667642 0.962744 0.059399 0.046874
0 0.566356 0.635216 0.062600 0.045072
0 0.572199 0.681540 0.057592 0.050080
0 0.603082 0.300931 0.050915 0.035056
0 0.595987 0.204527 0.043403 0.030048
0 0.693226 0.238331 0.039229 0.035056
0 0.799646 0.692808 0.063435 0.050080