0 0.649998 0.777959 0.074648 0.055228
0 0.578229 0.833656 0.071840 0.056309
0 0.648316 0.725986 0.064653 0.050384
0 0.656816 0.836598 0.063911 0.051686
0 0.790254 0.634912 0.072713 0.050827
0 0.780890 0.588268 0.072682 0.048906
0 0.371960 0.770313 0.077227 0.060859
0 0.355896 0.975449 0.085473 0.044102
0 0.578283 0.972093 0.088069 0.049134
0 0.663392 0.895264 0.061289 0.051491
0 0.585632 0.285254 0.047756 0.035039
0 0.766235 0.547669 0.065326 0.045977
0 0.364115 0.830628 0.076589 0.061348
0 0.571994 0.775039 0.072591 0.051888
0 0.850981 0.902051 0.069766 0.053646
0 0.567628 0.669089 0.069883 0.048997
0 0.835588 0.832839 0.070065 0.051536
0 0.373650 0.712975 0.074601 0.058620
0 0.573431 0.720313 0.067444 0.054479
0 0.563722 0.578210 0.049084 0.044362
0 0.620410 0.534463 0.064909 0.045059
0 0.733322 0.435465 0.062600 0.045592
0 0.671204 0.968919 0.084822 0.057096
0 0.874931 0.967542 0.091215 0.058105
0 0.794314 0.680947 0.070486 0.050488
0 0.641986 0.672513 0.071185 0.049844
0 0.236066 0.700020 0.062279 0.049180
0 0.402897 0.387201 0.058372 0.043932
0 0.568199 0.622305 0.059635 0.046719
0 0.588685 0.895700 0.090946 0.067962
0 0.377925 0.624417 0.068932 0.049342
0 0.812515 0.777145 0.059431 0.046452
0 0.633240 0.573369 0.061810 0.049056
0 0.385879 0.542301 0.068260 0.046569
0 0.365306 0.912432 0.076862 0.059473
0 0.715241 0.369795 0.055543 0.041165
0 0.574507 0.219255 0.042313 0.034082
0 0.556784 0.537718 0.055686 0.042611
0 0.809368 0.727673 0.064041 0.052467
0 0.743175 0.473073 0.048277 0.047318
0 0.376204 0.665130 0.054909 0.048268
0 0.549013 0.428363 0.043572 0.041296
0 0.379017 0.578164 0.051428 0.045898
0 0.720927 0.403089 0.052609 0.036556
0 0.552363 0.499271 0.059553 0.043854
0 0.703928 0.344860 0.051771 0.033522
0 0.548060 0.465410 0.053394 0.038867
0 0.616345 0.491784 0.052500 0.046380
0 0.608535 0.459759 0.057539 0.041966
0 0.593105 0.333532 0.055629 0.045970
0 0.700601 0.319508 0.053320 0.033366
0 0.688318 0.266803 0.050985 0.035065
0 0.682368 0.244613 0.048199 0.033314
0 0.599529 0.367344 0.052122 0.042057
0 0.606250 0.426927 0.052509 0.037865
0 0.691385 0.293649 0.043724 0.034733
0 0.604219 0.397581 0.046241 0.037949