0 0.395783 0.701738 0.072201 0.050169
0 0.380035 0.819756 0.078819 0.058926
0 0.754928 0.510553 0.065204 0.039036
0 0.763932 0.546898 0.065990 0.042441
0 0.390894 0.646396 0.069844 0.053223
0 0.844831 0.835661 0.078967 0.050358
0 0.389169 0.754118 0.074414 0.055462
0 0.388362 0.881221 0.062565 0.057572
0 0.781207 0.635443 0.073281 0.047487
0 0.851827 0.893203 0.072344 0.050482
0 0.574178 0.769339 0.075490 0.051139
0 0.567220 0.667982 0.060265 0.044193
0 0.563145 0.619199 0.063364 0.045052
0 0.555590 0.574902 0.060556 0.044544
0 0.716691 0.370039 0.052253 0.037891
0 0.832192 0.782682 0.068446 0.051927
0 0.602348 0.316999 0.038802 0.037734
0 0.575677 0.824014 0.071120 0.053027
0 0.728034 0.399577 0.054297 0.042695
0 0.855204 0.960475 0.085278 0.058893
0 0.404479 0.368141 0.058689 0.045710
0 0.691571 0.262126 0.038941 0.032767
0 0.774008 0.587308 0.071471 0.049030
0 0.659199 0.774043 0.074883 0.056185
0 0.571526 0.714883 0.062010 0.048633
0 0.583902 0.884785 0.070069 0.057500
0 0.623398 0.547607 0.059028 0.043548
0 0.625308 0.587080 0.060625 0.047285
0 0.398835 0.527510 0.047678 0.037012
0 0.654876 0.718337 0.060707 0.049108
0 0.616931 0.508379 0.057613 0.041576
0 0.636562 0.630260 0.063168 0.045234
0 0.548924 0.459053 0.045885 0.042454
0 0.658229 0.832461 0.075781 0.055716
0 0.806508 0.733483 0.067817 0.053737
0 0.595807 0.957340 0.092361 0.066973
0 0.796769 0.685179 0.058225 0.047663
0 0.611361 0.472432 0.055864 0.040723
0 0.552059 0.498285 0.059666 0.042637
0 0.707530 0.316641 0.053585 0.040781
0 0.745436 0.464515 0.056671 0.040684
0 0.550530 0.535186 0.048637 0.041530
0 0.642537 0.673223 0.066055 0.046562
0 0.676589 0.975133 0.062734 0.047415
0 0.396706 0.563672 0.064948 0.047435
0 0.741608 0.432070 0.046463 0.040794
0 0.601296 0.353132 0.052209 0.035091
0 0.667283 0.892725 0.060668 0.053301
0 0.606923 0.439772 0.054054 0.039049
0 0.701393 0.290329 0.047318 0.033223
0 0.397320 0.604753 0.051150 0.043594
0 0.601691 0.405791 0.049891 0.041165
0 0.600588 0.378971 0.048129 0.034102