0 0.589720 0.971100 0.088668 0.051549
0 0.398730 0.725387 0.073069 0.054603
0 0.400091 0.616367 0.070000 0.047109
0 0.577554 0.841064 0.073650 0.059915
0 0.551115 0.579886 0.065512 0.048301
0 0.805371 0.733109 0.072218 0.053626
0 0.772250 0.594714 0.070378 0.045521
0 0.406638 0.467510 0.057070 0.038001
0 0.401083 0.533949 0.058364 0.042650
0 0.681641 0.963796 0.078134 0.054740
0 0.535050 0.429274 0.054753 0.039199
0 0.400447 0.671855 0.072960 0.057904
0 0.575161 0.783636 0.071710 0.054199
0 0.395401 0.789782 0.063876 0.051829
0 0.739080 0.451631 0.058585 0.037949
0 0.837817 0.834307 0.086493 0.054837
0 0.848982 0.963418 0.084345 0.059010
0 0.797986 0.680365 0.058238 0.048177
0 0.390840 0.847087 0.088225 0.059603
0 0.659564 0.842643 0.079319 0.056797
0 0.666482 0.899388 0.062383 0.052891
0 0.382478 0.914538 0.084835 0.062721
0 0.624894 0.597132 0.063815 0.045762
0 0.762094 0.552829 0.067999 0.047689
0 0.560000 0.672458 0.068681 0.050241
0 0.639373 0.730439 0.073199 0.054629
0 0.744306 0.481973 0.060217 0.043685
0 0.559835 0.722936 0.074965 0.055573
0 0.688477 0.260479 0.054028 0.035202
0 0.557476 0.626257 0.053077 0.047669
0 0.401467 0.574072 0.068915 0.046686
0 0.811389 0.781286 0.062674 0.048366
0 0.546306 0.536139 0.069028 0.049414
0 0.781727 0.638597 0.066814 0.050488
0 0.604099 0.510273 0.056645 0.045091
0 0.614536 0.555036 0.062023 0.044694
0 0.702871 0.313174 0.051246 0.032845
0 0.541274 0.498848 0.054944 0.040820
0 0.580126 0.901576 0.077448 0.061836
0 0.647619 0.786113 0.065048 0.053906
0 0.750460 0.516582 0.063281 0.044870
0 0.538021 0.463369 0.052214 0.039290
0 0.733644 0.418737 0.054553 0.041445
0 0.843201 0.899385 0.074240 0.051764
0 0.588689 0.382637 0.052049 0.036602
0 0.597650 0.440514 0.058043 0.039974
0 0.635801 0.682285 0.053963 0.049661
0 0.598477 0.326689 0.054384 0.036061
0 0.629186 0.638936 0.053181 0.042546
0 0.591365 0.409115 0.050855 0.036927
0 0.604679 0.474141 0.054340 0.045352
0 0.410417 0.498851 0.047934 0.039316
0 0.723205 0.390544 0.058442 0.038626
0 0.714668 0.362480 0.053919 0.036198
0 0.712046 0.338633 0.053789 0.031836
0 0.604837 0.354261 0.053806 0.036764
0 0.583446 0.215837 0.042552 0.030527
0 0.697776 0.287347 0.042027 0.029251
0 0.583754 0.236810 0.036780 0.036471