0 0.569314 0.903112 0.085729 0.060456
0 0.399588 0.632467 0.069714 0.053685
0 0.667674 0.968122 0.084201 0.056712
0 0.552129 0.632910 0.058832 0.047122
0 0.553303 0.588857 0.057604 0.044421
0 0.566784 0.839671 0.074479 0.054447
0 0.386098 0.795150 0.086094 0.069505
0 0.841851 0.895293 0.083268 0.058177
0 0.401122 0.586829 0.067852 0.049831
0 0.644664 0.782826 0.078459 0.055846
0 0.579716 0.970153 0.087912 0.053418
0 0.615525 0.548024 0.058559 0.046647
0 0.613791 0.510088 0.057617 0.043223
0 0.758099 0.555241 0.064705 0.042500
0 0.397476 0.681318 0.053329 0.049954
0 0.627504 0.632858 0.060226 0.046393
0 0.620009 0.588265 0.056944 0.046400
0 0.791695 0.633981 0.063312 0.049746
0 0.642587 0.730010 0.063212 0.050775
0 0.853051 0.966393 0.084262 0.060599
0 0.727201 0.385514 0.053507 0.038698
0 0.803294 0.680111 0.081415 0.052122
0 0.641432 0.683161 0.054922 0.045801
0 0.757582 0.516243 0.062813 0.047526
0 0.746786 0.482181 0.063398 0.040208
0 0.778398 0.591247 0.054106 0.045046
0 0.579514 0.235983 0.048845 0.038789
0 0.562201 0.776696 0.075530 0.052780
0 0.811558 0.728542 0.072986 0.051211
0 0.562303 0.725622 0.072878 0.049577
0 0.832263 0.835257 0.070760 0.052793
0 0.824648 0.778258 0.068854 0.050033
0 0.406322 0.545898 0.068772 0.047018
0 0.545215 0.548037 0.055256 0.044473
0 0.715885 0.360182 0.059089 0.036380
0 0.557645 0.678773 0.068537 0.048691
0 0.729171 0.418434 0.056128 0.037754
0 0.605141 0.445882 0.060464 0.040332
0 0.659776 0.898617 0.067626 0.056934
0 0.740924 0.450026 0.063854 0.039740
0 0.655961 0.838262 0.070699 0.058451
0 0.404885 0.506292 0.048780 0.041895
0 0.236947 0.680335 0.060482 0.153626
0 0.393260 0.731709 0.061120 0.053327
0 0.592381 0.385472 0.053242 0.036868
0 0.704358 0.310846 0.053030 0.042201
0 0.697667 0.282692 0.055742 0.036387
0 0.691382 0.240280 0.040655 0.036875
0 0.599162 0.411813 0.055530 0.040085
0 0.402287 0.474329 0.058464 0.038893
0 0.612632 0.477396 0.060846 0.040951
0 0.379401 0.933822 0.087821 0.072383
0 0.378752 0.860973 0.066671 0.065827
0 0.592179 0.355143 0.050729 0.037409
0 0.589976 0.330348 0.050855 0.035540