0 0.833861 0.784027 0.082322 0.052754
0 0.381309 0.790225 0.072869 0.059212
0 0.388292 0.735313 0.076367 0.052695
0 0.399998 0.543766 0.065221 0.048053
0 0.395751 0.678216 0.071823 0.050937
0 0.401243 0.631449 0.061202 0.045645
0 0.652758 0.779769 0.071437 0.054342
0 0.385968 0.851947 0.069809 0.055521
0 0.557276 0.622503 0.064206 0.046686
0 0.848051 0.845814 0.079688 0.053932
0 0.400981 0.587344 0.066076 0.045169
0 0.404952 0.461156 0.051649 0.039824
0 0.646276 0.722972 0.069401 0.049564
0 0.400369 0.498008 0.058047 0.044922
0 0.636270 0.670856 0.064379 0.049785
0 0.859735 0.907620 0.072500 0.052702
0 0.595293 0.910169 0.072956 0.055195
0 0.543770 0.372223 0.050968 0.037559
0 0.379548 0.910754 0.077247 0.065037
0 0.565228 0.670749 0.064883 0.049010
0 0.763260 0.535544 0.070078 0.049225
0 0.331330 0.634818 0.055213 0.047357
0 0.622711 0.579788 0.063746 0.044889
0 0.623179 0.539876 0.062747 0.047122
0 0.326141 0.586406 0.069306 0.049154
0 0.776914 0.577015 0.076719 0.053405
0 0.873394 0.970602 0.086146 0.053639
0 0.807400 0.672051 0.076753 0.055885
0 0.208520 0.765967 0.040773 0.081152
0 0.633917 0.622686 0.064440 0.048275
0 0.743689 0.459912 0.061493 0.043783
0 0.549377 0.502757 0.056931 0.043587
0 0.668655 0.913652 0.061510 0.057331
0 0.820838 0.727780 0.060946 0.049049
0 0.789494 0.627578 0.069648 0.054310
0 0.554353 0.580072 0.064410 0.046862
0 0.552324 0.540130 0.060265 0.039935
0 0.578173 0.841846 0.068290 0.057012
0 0.662285 0.833822 0.079145 0.058919
0 0.573553 0.784336 0.061497 0.053789
0 0.592107 0.971895 0.071124 0.050391
0 0.611632 0.470628 0.061102 0.040736
0 0.615171 0.436829 0.054648 0.041419
0 0.606723 0.404089 0.051120 0.041302
0 0.751380 0.497601 0.066632 0.045228
0 0.330304 0.545573 0.055226 0.043229
0 0.735271 0.420273 0.045169 0.042799
0 0.409288 0.414440 0.054418 0.038776
0 0.670245 0.976872 0.062886 0.042949
0 0.410269 0.379157 0.056641 0.044303
0 0.544820 0.469964 0.056011 0.041647
0 0.618056 0.504886 0.051884 0.039434
0 0.551497 0.438092 0.058160 0.039193
0 0.593251 0.225866 0.049957 0.035872
0 0.602428 0.300749 0.048511 0.034297
0 0.606549 0.352145 0.049774 0.038301
0 0.694282 0.253607 0.050647 0.032917
0 0.698134 0.280524 0.046632 0.030176
0 0.728869 0.388717 0.045577 0.036393
0 0.594931 0.253034 0.045000 0.033581
0 0.601007 0.275632 0.043863 0.031667
0 0.706973 0.306595 0.045056 0.033646
0 0.603116 0.325348 0.038724 0.035189
0 0.690738 0.226842 0.041441 0.030924
0 0.718835 0.365417 0.043103 0.034674
0 0.587192 0.202894 0.040174 0.027663
0 0.293847 0.871293 0.085216 0.063633