0 0.378741 0.935508 0.078160 0.058424
0 0.392192 0.751445 0.070851 0.057643
0 0.865150 0.895439 0.088963 0.054486
0 0.795525 0.629443 0.060017 0.043639
0 0.390306 0.804772 0.060595 0.051263
0 0.778735 0.583656 0.068728 0.045684
0 0.634579 0.672887 0.065017 0.046777
0 0.875734 0.969886 0.085052 0.055176
0 0.589807 0.958184 0.084223 0.059010
0 0.381951 0.692585 0.079154 0.061315
0 0.627255 0.628952 0.056141 0.042904
0 0.810089 0.675719 0.076489 0.049707
0 0.624384 0.550602 0.063559 0.044902
0 0.818240 0.728398 0.073650 0.049701
0 0.736200 0.432337 0.057088 0.037331
0 0.386276 0.636663 0.065599 0.049668
0 0.765313 0.539443 0.059349 0.044629
0 0.388455 0.594408 0.066241 0.046120
0 0.841608 0.841227 0.084049 0.051582
0 0.547498 0.524023 0.059327 0.040768
0 0.378848 0.855990 0.063503 0.056146
0 0.756691 0.502074 0.063520 0.041699
0 0.661302 0.884167 0.074783 0.057721
0 0.564690 0.827096 0.070621 0.054531
0 0.546905 0.606745 0.057526 0.042956
0 0.577928 0.885667 0.071810 0.054512
0 0.571115 0.761579 0.074054 0.054199
0 0.745174 0.466507 0.056970 0.038913
0 0.618173 0.588532 0.060608 0.046895
0 0.564748 0.704821 0.070799 0.049954
0 0.656274 0.828167 0.063798 0.051895
0 0.650386 0.775651 0.064635 0.050013
0 0.396170 0.510166 0.063077 0.043548
0 0.553305 0.649557 0.070334 0.051576
0 0.638641 0.725596 0.053021 0.043223
0 0.834692 0.782354 0.068056 0.052311
0 0.547133 0.559004 0.048077 0.043047
0 0.608735 0.474873 0.053529 0.044329
0 0.671354 0.955384 0.061944 0.054062
0 0.395139 0.547139 0.060660 0.048105
0 0.689918 0.240065 0.037274 0.031810
0 0.610271 0.442783 0.044102 0.035697
0 0.599401 0.417646 0.055625 0.033496