0 0.553531 0.680423 0.072652 0.051094
0 0.841641 0.905811 0.081632 0.057702
0 0.559911 0.726937 0.069622 0.053236
0 0.662207 0.904788 0.061376 0.055892
0 0.402945 0.848258 0.065178 0.054772
0 0.571997 0.842380 0.074106 0.055671
0 0.694457 0.971829 0.078698 0.048971
0 0.565048 0.785573 0.070590 0.053229
0 0.841105 0.845814 0.084753 0.058776
0 0.652326 0.841888 0.072561 0.053229
0 0.643346 0.732054 0.073056 0.055254
0 0.650879 0.786338 0.075760 0.056829
0 0.868598 0.969798 0.087604 0.053138
0 0.395514 0.732363 0.079249 0.055443
0 0.586617 0.970892 0.062669 0.051484
0 0.577715 0.903200 0.071836 0.058574
0 0.406745 0.382253 0.054054 0.039805
0 0.751842 0.786885 0.042062 0.111178
0 0.824928 0.786768 0.075239 0.057233
0 0.785189 0.638151 0.067826 0.047279
0 0.809273 0.732305 0.061532 0.052135
0 0.801042 0.682790 0.078238 0.055749
0 0.633112 0.678727 0.069870 0.057871
0 0.627730 0.634795 0.063707 0.046517
0 0.407201 0.785498 0.061667 0.054160