0 0.398945 0.725719 0.072891 0.054824
0 0.589967 0.971100 0.088494 0.051302
0 0.399657 0.616230 0.068377 0.046510
0 0.399839 0.672715 0.071832 0.056810
0 0.577984 0.841462 0.073867 0.061178
0 0.401634 0.533975 0.058069 0.043275
0 0.659089 0.841712 0.077934 0.058008
0 0.387695 0.846790 0.082396 0.060156
0 0.395597 0.789906 0.063685 0.052559
0 0.401743 0.574326 0.067548 0.046647
0 0.771617 0.594948 0.069093 0.046510
0 0.551183 0.579495 0.064891 0.049681
0 0.534970 0.428717 0.054158 0.038021
0 0.666137 0.898571 0.060920 0.052767
0 0.738694 0.451842 0.058524 0.038437
0 0.638388 0.729580 0.075022 0.055658
0 0.680779 0.963385 0.075655 0.056172
0 0.622316 0.596556 0.058329 0.044870
0 0.582808 0.217083 0.042118 0.032695
0 0.557357 0.625697 0.052344 0.047331
0 0.761897 0.553112 0.067595 0.047279
0 0.835931 0.834717 0.089084 0.056986
0 0.559230 0.671960 0.068251 0.051719
0 0.406502 0.466719 0.057144 0.038268
0 0.613672 0.554827 0.058845 0.045866
0 0.399514 0.433958 0.056068 0.038776
0 0.744594 0.482246 0.060638 0.045143
0 0.646851 0.784658 0.062947 0.055397
0 0.848702 0.962702 0.084835 0.061432
0 0.798303 0.680859 0.059227 0.049844
0 0.628531 0.640013 0.053850 0.041927
0 0.410271 0.498581 0.048789 0.038516
0 0.576031 0.784300 0.071775 0.053730
0 0.603711 0.506706 0.054566 0.046615
0 0.805317 0.733730 0.072891 0.056419
0 0.541198 0.495876 0.054540 0.038418
0 0.560030 0.723288 0.074193 0.057604
0 0.383548 0.913027 0.086228 0.066055
0 0.781619 0.638861 0.067543 0.049076
0 0.843079 0.899688 0.073945 0.053802
0 0.597172 0.439808 0.058060 0.041217
0 0.813095 0.781934 0.065530 0.049414
0 0.537342 0.461966 0.052305 0.042396
0 0.545684 0.534642 0.069414 0.051120
0 0.580122 0.902178 0.075269 0.061686
0 0.689371 0.260072 0.054497 0.035234
0 0.587674 0.380339 0.050929 0.036016
0 0.591586 0.408278 0.051428 0.038353
0 0.733060 0.418704 0.055095 0.042865
0 0.750232 0.517493 0.063381 0.046107
0 0.703149 0.312858 0.052079 0.033073
0 0.636832 0.681367 0.054931 0.050247
0 0.603804 0.471816 0.050230 0.041927
0 0.723336 0.390443 0.057756 0.039414
0 0.715339 0.361650 0.053819 0.036751
0 0.710592 0.338669 0.054848 0.034798
0 0.697880 0.287109 0.043303 0.030182