0 0.382689 0.778584 0.074874 0.059564
0 0.567489 0.842458 0.082253 0.058796
0 0.576914 0.968021 0.088681 0.057292
0 0.377732 0.719541 0.081037 0.063678
0 0.380833 0.611022 0.066276 0.049766
0 0.376777 0.662201 0.073859 0.057786
0 0.576152 0.901240 0.076853 0.059186
0 0.630720 0.634811 0.071632 0.052695
0 0.663947 0.903200 0.062062 0.055462
0 0.621324 0.551810 0.055694 0.046445
0 0.802227 0.732640 0.082014 0.054095
0 0.386801 0.568210 0.066493 0.048333
0 0.647357 0.778512 0.070304 0.055254
0 0.275582 0.542266 0.046823 0.106914
0 0.617819 0.511761 0.058034 0.046895
0 0.392815 0.528643 0.065135 0.043613
0 0.833987 0.839209 0.082513 0.058066
0 0.763273 0.555469 0.072292 0.045664
0 0.860343 0.969310 0.084540 0.054805
0 0.556573 0.676888 0.056732 0.051302
0 0.562316 0.730020 0.075490 0.056094
0 0.639358 0.681315 0.060425 0.049128
0 0.380556 0.911797 0.076788 0.066758
0 0.546912 0.512152 0.058893 0.042207
0 0.798524 0.684346 0.069375 0.050618
0 0.754566 0.514906 0.063924 0.046465
0 0.392185 0.437816 0.062227 0.047207
0 0.553129 0.588815 0.051337 0.048698
0 0.716612 0.363825 0.057713 0.036764
0 0.380890 0.836732 0.082049 0.064219
0 0.642031 0.727926 0.073403 0.055046
0 0.789792 0.636247 0.076736 0.053079
0 0.551916 0.549375 0.055525 0.043060
0 0.670295 0.971917 0.075486 0.050410
0 0.625634 0.592477 0.052031 0.043118
0 0.845063 0.898281 0.071211 0.059440
0 0.563915 0.782555 0.077083 0.056921
0 0.708956 0.334421 0.052418 0.036042
0 0.539297 0.443359 0.055365 0.037799
0 0.824477 0.783066 0.067001 0.052565
0 0.768980 0.595827 0.072361 0.049115
0 0.724464 0.392956 0.057912 0.034883
0 0.601220 0.347962 0.051319 0.039193
0 0.553965 0.633519 0.069206 0.050475
0 0.701254 0.281576 0.055477 0.039427
0 0.704720 0.310622 0.052999 0.035579
0 0.654015 0.835094 0.070920 0.060462
0 0.729481 0.420583 0.053850 0.036947
0 0.739440 0.450996 0.060790 0.038815
0 0.539931 0.475911 0.054931 0.041198
0 0.597203 0.374922 0.055412 0.039427
0 0.744607 0.481117 0.056393 0.041048
0 0.616113 0.478154 0.056593 0.041191
0 0.610111 0.441676 0.055812 0.042311
0 0.587118 0.259902 0.049141 0.037969
0 0.581669 0.234896 0.046523 0.036602
0 0.604164 0.407031 0.051471 0.039505
0 0.268192 0.565876 0.032365 0.060475