0 0.368122 0.669545 0.072763 0.057314
0 0.373616 0.770680 0.070139 0.054683
0 0.371452 0.828262 0.063865 0.051927
0 0.370676 0.722594 0.063406 0.053625
0 0.790850 0.659202 0.055517 0.046440
0 0.574943 0.267672 0.037414 0.032889
0 0.763539 0.530586 0.055963 0.046137
0 0.771438 0.569544 0.067561 0.043006
0 0.686596 0.246783 0.040130 0.034287
0 0.782589 0.611416 0.077162 0.053873
0 0.795434 0.714672 0.071397 0.047987
0 0.754164 0.489388 0.056588 0.039417
0 0.565673 0.817901 0.072295 0.057175
0 0.643039 0.765654 0.073552 0.053392
0 0.607759 0.532933 0.058684 0.043778
0 0.577375 0.876701 0.078322 0.057243
0 0.561662 0.762597 0.075575 0.053264
0 0.649957 0.820572 0.062905 0.049416
0 0.819551 0.764493 0.074571 0.051489
0 0.617505 0.614163 0.063607 0.046547
0 0.375275 0.618768 0.053425 0.048630
0 0.611221 0.573064 0.051665 0.042946
0 0.625103 0.662478 0.063467 0.048327
0 0.551507 0.663686 0.064802 0.045513
0 0.820851 0.820994 0.076458 0.048846
0 0.655845 0.880280 0.058795 0.050082
0 0.635006 0.709809 0.053917 0.043451
0 0.671191 0.953525 0.080192 0.057540
0 0.835623 0.882290 0.072335 0.053429
0 0.846458 0.944909 0.080334 0.053372
0 0.586745 0.952553 0.080848 0.060861