0 0.571456 0.901536 0.084727 0.058607
0 0.571973 0.835742 0.074371 0.053997
0 0.568398 0.778200 0.084557 0.060241
0 0.579058 0.968350 0.088715 0.056569
0 0.763045 0.553685 0.063989 0.046328
0 0.547839 0.546715 0.055755 0.042663
0 0.651391 0.836484 0.064544 0.056510
0 0.395723 0.788320 0.059015 0.056367
0 0.623533 0.591803 0.069366 0.045651
0 0.564082 0.726644 0.061471 0.048639
0 0.393359 0.726331 0.066293 0.052077
0 0.614332 0.510622 0.057300 0.046621
0 0.786183 0.631504 0.074076 0.048385
0 0.770388 0.593971 0.066385 0.043203
0 0.397739 0.580791 0.061163 0.050553
0 0.623887 0.632275 0.062982 0.049551
0 0.750213 0.514889 0.054158 0.042331
0 0.733854 0.446621 0.065052 0.039727
0 0.855490 0.965537 0.084167 0.059186
0 0.672743 0.966608 0.065703 0.055612
0 0.648292 0.782357 0.064397 0.053242
0 0.810905 0.775062 0.063555 0.047181
0 0.388668 0.849342 0.065755 0.053047
0 0.633218 0.678363 0.059371 0.046921
0 0.399492 0.626006 0.070069 0.048561
0 0.728574 0.413939 0.057530 0.038672
0 0.846886 0.896074 0.075013 0.053255
0 0.635406 0.726543 0.068815 0.050508
0 0.407170 0.471439 0.065894 0.047969
0 0.720660 0.385876 0.055061 0.034811
0 0.788817 0.677305 0.075004 0.054219
0 0.739987 0.481663 0.062700 0.039460
0 0.400786 0.540993 0.049679 0.044759
0 0.660651 0.899183 0.061068 0.049147
0 0.397311 0.672331 0.072279 0.060508
0 0.798926 0.729342 0.068555 0.053125
0 0.817847 0.830495 0.068273 0.048503
0 0.558362 0.674456 0.070030 0.054681
0 0.607778 0.475970 0.058663 0.041966
0 0.394386 0.911553 0.080881 0.068079
0 0.605896 0.443392 0.052947 0.038112
0 0.553850 0.628874 0.059757 0.043125
0 0.545213 0.414671 0.043264 0.038535
0 0.599861 0.410661 0.057804 0.043822
0 0.597190 0.351722 0.054475 0.041048
0 0.617593 0.549046 0.052374 0.042493
0 0.691230 0.239115 0.039284 0.036367
0 0.545061 0.507786 0.055842 0.044062
0 0.586615 0.282347 0.048715 0.036999
0 0.542463 0.473639 0.057964 0.041237
0 0.708214 0.333285 0.055239 0.038483
0 0.581120 0.256722 0.049453 0.034329
0 0.402257 0.509759 0.056354 0.041719
0 0.578066 0.232734 0.048529 0.032018
0 0.717554 0.360439 0.054848 0.031934
0 0.595365 0.382715 0.054297 0.038750
0 0.586680 0.305003 0.046606 0.038340
0 0.693644 0.283197 0.044648 0.034141
0 0.703318 0.307546 0.048694 0.031497