0 0.384141 0.684008 0.070625 0.051157
0 0.809256 0.746345 0.076205 0.055512
0 0.640483 0.735143 0.071071 0.054332
0 0.572694 0.847314 0.073320 0.061396
0 0.666781 0.914206 0.060155 0.053539
0 0.658831 0.849192 0.068472 0.054040
0 0.647603 0.791250 0.080394 0.061666
0 0.789694 0.649783 0.070150 0.047118
0 0.634537 0.691006 0.066462 0.048980
0 0.796494 0.696433 0.067758 0.050255
0 0.540784 0.481243 0.055119 0.041666
0 0.580815 0.203133 0.033770 0.035805
0 0.576701 0.166518 0.042184 0.037015
0 0.832095 0.849173 0.066380 0.051565
0 0.689548 0.252002 0.041227 0.039430
0 0.870801 0.977937 0.089383 0.038171
0 0.855152 0.915039 0.072616 0.051332
0 0.582034 0.908052 0.073517 0.053538
0 0.676950 0.983799 0.065104 0.031100