0 0.782528 0.587930 0.077114 0.047578
0 0.650278 0.777484 0.073733 0.054980
0 0.767376 0.547601 0.068424 0.045085
0 0.373431 0.712559 0.074666 0.055286
0 0.792233 0.634548 0.073702 0.049108
0 0.568893 0.621986 0.058542 0.044453
0 0.620508 0.534727 0.063724 0.044049
0 0.648707 0.725036 0.063863 0.049876
0 0.638611 0.617220 0.061936 0.047734
0 0.556793 0.537861 0.055842 0.042598
0 0.578175 0.833757 0.073312 0.055859
0 0.573016 0.719583 0.068377 0.052487
0 0.835451 0.832777 0.071762 0.050358
0 0.676233 0.969294 0.095391 0.057546
0 0.371986 0.769977 0.076975 0.060358
0 0.589008 0.896445 0.091567 0.068750
0 0.641450 0.671816 0.072326 0.051628
0 0.850690 0.901338 0.071337 0.051647
0 0.796115 0.682067 0.074288 0.049095
0 0.563615 0.577585 0.049115 0.043503
0 0.572689 0.775306 0.072131 0.051589
0 0.567802 0.668600 0.068503 0.049141
0 0.633457 0.574180 0.060985 0.046029
0 0.378650 0.625843 0.071163 0.049303
0 0.365829 0.913604 0.075295 0.059290
0 0.385710 0.541950 0.067600 0.045697
0 0.812086 0.777715 0.061063 0.046576
0 0.809080 0.727122 0.061398 0.049831
0 0.547836 0.465514 0.054457 0.038958
0 0.659136 0.836449 0.068290 0.052233
0 0.874119 0.967021 0.092630 0.059421
0 0.716667 0.370166 0.055035 0.040710
0 0.600130 0.366357 0.056979 0.042142
0 0.363583 0.829893 0.077721 0.062363
0 0.759308 0.508486 0.058720 0.044434
0 0.733286 0.433799 0.063542 0.041725
0 0.721165 0.404095 0.053407 0.038451
0 0.553099 0.500599 0.057830 0.040898
0 0.616491 0.493548 0.055612 0.044831
0 0.379340 0.579476 0.051215 0.044941
0 0.375770 0.665410 0.055872 0.047187
0 0.608572 0.460277 0.057196 0.041569
0 0.663965 0.895937 0.059353 0.053529
0 0.703865 0.343607 0.051688 0.037279
0 0.688498 0.265700 0.052135 0.036230
0 0.605143 0.398656 0.044974 0.038132
0 0.606306 0.428428 0.053464 0.038392
0 0.691808 0.296563 0.044796 0.039583
0 0.744047 0.467409 0.055942 0.047174