0 0.851285 0.895778 0.086788 0.059173
0 0.660981 0.838978 0.058759 0.049557
0 0.373459 0.728363 0.070243 0.057025
0 0.584865 0.841842 0.081806 0.056367
0 0.588594 0.778418 0.085547 0.062773
0 0.385011 0.543034 0.061558 0.043815
0 0.403581 0.382611 0.058186 0.042760
0 0.778956 0.581123 0.069006 0.047350
0 0.219798 0.752031 0.084978 0.056771
0 0.375933 0.629665 0.070903 0.051621
0 0.582502 0.673835 0.074865 0.052148
0 0.569195 0.622246 0.064258 0.047669
0 0.597263 0.902868 0.075152 0.054876
0 0.763034 0.534398 0.072083 0.052402
0 0.376864 0.677952 0.071228 0.053027
0 0.790208 0.625544 0.069063 0.054173
0 0.378483 0.794671 0.070734 0.055111
0 0.742046 0.464193 0.060734 0.041237
0 0.667109 0.787272 0.064653 0.052982
0 0.648288 0.637562 0.063589 0.050410
0 0.383073 0.585166 0.062387 0.045632
0 0.567459 0.577604 0.065438 0.044896
0 0.834657 0.831458 0.078533 0.051888
0 0.825922 0.768955 0.067227 0.049408
0 0.603329 0.970309 0.083628 0.054980
0 0.384490 0.505993 0.048077 0.039603
0 0.731602 0.429401 0.058837 0.043451
0 0.823040 0.720482 0.062444 0.047956
0 0.754353 0.496895 0.061476 0.045898
0 0.724852 0.397969 0.055625 0.039883
0 0.803746 0.672396 0.065512 0.052995
0 0.581224 0.725479 0.074010 0.049850
0 0.661480 0.734619 0.072830 0.053327
0 0.628841 0.550830 0.061120 0.046790
0 0.606261 0.405576 0.058286 0.044759
0 0.637517 0.592725 0.063863 0.046452
0 0.658142 0.683779 0.062283 0.048691
0 0.719648 0.369313 0.054036 0.036790
0 0.623422 0.509010 0.055404 0.045039
0 0.372682 0.859980 0.062734 0.058672
0 0.394434 0.434980 0.061619 0.047500
0 0.680636 0.899564 0.070404 0.057461
0 0.553309 0.497490 0.053841 0.044915
0 0.579243 0.242233 0.045525 0.034401
0 0.685243 0.970280 0.073811 0.054935
0 0.590430 0.314701 0.050234 0.037930
0 0.579566 0.217493 0.046641 0.037279
0 0.386239 0.472090 0.046324 0.037070
0 0.542105 0.424674 0.051137 0.037813
0 0.594316 0.345488 0.050959 0.039701
0 0.546135 0.462083 0.052860 0.040352
0 0.707068 0.316742 0.050881 0.038327
0 0.618329 0.476009 0.046606 0.039115
0 0.534245 0.370312 0.043220 0.040990
0 0.702431 0.288421 0.049635 0.036439
0 0.688819 0.258900 0.049870 0.038190
0 0.607070 0.445732 0.047908 0.041960
0 0.601953 0.375264 0.050929 0.037181
0 0.880171 0.963662 0.060464 0.057663
0 0.588924 0.288831 0.045095 0.032376
0 0.714434 0.345026 0.053129 0.033060
0 0.379186 0.935866 0.084718 0.065560