0 0.644086 0.725911 0.078034 0.054766
0 0.557444 0.723210 0.075929 0.051693
0 0.598624 0.411165 0.055547 0.042096
0 0.401252 0.631058 0.067504 0.051491
0 0.399444 0.724961 0.055651 0.045339
0 0.611137 0.509997 0.056849 0.046022
0 0.570189 0.840010 0.074076 0.056113
0 0.742593 0.477780 0.065924 0.044766
0 0.767912 0.590667 0.070069 0.045228
0 0.549629 0.546536 0.050864 0.040807
0 0.582042 0.969932 0.087791 0.054824
0 0.549225 0.586484 0.055343 0.045794
0 0.556413 0.673874 0.063997 0.049531
0 0.536584 0.476413 0.053455 0.042109
0 0.728192 0.417653 0.055629 0.037181
0 0.645790 0.781530 0.070512 0.055221
0 0.402255 0.543740 0.060386 0.049030
0 0.754993 0.516973 0.054371 0.043190
0 0.621586 0.586706 0.065412 0.047721
0 0.388299 0.780921 0.054818 0.051556
0 0.831087 0.834681 0.074067 0.053529
0 0.716270 0.357904 0.052209 0.038490
0 0.613453 0.546439 0.054579 0.041237
0 0.626039 0.630625 0.068520 0.047422
0 0.781934 0.632227 0.067522 0.049870
0 0.824562 0.775156 0.081484 0.056745
0 0.845488 0.896442 0.075004 0.057780
0 0.657930 0.843219 0.074297 0.054108
0 0.859829 0.965830 0.076549 0.059616
0 0.805165 0.722246 0.066536 0.052096
0 0.562493 0.778040 0.074327 0.053724
0 0.576866 0.897093 0.069609 0.059551
0 0.801788 0.677350 0.061910 0.050065
0 0.725000 0.388499 0.058151 0.034577
0 0.631257 0.677441 0.052869 0.046914
0 0.593236 0.381462 0.054466 0.036243
0 0.603058 0.445801 0.056619 0.041055
0 0.539722 0.442796 0.055712 0.040332
0 0.403741 0.408835 0.045156 0.042018
0 0.386675 0.912764 0.088550 0.064980
0 0.415477 0.378805 0.059635 0.045684
0 0.390054 0.836855 0.083103 0.065247
0 0.400957 0.504906 0.062426 0.045189
0 0.665041 0.904548 0.065239 0.053691
0 0.594243 0.352546 0.052921 0.037812
0 0.594687 0.328044 0.046745 0.033092
0 0.668030 0.974082 0.063377 0.047214
0 0.705753 0.331650 0.054857 0.035905
0 0.738071 0.444043 0.049154 0.038490
0 0.603236 0.474854 0.055786 0.042910
0 0.701311 0.308005 0.049609 0.032637
0 0.690215 0.239144 0.039701 0.037233
0 0.696450 0.282139 0.045286 0.034551
0 0.586335 0.254469 0.042938 0.032637
0 0.591760 0.301240 0.043329 0.036608
0 0.400100 0.471657 0.057040 0.039238
0 0.587398 0.279128 0.047357 0.031914