0 0.326634 0.832430 0.082608 0.054240
0 0.623595 0.645472 0.063997 0.048555
0 0.758061 0.512314 0.063280 0.042222
0 0.789514 0.644464 0.070178 0.044267
0 0.776689 0.601395 0.071193 0.049148
0 0.794702 0.692820 0.074833 0.044663
0 0.524182 0.433304 0.048672 0.038365
0 0.399689 0.459484 0.044714 0.040612
0 0.611895 0.598541 0.059658 0.045866
0 0.630723 0.703762 0.065295 0.048584
0 0.735212 0.441078 0.055777 0.036254
0 0.550592 0.689401 0.075526 0.055429
0 0.398107 0.727699 0.069769 0.052608
0 0.745477 0.476836 0.065117 0.038251
0 0.594843 0.482554 0.042590 0.041790
0 0.604086 0.519163 0.056022 0.040153
0 0.699581 0.277101 0.046339 0.031926
0 0.393944 0.428239 0.061965 0.042315
0 0.514616 0.395206 0.055042 0.040602
0 0.410039 0.851183 0.071164 0.053357
0 0.610898 0.558651 0.050791 0.036516
0 0.654688 0.809591 0.078173 0.052796
0 0.405581 0.923370 0.083686 0.062881
0 0.720426 0.409473 0.055801 0.033260
0 0.535776 0.504497 0.051514 0.037406
0 0.587052 0.446881 0.050400 0.042340
0 0.572962 0.810104 0.079832 0.055140
0 0.717532 0.376973 0.055297 0.034780
0 0.691635 0.253807 0.047287 0.031379
0 0.703043 0.346956 0.056371 0.035807
0 0.403621 0.673082 0.066209 0.049516
0 0.810107 0.749295 0.067467 0.050995
0 0.405453 0.790161 0.060279 0.048362
0 0.586782 0.424398 0.050127 0.038524
0 0.551016 0.631214 0.060978 0.047223
0 0.531232 0.467867 0.052197 0.034741
0 0.583607 0.386374 0.045656 0.036550
0 0.567673 0.758427 0.073691 0.051333
0 0.393997 0.534430 0.068443 0.048828
0 0.395666 0.585136 0.063435 0.047576
0 0.401926 0.627078 0.050915 0.046324
0 0.582632 0.869341 0.078459 0.065104
0 0.585136 0.929437 0.060096 0.057592
0 0.545489 0.587014 0.064269 0.046324
0 0.538395 0.550080 0.063435 0.042568
0 0.659004 0.875601 0.060931 0.052584
0 0.673611 0.940079 0.070112 0.063852
0 0.640224 0.757913 0.065104 0.052584
0 0.581798 0.359150 0.046741 0.038812
0 0.604334 0.333484 0.050080 0.037560
0 0.826773 0.810497 0.070947 0.055088
0 0.838876 0.878105 0.073451 0.055088
0 0.869341 0.948217 0.089310 0.057592
0 0.770433 0.555088 0.060096 0.042568
0 0.714093 0.312826 0.044237 0.036308
0 0.689887 0.233323 0.039229 0.030048
0 0.687800 0.210161 0.048411 0.028796
0 0.672776 0.188877 0.051749 0.033804