0 0.376780 0.777920 0.075981 0.056465
0 0.792322 0.646045 0.070712 0.048444
0 0.364275 0.839339 0.089609 0.069408
0 0.598987 0.355846 0.052322 0.036732
0 0.838624 0.839245 0.069453 0.049232
0 0.380237 0.715954 0.058069 0.051908
0 0.365558 0.972640 0.082253 0.050736
0 0.780041 0.602747 0.066549 0.047435
0 0.381957 0.583441 0.065651 0.046243
0 0.295933 0.545485 0.029592 0.059434
0 0.824060 0.780905 0.076315 0.049870
0 0.548351 0.537734 0.059470 0.043633
0 0.404622 0.370426 0.058151 0.046517
0 0.557083 0.672972 0.068646 0.048939
0 0.630046 0.637975 0.057053 0.044349
0 0.381000 0.625316 0.052044 0.045801
0 0.538659 0.463177 0.051016 0.041341
0 0.586515 0.970778 0.085460 0.055762
0 0.617802 0.555996 0.060412 0.048281
0 0.603796 0.478138 0.062669 0.044193
0 0.727075 0.408438 0.055139 0.041849
0 0.387398 0.431774 0.061489 0.044069
0 0.854607 0.893626 0.064596 0.050156
0 0.554154 0.580091 0.061823 0.042773
0 0.881220 0.964609 0.089957 0.061185
0 0.768796 0.559261 0.064909 0.053444
0 0.658496 0.778470 0.077956 0.058307
0 0.745007 0.475374 0.062261 0.042129
0 0.709551 0.322533 0.052365 0.034036
0 0.571350 0.786318 0.076345 0.051934
0 0.658247 0.844063 0.077700 0.057070
0 0.580352 0.901530 0.070920 0.059193
0 0.573153 0.838750 0.070924 0.054674
0 0.627819 0.597549 0.057322 0.043001
0 0.387513 0.542627 0.064835 0.046048
0 0.632622 0.685085 0.065313 0.051940
0 0.667888 0.974652 0.061740 0.048092
0 0.806725 0.733577 0.060725 0.049616
0 0.564989 0.723740 0.057661 0.052129
0 0.541871 0.366068 0.040286 0.037057
0 0.666230 0.902477 0.061723 0.055137
0 0.736712 0.439710 0.047096 0.039720
0 0.605792 0.412646 0.054128 0.040098
0 0.612854 0.518529 0.057296 0.043529
0 0.548394 0.501628 0.047648 0.039909
0 0.756061 0.514245 0.059796 0.044128
0 0.792552 0.692389 0.067439 0.048945
0 0.538919 0.427467 0.061050 0.043281
0 0.384384 0.468896 0.058715 0.041491
0 0.382797 0.502852 0.059492 0.045208
0 0.558741 0.623109 0.053672 0.048418
0 0.607400 0.315182 0.039401 0.035430
0 0.720219 0.352018 0.056680 0.036510
0 0.696725 0.286201 0.042565 0.038926
0 0.604405 0.442884 0.050738 0.042656
0 0.688937 0.255573 0.050599 0.036341
0 0.543691 0.396937 0.055030 0.038053
0 0.681886 0.209492 0.048433 0.031445
0 0.599620 0.291953 0.048876 0.033542
0 0.597941 0.265859 0.041714 0.031966
0 0.727064 0.379876 0.046254 0.036927
0 0.686434 0.233600 0.045490 0.028724