0 0.773521 0.581808 0.069537 0.046621
0 0.305567 0.956318 0.081707 0.061423
0 0.781400 0.626539 0.070046 0.046010
0 0.879865 0.959073 0.089964 0.060921
0 0.410679 0.892851 0.087008 0.060220
0 0.604014 0.319255 0.037129 0.037319
0 0.583734 0.884040 0.078833 0.057660
0 0.765849 0.534003 0.055582 0.045953
0 0.600360 0.291981 0.051350 0.037186
0 0.407644 0.960088 0.074466 0.057739
0 0.744152 0.461198 0.061275 0.040587
0 0.705282 0.338310 0.052194 0.036903
0 0.751444 0.494806 0.061423 0.044465
0 0.684515 0.264740 0.046635 0.025274
0 0.316997 0.776057 0.073872 0.053856
0 0.394895 0.613604 0.064013 0.048921
0 0.590895 0.203275 0.048579 0.030048
0 0.685595 0.222468 0.041136 0.034230
0 0.844614 0.841192 0.064758 0.051784
0 0.698253 0.289227 0.044276 0.025913
0 0.411129 0.415102 0.059049 0.036088
0 0.404402 0.665454 0.069592 0.052383
0 0.802666 0.719938 0.056121 0.043398
0 0.399431 0.571686 0.052567 0.046932
0 0.854504 0.897095 0.064651 0.049241
0 0.791521 0.674858 0.063830 0.053011
0 0.829295 0.786696 0.067404 0.050796
0 0.641621 0.645891 0.067043 0.048855
0 0.594822 0.241577 0.040811 0.031737
0 0.398595 0.830089 0.079247 0.054384
0 0.584847 0.801480 0.067883 0.048557
0 0.592389 0.964713 0.084138 0.057476
0 0.559744 0.594502 0.061053 0.048739
0 0.731057 0.422836 0.055381 0.043489
0 0.717900 0.366673 0.053557 0.039654
0 0.406517 0.377304 0.056757 0.040064
0 0.414029 0.448668 0.046741 0.042568
0 0.402761 0.486228 0.064269 0.050080
0 0.401092 0.526918 0.062600 0.048828
0 0.401926 0.718475 0.052584 0.048828
0 0.403596 0.771059 0.055923 0.048828
0 0.545072 0.411108 0.051749 0.040064
0 0.547993 0.443660 0.052584 0.040064
0 0.553836 0.479968 0.059261 0.040064
0 0.556757 0.514398 0.051749 0.043820
0 0.557592 0.554462 0.055088 0.043820
0 0.566774 0.640224 0.058427 0.047576
0 0.574286 0.695939 0.065104 0.048828
0 0.578876 0.752279 0.074286 0.048828
0 0.665264 0.895633 0.060096 0.052584
0 0.676115 0.966997 0.073451 0.062600
0 0.662343 0.810497 0.072616 0.060096
0 0.657752 0.756661 0.060096 0.052584
0 0.644815 0.698443 0.065939 0.048828
0 0.635634 0.604542 0.064269 0.043820
0 0.623531 0.563226 0.058427 0.043820
0 0.621027 0.521910 0.065104 0.043820
0 0.616436 0.481220 0.052584 0.040064
0 0.611428 0.450546 0.057592 0.036308
0 0.600995 0.417994 0.050080 0.038812
0 0.600578 0.387320 0.055923 0.035056
0 0.600160 0.363532 0.041733 0.032552
0 0.603499 0.267127 0.048411 0.032552
0 0.593900 0.223933 0.042568 0.031300
0 0.686966 0.245843 0.051749 0.025040
0 0.700321 0.312200 0.038395 0.030048
0 0.732038 0.392328 0.043403 0.032552