0 0.387755 0.664359 0.073415 0.064411
0 0.395602 0.609967 0.071560 0.057723
0 0.372607 0.903807 0.086277 0.065283
0 0.405717 0.501564 0.063304 0.045121
0 0.374531 0.838135 0.083721 0.058554
0 0.407540 0.434871 0.057643 0.040959
0 0.577617 0.672616 0.071797 0.049760
0 0.583639 0.782813 0.078114 0.062321
0 0.401182 0.567135 0.046380 0.039277
0 0.400195 0.374199 0.058545 0.044762
0 0.381018 0.780932 0.065777 0.052970
0 0.564072 0.587151 0.052144 0.044093
0 0.577398 0.722119 0.068896 0.051109
0 0.590564 0.838892 0.070942 0.059295
0 0.404938 0.537805 0.054054 0.044229
0 0.604175 0.972494 0.091497 0.051057
0 0.598875 0.904133 0.074550 0.052253
0 0.602005 0.250028 0.038687 0.035294
0 0.721835 0.379644 0.054958 0.036183
0 0.568136 0.546962 0.064048 0.041339
0 0.794538 0.643162 0.071982 0.048443
0 0.805790 0.691119 0.067840 0.054214
0 0.567855 0.626199 0.052926 0.047070
0 0.688771 0.975378 0.068171 0.044306
0 0.562430 0.504602 0.058768 0.044261
0 0.679149 0.916291 0.064045 0.051332
0 0.714870 0.347698 0.053385 0.035860
0 0.826629 0.796063 0.074572 0.048757
0 0.698856 0.295473 0.041324 0.029148
0 0.555731 0.463786 0.056160 0.042975
0 0.710539 0.321521 0.051345 0.031163
0 0.839254 0.844714 0.081040 0.058417
0 0.671524 0.852439 0.062600 0.053836
0 0.661508 0.792343 0.069278 0.048828
0 0.656083 0.727865 0.073451 0.052584
0 0.651492 0.677158 0.055923 0.043820
0 0.643563 0.630834 0.073451 0.046324
0 0.632712 0.587640 0.056757 0.042568
0 0.631878 0.547576 0.063435 0.052584
0 0.626870 0.508764 0.058427 0.042568
0 0.619775 0.469326 0.060931 0.043820
0 0.554671 0.436148 0.052584 0.037560
0 0.616019 0.434896 0.055088 0.045072
0 0.613098 0.401092 0.057592 0.042568
0 0.613098 0.372922 0.055923 0.038812
0 0.608090 0.342248 0.054253 0.037560
0 0.690304 0.248347 0.050080 0.035056
0 0.692808 0.275891 0.048411 0.032552
0 0.727865 0.409230 0.050080 0.036308
0 0.738715 0.442408 0.046741 0.042568
0 0.743306 0.476212 0.062600 0.042568
0 0.752905 0.516276 0.056757 0.047576
0 0.787126 0.602038 0.060096 0.053836
0 0.820513 0.742889 0.061765 0.047576
0 0.855152 0.910657 0.070947 0.055088
0 0.881444 0.972631 0.093483 0.051332