0 0.655729 0.722441 0.071311 0.051901
0 0.588516 0.883512 0.074635 0.055671
0 0.670705 0.888750 0.061411 0.051536
0 0.825197 0.783516 0.069605 0.049414
0 0.790948 0.636934 0.075030 0.046888
0 0.667520 0.832168 0.068190 0.054688
0 0.831159 0.843971 0.072005 0.052161
0 0.690992 0.954798 0.074787 0.054049
0 0.654911 0.772780 0.070655 0.054818
0 0.580512 0.817207 0.077179 0.055430
0 0.804247 0.685898 0.066593 0.047135
0 0.777500 0.588721 0.055642 0.044759
0 0.843633 0.902100 0.066675 0.051543
0 0.873522 0.962275 0.090551 0.057441
0 0.393529 0.859606 0.065720 0.060033
0 0.697997 0.291035 0.043312 0.041107