0 0.399872 0.633193 0.075169 0.052389
0 0.809839 0.726250 0.067865 0.052617
0 0.310187 0.843561 0.076528 0.055729
0 0.797036 0.677415 0.076727 0.047760
0 0.401463 0.586250 0.066536 0.049961
0 0.854996 0.967331 0.087344 0.056888
0 0.568260 0.835804 0.073924 0.054108
0 0.786491 0.633636 0.076758 0.047585
0 0.819089 0.777799 0.072309 0.052057
0 0.680942 0.968258 0.085391 0.056387
0 0.398160 0.783913 0.075799 0.052435
0 0.770968 0.591221 0.067387 0.046230
0 0.581814 0.969290 0.087448 0.055391
0 0.395015 0.726042 0.063077 0.051810
0 0.603437 0.445238 0.059852 0.044382
0 0.393941 0.679225 0.055252 0.047878
0 0.402218 0.847308 0.069939 0.053431
0 0.845701 0.895615 0.081046 0.058965
0 0.552730 0.629281 0.066727 0.048913
0 0.529824 0.508190 0.065221 0.049792
0 0.699987 0.311787 0.052734 0.034668
0 0.831495 0.834661 0.069779 0.050742
0 0.647363 0.783389 0.067105 0.051777
0 0.664149 0.902454 0.083090 0.058411
0 0.606296 0.505433 0.063997 0.047832
0 0.574913 0.899788 0.079557 0.058275
0 0.549570 0.545986 0.060738 0.041165
0 0.404158 0.540924 0.051128 0.047760
0 0.653268 0.839645 0.075043 0.057181
0 0.565749 0.722051 0.061523 0.052109
0 0.737654 0.449613 0.054136 0.036673
0 0.753273 0.516143 0.058194 0.040319
0 0.643917 0.729743 0.057556 0.048900
0 0.566113 0.776465 0.056254 0.050339
0 0.550009 0.587181 0.068802 0.047188
0 0.623309 0.587884 0.062426 0.047526
0 0.716378 0.359229 0.061445 0.037702
0 0.760885 0.552311 0.063715 0.046745
0 0.416717 0.376999 0.059067 0.048581
0 0.733112 0.419753 0.060885 0.038776
0 0.747656 0.480133 0.064175 0.042936
0 0.535523 0.410221 0.055525 0.038164
0 0.632376 0.675553 0.062183 0.048268
0 0.618092 0.548356 0.060846 0.045723
0 0.559401 0.675381 0.055616 0.050072
0 0.627624 0.632148 0.067313 0.049531
0 0.532378 0.439880 0.054271 0.040423
0 0.407511 0.436676 0.045074 0.040280
0 0.397426 0.469792 0.048290 0.044557
0 0.725827 0.387598 0.052687 0.039453
0 0.534275 0.376068 0.051988 0.042643
0 0.404297 0.508776 0.064297 0.045417
0 0.539720 0.473734 0.061011 0.041165
0 0.691011 0.240524 0.041016 0.038171