0 0.830905 0.791795 0.073478 0.051515
0 0.588300 0.196739 0.042084 0.035609
0 0.777850 0.590006 0.074372 0.053846
0 0.637643 0.737977 0.059694 0.048047
0 0.601966 0.285767 0.046468 0.035337
0 0.630885 0.687847 0.065745 0.048654
0 0.647010 0.791752 0.065260 0.048740
0 0.608908 0.514642 0.059305 0.046878
0 0.525828 0.402617 0.054342 0.038725
0 0.801593 0.688891 0.072336 0.057914
0 0.626112 0.640659 0.066910 0.047545
0 0.768375 0.544362 0.072674 0.046491
0 0.789560 0.633119 0.063294 0.054275
0 0.611582 0.554748 0.058359 0.044273
0 0.398120 0.553643 0.067499 0.048199
0 0.544461 0.590002 0.068891 0.042852
0 0.753683 0.507736 0.070067 0.047103
0 0.566555 0.725718 0.058756 0.049482
0 0.397564 0.632688 0.067560 0.047332
0 0.396462 0.512287 0.061687 0.048042
0 0.664598 0.852578 0.077187 0.058047
0 0.616240 0.594137 0.060817 0.049747
0 0.390860 0.681822 0.068873 0.052206
0 0.693837 0.261269 0.048022 0.029245
0 0.603479 0.475671 0.054419 0.040147
0 0.397285 0.473076 0.061486 0.038551
0 0.699062 0.310460 0.050928 0.036585
0 0.576713 0.776994 0.061579 0.047030
0 0.600701 0.352095 0.040770 0.035534
0 0.557010 0.671564 0.061436 0.042128
0 0.537884 0.436164 0.056979 0.039227
0 0.543595 0.508488 0.063819 0.040617
0 0.396132 0.435691 0.041984 0.039908
0 0.591434 0.410337 0.060763 0.040638
0 0.588388 0.377693 0.057831 0.040543
0 0.815229 0.741364 0.057309 0.047030
0 0.586914 0.846560 0.074707 0.049320
0 0.728869 0.395161 0.048048 0.038492
0 0.846278 0.841648 0.063411 0.053802
0 0.671049 0.912236 0.065633 0.053372
0 0.555758 0.634155 0.059767 0.039683
0 0.399794 0.786348 0.060485 0.052084
0 0.746227 0.468074 0.061765 0.041316
0 0.400200 0.392342 0.060816 0.047547
0 0.536399 0.473009 0.052397 0.038119
0 0.539832 0.545365 0.056293 0.044486
0 0.857968 0.906403 0.073241 0.053581
0 0.731745 0.426029 0.054503 0.034850
0 0.591877 0.910686 0.073509 0.055047
0 0.385650 0.846179 0.076790 0.058844
0 0.389824 0.913161 0.071782 0.062600
0 0.689052 0.976387 0.084302 0.043820
0 0.597656 0.441156 0.043403 0.037560
0 0.603082 0.313452 0.039229 0.037560
0 0.593900 0.222055 0.049245 0.037560
0 0.699069 0.285281 0.045907 0.033804
0 0.878940 0.970753 0.078459 0.055088