0 0.560954 0.680655 0.065214 0.054870
0 0.637354 0.689468 0.072632 0.048810
0 0.769240 0.564951 0.066751 0.044788
0 0.811938 0.743553 0.075543 0.051901
0 0.570537 0.788471 0.071565 0.052786
0 0.403723 0.730463 0.075700 0.057780
0 0.652209 0.787841 0.065225 0.050812
0 0.749544 0.487836 0.061577 0.041803
0 0.628666 0.642852 0.064850 0.050327
0 0.626789 0.597030 0.056918 0.041316
0 0.656797 0.843914 0.058972 0.049316
0 0.556818 0.630265 0.062209 0.046430
0 0.820544 0.792918 0.068752 0.052590
0 0.578284 0.844480 0.062068 0.054427
0 0.795830 0.685729 0.079151 0.042966
0 0.555455 0.586978 0.056967 0.045732
0 0.615114 0.559916 0.059887 0.050326
0 0.758263 0.524995 0.061743 0.046443
0 0.731603 0.393274 0.059429 0.038590
0 0.579509 0.902815 0.074181 0.049682
0 0.604380 0.419383 0.048774 0.042692
0 0.715579 0.317859 0.053975 0.040065
0 0.568398 0.732546 0.075209 0.055741
0 0.405263 0.783838 0.057096 0.058336
0 0.410100 0.633163 0.051485 0.048207
0 0.610770 0.517423 0.054329 0.042618
0 0.644793 0.734191 0.057479 0.049304
0 0.410026 0.596140 0.058087 0.049552
0 0.733938 0.422135 0.054779 0.034392
0 0.739759 0.454396 0.061036 0.045069
0 0.843104 0.853442 0.075340 0.065486
0 0.576217 0.972569 0.088736 0.049921
0 0.708070 0.285905 0.050127 0.035245
0 0.843101 0.907633 0.075224 0.058633
0 0.546215 0.517424 0.060100 0.048794
0 0.595526 0.358203 0.052672 0.036918
0 0.660992 0.915280 0.058083 0.045910
0 0.593921 0.384831 0.042527 0.035025
0 0.865508 0.974579 0.084227 0.045569
0 0.716632 0.359002 0.048955 0.038695
0 0.662393 0.979392 0.064703 0.037276
0 0.400473 0.850180 0.065507 0.050842
0 0.692897 0.247871 0.039480 0.031696
0 0.407669 0.684707 0.066139 0.051260
0 0.396918 0.921925 0.085971 0.065104
0 0.600160 0.453050 0.053419 0.041316
0 0.603082 0.488106 0.049245 0.041316