0 0.407245 0.434897 0.057693 0.040320
0 0.382156 0.780727 0.066817 0.052290
0 0.598390 0.274113 0.043605 0.034002
0 0.396940 0.669802 0.076430 0.056556
0 0.407065 0.541829 0.056781 0.044964
0 0.405412 0.504340 0.062306 0.048913
0 0.388911 0.725503 0.069894 0.048047
0 0.394952 0.618834 0.049702 0.048937
0 0.400604 0.374720 0.059042 0.045094
0 0.720331 0.380143 0.051598 0.040584
0 0.689052 0.246469 0.047576 0.036308
0 0.740411 0.473631 0.059608 0.040454
0 0.695003 0.276128 0.047791 0.034583
0 0.753087 0.509983 0.056569 0.038950
0 0.729710 0.407290 0.053056 0.039345
0 0.582175 0.778562 0.075274 0.053059
0 0.592231 0.835977 0.072670 0.050728
0 0.598403 0.904314 0.075918 0.054397
0 0.713346 0.349030 0.055747 0.036100
0 0.555279 0.463670 0.055607 0.043241
0 0.763858 0.549257 0.048457 0.042820
0 0.545288 0.397679 0.040731 0.038876
0 0.371456 0.838882 0.078597 0.058917
0 0.607664 0.340665 0.051989 0.037075
0 0.555099 0.433470 0.053397 0.037908
0 0.880385 0.968927 0.090131 0.056081
0 0.838648 0.845961 0.080608 0.054116
0 0.738871 0.436017 0.045454 0.033342
0 0.631943 0.544342 0.060554 0.047773
0 0.649905 0.672159 0.057939 0.045347
0 0.793000 0.644073 0.070962 0.045324
0 0.619383 0.465776 0.061715 0.044232
0 0.627086 0.506907 0.056326 0.043779
0 0.632498 0.584654 0.056025 0.039441
0 0.786092 0.598655 0.059371 0.044854
0 0.372087 0.906140 0.084122 0.059327
0 0.601830 0.975135 0.085136 0.046324
0 0.575955 0.723483 0.065104 0.048828
0 0.576790 0.674028 0.068443 0.050080
0 0.568026 0.627078 0.050915 0.043820
0 0.563852 0.586388 0.050915 0.042568
0 0.566774 0.546324 0.063435 0.047576
0 0.560931 0.503756 0.055088 0.040064
0 0.649823 0.726613 0.069278 0.057592
0 0.662343 0.791717 0.069278 0.050080
0 0.671107 0.849309 0.063435 0.055088
0 0.855569 0.913161 0.071782 0.052584
0 0.825521 0.794847 0.066774 0.048828
0 0.820930 0.743515 0.062600 0.046324
0 0.805489 0.694060 0.065104 0.050080
0 0.710754 0.324094 0.054253 0.031300
0 0.699486 0.298427 0.041733 0.035056
0 0.683627 0.226437 0.051749 0.026292
0 0.603916 0.253355 0.039229 0.035056
0 0.612680 0.369792 0.050080 0.035056
0 0.612680 0.402344 0.058427 0.042568
0 0.614767 0.433018 0.049245 0.043820
0 0.641894 0.627704 0.066774 0.042568
0 0.678619 0.917543 0.058427 0.046324
0 0.687383 0.977539 0.070947 0.043620