0 0.658546 0.891927 0.075330 0.055169
0 0.647537 0.833994 0.074744 0.059577
0 0.834284 0.832572 0.071319 0.056068
0 0.564922 0.784948 0.069566 0.053229
0 0.583563 0.954007 0.088082 0.062207
0 0.846513 0.895905 0.071706 0.054505
0 0.569846 0.839248 0.074041 0.053952
0 0.391610 0.844404 0.082595 0.062441
0 0.642348 0.777969 0.054410 0.044753
0 0.390456 0.785937 0.071849 0.056120
0 0.805777 0.724206 0.059497 0.048021
0 0.812435 0.778132 0.071111 0.052383
0 0.731513 0.389183 0.052296 0.037949
0 0.406725 0.548480 0.064128 0.050046
0 0.671895 0.962132 0.076819 0.065358
0 0.622561 0.629886 0.057352 0.043314
0 0.861753 0.962529 0.075365 0.057207
0 0.626905 0.677467 0.072049 0.058724
0 0.690310 0.241501 0.042001 0.036973
0 0.641443 0.735553 0.053286 0.037240