0 0.829610 0.794766 0.071614 0.051495
0 0.400207 0.733476 0.059545 0.048043
0 0.391949 0.682667 0.067264 0.051512
0 0.391841 0.911613 0.075816 0.060689
0 0.384561 0.846116 0.081288 0.061474
0 0.803380 0.688192 0.074241 0.051801
0 0.771930 0.546974 0.066428 0.048780
0 0.859010 0.911866 0.068647 0.057679
0 0.780122 0.589152 0.072797 0.052065
0 0.587951 0.915379 0.070733 0.058165
0 0.577328 0.788651 0.062842 0.053708
0 0.789902 0.639158 0.063979 0.052213
0 0.753079 0.506967 0.063784 0.036146
0 0.816429 0.737399 0.058607 0.053547
0 0.399388 0.634131 0.070154 0.047763
0 0.694534 0.263209 0.050192 0.034732
0 0.604051 0.286397 0.043968 0.029068
0 0.599970 0.978000 0.085516 0.037030
0 0.545023 0.589826 0.072587 0.045544
0 0.700097 0.314378 0.050528 0.034404
0 0.399578 0.555244 0.067809 0.044504
0 0.630281 0.688784 0.065638 0.049191
0 0.396461 0.592922 0.048491 0.039516
0 0.847713 0.847443 0.062747 0.056317
0 0.588270 0.851315 0.074710 0.056083
0 0.394347 0.511118 0.062734 0.039765
0 0.747479 0.473095 0.065939 0.041290
0 0.624373 0.642032 0.068950 0.049562
0 0.611956 0.556823 0.060665 0.042332
0 0.394435 0.476018 0.057551 0.042956
0 0.569216 0.727856 0.056635 0.052602
0 0.400064 0.392844 0.060544 0.049048
0 0.555965 0.629291 0.060180 0.046907
0 0.557385 0.675787 0.059683 0.049067
0 0.397920 0.634659 0.068944 0.051195
0 0.672315 0.913593 0.072705 0.051721
0 0.877944 0.974121 0.078614 0.048188
0 0.667672 0.857096 0.075898 0.053817
0 0.644211 0.795217 0.060469 0.047065
0 0.526205 0.404089 0.055074 0.039009
0 0.604123 0.478392 0.056135 0.040916
0 0.615777 0.597490 0.058911 0.042236
0 0.636227 0.744268 0.059744 0.052329
0 0.595159 0.222784 0.045171 0.032770
0 0.718161 0.365792 0.056133 0.034568
0 0.395666 0.438026 0.045072 0.043820
0 0.688635 0.976913 0.078459 0.044872
0 0.539229 0.547576 0.053419 0.037560
0 0.609342 0.520032 0.055088 0.040064
0 0.543403 0.511894 0.058427 0.038812
0 0.538395 0.474960 0.045072 0.040064
0 0.539229 0.438652 0.051749 0.040064
0 0.595570 0.446790 0.044237 0.038812
0 0.606003 0.417994 0.053419 0.041316
0 0.587223 0.386068 0.055923 0.040064
0 0.602247 0.359150 0.039229 0.031300
0 0.601412 0.312826 0.040899 0.033804
0 0.585136 0.175105 0.043403 0.031300
0 0.696147 0.289037 0.046741 0.028796
0 0.727030 0.399840 0.060096 0.037560
0 0.731203 0.433018 0.053419 0.036308