0 0.852235 0.900286 0.087344 0.057630
0 0.585148 0.845173 0.079115 0.055788
0 0.790043 0.625697 0.073160 0.048555
0 0.803500 0.677204 0.063832 0.045306
0 0.597860 0.905632 0.075252 0.057383
0 0.603728 0.970863 0.084540 0.052546
0 0.832830 0.837399 0.074644 0.050202
0 0.667904 0.791738 0.062422 0.051536
0 0.660896 0.842868 0.057947 0.050358
0 0.823874 0.725641 0.060560 0.044395
0 0.398318 0.384401 0.054032 0.040182
0 0.825414 0.775879 0.066402 0.047578
0 0.680519 0.904264 0.069570 0.057240
0 0.373950 0.863376 0.063385 0.057155
0 0.689629 0.974818 0.084180 0.046849
0 0.530100 0.379089 0.048047 0.040052
0 0.698978 0.295752 0.045022 0.039499
0 0.875369 0.969857 0.072352 0.054245