0 0.300457 0.840387 0.083581 0.060413
0 0.772980 0.582511 0.069241 0.046638
0 0.781928 0.626664 0.070193 0.046352
0 0.411038 0.893283 0.087722 0.061972
0 0.880827 0.957941 0.089140 0.056783
0 0.305689 0.956258 0.081463 0.061543
0 0.316520 0.774810 0.073156 0.051342
0 0.583917 0.884781 0.078584 0.057937
0 0.766174 0.534229 0.055143 0.045853
0 0.795005 0.673505 0.059161 0.051127
0 0.407717 0.959902 0.074248 0.057063
0 0.845397 0.841146 0.063914 0.050133
0 0.804252 0.722185 0.055954 0.048919
0 0.855986 0.900468 0.062600 0.052930
0 0.395410 0.613682 0.063231 0.048455
0 0.684251 0.262517 0.045494 0.030844
0 0.751936 0.496794 0.062438 0.045193
0 0.705640 0.338599 0.051335 0.036432
0 0.543784 0.376056 0.042641 0.042560
0 0.685770 0.221397 0.040787 0.031364
0 0.598644 0.288340 0.046436 0.039922
0 0.398863 0.570431 0.051297 0.043822
0 0.741770 0.461468 0.054091 0.038186
0 0.411206 0.415320 0.058390 0.035399
0 0.398252 0.830422 0.079355 0.054936
0 0.593483 0.204725 0.050080 0.029653
0 0.585356 0.801524 0.066910 0.048715
0 0.592406 0.964876 0.084767 0.056018
0 0.732379 0.424872 0.054406 0.042553
0 0.405812 0.375431 0.058920 0.043017
0 0.400698 0.527158 0.064487 0.052817
0 0.641938 0.646279 0.065973 0.048874
0 0.404006 0.666262 0.067894 0.054031
0 0.718779 0.368501 0.058619 0.042644
0 0.404848 0.769807 0.058427 0.053836
0 0.402761 0.719101 0.054253 0.052584
0 0.402761 0.486854 0.065939 0.048828
0 0.411525 0.450546 0.051749 0.043820
0 0.577624 0.753531 0.073451 0.046324
0 0.575538 0.697191 0.065939 0.051332
0 0.565522 0.641476 0.060931 0.045072
0 0.559261 0.597030 0.061765 0.043820
0 0.556340 0.553836 0.060931 0.042568
0 0.557175 0.512520 0.054253 0.040064
0 0.553836 0.479342 0.060931 0.041316
0 0.549245 0.441782 0.055088 0.036308
0 0.664012 0.898137 0.057592 0.047576
0 0.677784 0.968249 0.071782 0.055088
0 0.664430 0.810497 0.073451 0.062600
0 0.657752 0.754157 0.055088 0.047576
0 0.645232 0.698443 0.061765 0.048828
0 0.636468 0.606420 0.062600 0.045072
0 0.622696 0.563226 0.058427 0.043820
0 0.619358 0.521910 0.065104 0.043820
0 0.616436 0.481846 0.054253 0.038812
0 0.611846 0.451172 0.053419 0.040064
0 0.603082 0.421124 0.050915 0.037560
0 0.599326 0.392328 0.051749 0.035056
0 0.600160 0.363532 0.040064 0.032552
0 0.608090 0.340370 0.037560 0.041316
0 0.605168 0.313452 0.040064 0.035056
0 0.601830 0.270257 0.045072 0.028796
0 0.597656 0.246469 0.033387 0.028796
0 0.595152 0.223933 0.046741 0.033804
0 0.732455 0.395458 0.044237 0.033804
0 0.698651 0.313452 0.041733 0.032552
0 0.696565 0.289663 0.044237 0.032552
0 0.686548 0.243339 0.047576 0.025040
0 0.829694 0.789839 0.067608 0.048828