0 0.611843 0.527964 0.065431 0.049737
0 0.827357 0.721115 0.080107 0.050964
0 0.595022 0.269753 0.049206 0.039994
0 0.831456 0.776083 0.083032 0.060471
0 0.618318 0.572330 0.060882 0.047841
0 0.605732 0.471131 0.046449 0.041170
0 0.739420 0.462199 0.053380 0.043415
0 0.813380 0.671694 0.072360 0.054209
0 0.622753 0.625577 0.061801 0.049133
0 0.783263 0.567592 0.062056 0.050645
0 0.765815 0.522556 0.061490 0.047760
0 0.600717 0.359346 0.051471 0.032945
0 0.651940 0.848027 0.058752 0.052772
0 0.797449 0.614829 0.065419 0.052095
0 0.622406 0.671515 0.057683 0.046719
0 0.840508 0.842995 0.071068 0.052501
0 0.733610 0.426960 0.056938 0.040986
0 0.709138 0.302922 0.051376 0.033911
0 0.639666 0.786096 0.070934 0.050372
0 0.723908 0.396883 0.055372 0.042608
0 0.858568 0.902197 0.069940 0.055888
0 0.594114 0.324581 0.039286 0.037659
0 0.628414 0.725362 0.065573 0.053338
0 0.579047 0.970051 0.085772 0.053128
0 0.548799 0.662340 0.073122 0.049382
0 0.663389 0.972507 0.059995 0.047860
0 0.653992 0.908867 0.059810 0.053090
0 0.555058 0.774392 0.073794 0.057841
0 0.555863 0.716823 0.068567 0.051318
0 0.373387 0.899500 0.083827 0.055554
0 0.386403 0.719838 0.054453 0.048409
0 0.377965 0.833031 0.060789 0.045852
0 0.579360 0.901936 0.073154 0.065097
0 0.391076 0.672150 0.056757 0.050080
0 0.567608 0.838667 0.067608 0.052584
0 0.605586 0.439278 0.050080 0.037560