0 0.585143 0.842578 0.081875 0.058060
0 0.851400 0.896289 0.087027 0.058490
0 0.373043 0.728125 0.070312 0.056471
0 0.377148 0.630137 0.070043 0.051901
0 0.660213 0.839408 0.060113 0.049362
0 0.588260 0.778190 0.085946 0.061589
0 0.597051 0.903398 0.076176 0.056380
0 0.377183 0.678548 0.071241 0.052747
0 0.220152 0.752142 0.085191 0.058385
0 0.582283 0.673551 0.077127 0.051543
0 0.404182 0.383213 0.057852 0.043587
0 0.778741 0.581302 0.068299 0.047461
0 0.383472 0.585319 0.062214 0.044687
0 0.387049 0.545400 0.065972 0.048678
0 0.833314 0.832900 0.074379 0.051322
0 0.731788 0.429668 0.058325 0.042760
0 0.790775 0.626331 0.069701 0.053027
0 0.582003 0.726628 0.075490 0.050378
0 0.379234 0.794788 0.070464 0.053978
0 0.567279 0.579118 0.065712 0.047077
0 0.668299 0.786999 0.062292 0.054570
0 0.574703 0.625423 0.065065 0.049401
0 0.603626 0.968883 0.083928 0.056895
0 0.825382 0.769049 0.068220 0.050586
0 0.649128 0.638200 0.062526 0.049759
0 0.661332 0.734404 0.073585 0.053366
0 0.823069 0.721429 0.062630 0.047663
0 0.741050 0.464850 0.059253 0.039375
0 0.373928 0.861585 0.065269 0.060814
0 0.562539 0.535117 0.055564 0.044648
0 0.385000 0.506396 0.048247 0.039108
0 0.725349 0.398145 0.056324 0.038919
0 0.553746 0.495309 0.055139 0.042858
0 0.542572 0.425999 0.050221 0.040306
0 0.680662 0.899258 0.070326 0.057435
0 0.754711 0.498590 0.061419 0.046829
0 0.658451 0.683936 0.062795 0.047376
0 0.803639 0.673981 0.066506 0.056361
0 0.637348 0.593441 0.061319 0.046452
0 0.688843 0.261217 0.049900 0.037917
0 0.534959 0.371491 0.042183 0.042161
0 0.590840 0.313760 0.051332 0.039030
0 0.394377 0.435999 0.062018 0.048105
0 0.628859 0.550534 0.059523 0.044727
0 0.594375 0.345990 0.051337 0.039284
0 0.606302 0.406992 0.058186 0.045365
0 0.545527 0.463757 0.051202 0.039909
0 0.623490 0.509886 0.055260 0.044512
0 0.579909 0.216660 0.045990 0.036341
0 0.685445 0.969427 0.073589 0.056641
0 0.699073 0.291999 0.043581 0.038333
0 0.720369 0.369971 0.053394 0.035514
0 0.386988 0.472923 0.046241 0.037227
0 0.583099 0.264528 0.042856 0.032585
0 0.880684 0.964801 0.060577 0.060553
0 0.580799 0.241810 0.044036 0.032279
0 0.715553 0.346221 0.055352 0.032624
0 0.602689 0.449004 0.056593 0.043516
0 0.623481 0.476182 0.044635 0.038092
0 0.602849 0.377321 0.053529 0.038262
0 0.588913 0.289313 0.043798 0.032884
0 0.380836 0.937673 0.087773 0.069303