0 0.389364 0.900339 0.073589 0.056784
0 0.381747 0.767575 0.073164 0.058796
0 0.379219 0.711462 0.074384 0.058522
0 0.776654 0.578721 0.068377 0.045332
0 0.393238 0.448587 0.047847 0.040560
0 0.631050 0.615531 0.062474 0.049564
0 0.387385 0.836491 0.066914 0.050820
0 0.542826 0.539401 0.062257 0.047370
0 0.732891 0.433581 0.057491 0.044701
0 0.580603 0.970827 0.087500 0.054232
0 0.535642 0.432399 0.050660 0.039655
0 0.804095 0.674593 0.075951 0.049772
0 0.762235 0.536943 0.062639 0.044681
0 0.380069 0.663402 0.058880 0.049538
0 0.641039 0.674580 0.069709 0.048171
0 0.859939 0.971514 0.077274 0.052520
0 0.381157 0.621387 0.062704 0.047174
0 0.677537 0.960745 0.076150 0.055241
0 0.824592 0.778783 0.069227 0.053385
0 0.846343 0.903278 0.072860 0.053275
0 0.378533 0.573411 0.072795 0.056471
0 0.785017 0.618877 0.056866 0.049225
0 0.667183 0.892702 0.062031 0.051289
0 0.552917 0.582438 0.050000 0.044421
0 0.381415 0.532705 0.063620 0.042181
0 0.640890 0.724814 0.071554 0.053613
0 0.373262 0.966748 0.094102 0.060436
0 0.660675 0.830029 0.077391 0.058704
0 0.828266 0.837620 0.064145 0.047533
0 0.539950 0.500824 0.056949 0.041621
0 0.398863 0.413757 0.051918 0.039427
0 0.575243 0.830690 0.077370 0.058659
0 0.620447 0.570247 0.051302 0.047174
0 0.745690 0.467100 0.052587 0.038353
0 0.723234 0.398704 0.054583 0.040378
0 0.575328 0.775566 0.075291 0.053659
0 0.605571 0.495384 0.052921 0.044323
0 0.558750 0.678997 0.067326 0.048776
0 0.651450 0.779062 0.055321 0.045052
0 0.578303 0.900114 0.072804 0.060436
0 0.557706 0.728402 0.067990 0.047520
0 0.808490 0.730589 0.067370 0.055280
0 0.601766 0.400195 0.053142 0.038424
0 0.549863 0.626087 0.062799 0.051797
0 0.608709 0.532617 0.058103 0.045768
0 0.588496 0.354997 0.041454 0.041530
0 0.754149 0.499463 0.053976 0.043770
0 0.607161 0.462354 0.047396 0.039564
0 0.536669 0.467783 0.048563 0.038874
0 0.709327 0.344326 0.054167 0.033926
0 0.400156 0.381868 0.043307 0.038724
0 0.602498 0.431891 0.054388 0.037741
0 0.585720 0.282653 0.046840 0.034980
0 0.586246 0.257402 0.045755 0.038099
0 0.691022 0.288558 0.044622 0.037624
0 0.687120 0.255055 0.047973 0.039069
0 0.678767 0.232718 0.038854 0.030749
0 0.594219 0.334528 0.054175 0.040879
0 0.713021 0.370254 0.050104 0.034427
0 0.588596 0.308158 0.048077 0.036393
0 0.584368 0.227679 0.049371 0.041309