0 0.790638 0.677855 0.078116 0.048730
0 0.833205 0.835306 0.078312 0.053333
0 0.856810 0.965400 0.085365 0.059863
0 0.623401 0.550785 0.061714 0.045762
0 0.585191 0.970505 0.077882 0.053184
0 0.809666 0.724499 0.061693 0.048086
0 0.388967 0.845758 0.086207 0.061022
0 0.745872 0.514346 0.063116 0.045059
0 0.734264 0.418102 0.059119 0.038379
0 0.768240 0.552308 0.059327 0.045579
0 0.720169 0.388620 0.056918 0.034961
0 0.845543 0.892979 0.074427 0.055736
0 0.667448 0.974372 0.062778 0.045892
0 0.569759 0.835618 0.082609 0.054922
0 0.642166 0.783232 0.071910 0.054277
0 0.768531 0.592718 0.070265 0.044121
0 0.821181 0.774108 0.065252 0.049141
0 0.391311 0.722246 0.070668 0.055326
0 0.663978 0.900986 0.076532 0.060983
0 0.562029 0.723271 0.078260 0.057754
0 0.564512 0.778568 0.074631 0.052656
0 0.628160 0.631517 0.062231 0.047487
0 0.554503 0.629824 0.059136 0.047031
0 0.623116 0.590371 0.059592 0.046589
0 0.394616 0.630866 0.071853 0.055703
0 0.578906 0.900570 0.073368 0.058587
0 0.738698 0.449977 0.050981 0.036204
0 0.787422 0.629648 0.076068 0.048138
0 0.558038 0.674408 0.071502 0.047721
0 0.404312 0.583281 0.063520 0.050260
0 0.635796 0.677344 0.061688 0.048737
0 0.636183 0.727744 0.056740 0.050189
0 0.740829 0.478105 0.058255 0.041237
0 0.527046 0.404912 0.043529 0.040046
0 0.389924 0.777415 0.079822 0.064870
0 0.606298 0.509915 0.058750 0.047695
0 0.606591 0.476764 0.059865 0.040612
0 0.654577 0.836195 0.060629 0.053926
0 0.591411 0.353356 0.041441 0.042103
0 0.602715 0.444167 0.054596 0.039167
0 0.591651 0.326618 0.039779 0.035710