0 0.556589 0.727695 0.076068 0.052018
0 0.401057 0.631090 0.068737 0.053913
0 0.781230 0.632484 0.074570 0.052012
0 0.573956 0.840205 0.074423 0.055358
0 0.562852 0.780410 0.085694 0.061250
0 0.854724 0.964398 0.091801 0.060280
0 0.543737 0.629880 0.059045 0.046165
0 0.625028 0.632559 0.068034 0.050000
0 0.388490 0.781826 0.070582 0.053743
0 0.729444 0.412067 0.061979 0.041204
0 0.543500 0.506735 0.062261 0.042194
0 0.580191 0.899785 0.076901 0.061198
0 0.580805 0.960677 0.082452 0.060677
0 0.775148 0.589007 0.061085 0.047988
0 0.824742 0.778997 0.077496 0.053320
0 0.663711 0.897702 0.058576 0.046706
0 0.641076 0.725033 0.062439 0.047604
0 0.395751 0.680026 0.071076 0.051979
0 0.797600 0.680498 0.075243 0.052754
0 0.746369 0.480065 0.059709 0.037552
0 0.614023 0.509505 0.057274 0.045234
0 0.647396 0.778779 0.057318 0.050215
0 0.690864 0.967393 0.076641 0.056335
0 0.616873 0.545345 0.052522 0.045078
0 0.213587 0.741208 0.039466 0.078405
0 0.634316 0.676895 0.059926 0.048138
0 0.738813 0.445817 0.058694 0.041934
0 0.386152 0.728568 0.057756 0.052305
0 0.558125 0.676592 0.069115 0.048470
0 0.539937 0.583307 0.048433 0.043958
0 0.392713 0.844756 0.081953 0.057728
0 0.601356 0.442679 0.057270 0.041087
0 0.604060 0.474587 0.056029 0.037897
0 0.835749 0.835977 0.073954 0.054245
0 0.754816 0.511234 0.061541 0.042949
0 0.848494 0.894251 0.073785 0.058620
0 0.758344 0.550260 0.063043 0.045755
0 0.533698 0.407744 0.046311 0.037988
0 0.542808 0.543493 0.056701 0.044212
0 0.656157 0.837357 0.066541 0.053568
0 0.623624 0.586878 0.066918 0.048210
0 0.804575 0.724701 0.075139 0.051576
0 0.403498 0.434320 0.064783 0.051426
0 0.539306 0.440599 0.058819 0.040872
0 0.719141 0.383151 0.057031 0.036003
0 0.393787 0.910651 0.067444 0.057865
0 0.596458 0.411110 0.051172 0.036829
0 0.541903 0.473831 0.057687 0.037754
0 0.691556 0.257464 0.051827 0.036725
0 0.715538 0.358512 0.056589 0.032038
0 0.588132 0.302803 0.050091 0.037246
0 0.582381 0.257243 0.051124 0.037650
0 0.707576 0.331481 0.044622 0.035684
0 0.596270 0.378636 0.045100 0.039121
0 0.398225 0.541465 0.065885 0.052995
0 0.699761 0.308346 0.045339 0.033711
0 0.407131 0.504759 0.059089 0.042852
0 0.694262 0.285068 0.045217 0.029798
0 0.580525 0.229365 0.053325 0.035189
0 0.594056 0.352796 0.041072 0.037975
0 0.592467 0.326436 0.040204 0.032702