0 0.801428 0.689702 0.078417 0.049729
0 0.816387 0.741853 0.071338 0.051714
0 0.774427 0.574121 0.055616 0.042430
0 0.823896 0.792887 0.069478 0.050939
0 0.792186 0.645815 0.058130 0.044082
0 0.747996 0.463403 0.058378 0.045183
0 0.844359 0.845789 0.089193 0.050552
0 0.848951 0.904737 0.070996 0.054974
0 0.570943 0.789165 0.078678 0.055602
0 0.763693 0.530129 0.055991 0.050459
0 0.743329 0.426259 0.056048 0.044014
0 0.566955 0.730947 0.067370 0.049240
0 0.643731 0.735083 0.061156 0.049532
0 0.595833 0.321428 0.051553 0.040516
0 0.651855 0.787015 0.062193 0.053303
0 0.616111 0.418558 0.052499 0.039001
0 0.566009 0.677722 0.066603 0.047071
0 0.635229 0.683211 0.055902 0.053458
0 0.700008 0.263986 0.050705 0.033827
0 0.732755 0.398218 0.055661 0.040111
0 0.716139 0.336124 0.052480 0.036348
0 0.690362 0.234246 0.042038 0.031286
0 0.756860 0.499597 0.053594 0.036807
0 0.628911 0.600054 0.064968 0.049331
0 0.354905 0.787475 0.078808 0.054290
0 0.622711 0.555997 0.056759 0.043397
0 0.721972 0.365364 0.043376 0.031702
0 0.866116 0.976502 0.079067 0.041545
0 0.618905 0.517218 0.058111 0.042343
0 0.658242 0.844708 0.067464 0.048390
0 0.555937 0.586610 0.060929 0.045819
0 0.594341 0.383756 0.046310 0.037793
0 0.591858 0.356672 0.043157 0.038751
0 0.570544 0.842949 0.070918 0.054888
0 0.354498 0.731985 0.055924 0.047373
0 0.582765 0.234526 0.034734 0.033567
0 0.578942 0.908751 0.070816 0.058788
0 0.591955 0.290789 0.039781 0.030302
0 0.562213 0.629937 0.059234 0.044661
0 0.379032 0.855604 0.085018 0.050151
0 0.613705 0.479522 0.052370 0.040549
0 0.376052 0.688426 0.064269 0.043820
0 0.383146 0.638972 0.070112 0.050080
0 0.388989 0.594526 0.053419 0.041316
0 0.391076 0.555088 0.065939 0.042568
0 0.398588 0.518780 0.069278 0.042568
0 0.401509 0.483098 0.056757 0.041316
0 0.400257 0.449294 0.062600 0.038812
0 0.413612 0.385442 0.055923 0.046324
0 0.550915 0.474334 0.056757 0.043820
0 0.551749 0.512520 0.048411 0.037560
0 0.553001 0.548202 0.062600 0.041316
0 0.582632 0.974509 0.085136 0.047576
0 0.667768 0.910031 0.063435 0.051332
0 0.674846 0.977539 0.082599 0.043620
0 0.629791 0.643980 0.049245 0.037560
0 0.608924 0.449920 0.055923 0.040064
0 0.702407 0.294671 0.049245 0.035056