0 0.377962 0.791809 0.067304 0.055320
0 0.565326 0.791463 0.078653 0.055429
0 0.388567 0.850213 0.065868 0.058165
0 0.632392 0.684538 0.069987 0.056069
0 0.748437 0.493046 0.061665 0.044588
0 0.800289 0.690921 0.073585 0.060014
0 0.816337 0.742199 0.063210 0.055928
0 0.386383 0.731215 0.073601 0.060669
0 0.635610 0.732774 0.068047 0.053801
0 0.646540 0.789187 0.061993 0.058108
0 0.795873 0.644885 0.059267 0.049031
0 0.572042 0.847395 0.073510 0.060092
0 0.622429 0.596342 0.063133 0.049087
0 0.614558 0.512688 0.065179 0.044497
0 0.588871 0.175021 0.034058 0.036699
0 0.632565 0.636767 0.049671 0.045645
0 0.661223 0.909472 0.070593 0.053217
0 0.844527 0.848211 0.084754 0.059787
0 0.621173 0.555330 0.059738 0.046430
0 0.594565 0.973429 0.081153 0.049364
0 0.573619 0.900375 0.077613 0.062045
0 0.853001 0.910812 0.076917 0.057902
0 0.680706 0.973883 0.079294 0.048828
0 0.869758 0.974509 0.081798 0.047576