0 0.637375 0.688725 0.072689 0.050342
0 0.811435 0.741545 0.074814 0.048520
0 0.775139 0.601810 0.074118 0.047575
0 0.404277 0.729451 0.076053 0.059614
0 0.791326 0.642688 0.065233 0.048911
0 0.748175 0.488796 0.063297 0.048002
0 0.404781 0.785876 0.058397 0.059118
0 0.408336 0.681383 0.068985 0.050009
0 0.651821 0.786600 0.064425 0.047622
0 0.629974 0.639733 0.066849 0.052402
0 0.657111 0.845529 0.058996 0.050638
0 0.410729 0.632176 0.051179 0.048189
0 0.767990 0.564389 0.071001 0.043773
0 0.840887 0.853725 0.082776 0.067419
0 0.820597 0.791090 0.068244 0.055631
0 0.569142 0.787465 0.069839 0.052043
0 0.757462 0.524826 0.063315 0.050161
0 0.578445 0.845624 0.062538 0.055946
0 0.731142 0.393985 0.058632 0.038367
0 0.579249 0.902921 0.074536 0.050574
0 0.623446 0.599684 0.061178 0.048854
0 0.794587 0.684353 0.075172 0.047932
0 0.560366 0.680183 0.065894 0.054996
0 0.714844 0.317172 0.054939 0.039491
0 0.409733 0.595650 0.059896 0.044415
0 0.738874 0.455181 0.062500 0.048048
0 0.614997 0.559815 0.060658 0.053606
0 0.733645 0.425225 0.055066 0.035328
0 0.661975 0.979028 0.065978 0.037088
0 0.556441 0.630960 0.063043 0.046701
0 0.645581 0.733692 0.055033 0.048472
0 0.661385 0.914735 0.058425 0.049263
0 0.865769 0.974959 0.085040 0.044836
0 0.605865 0.419211 0.052152 0.044438
0 0.575288 0.168068 0.039943 0.032721
0 0.843063 0.906055 0.076300 0.057683
0 0.715742 0.363950 0.050824 0.036535
0 0.691235 0.249703 0.043517 0.039982
0 0.599378 0.452558 0.056653 0.044804
0 0.553836 0.587640 0.057592 0.042568
0 0.565939 0.734125 0.073451 0.050080
0 0.610176 0.519406 0.058427 0.043820
0 0.602664 0.488106 0.056757 0.041316