0 0.562944 0.741631 0.075352 0.052983
0 0.568391 0.792451 0.067028 0.052126
0 0.833520 0.844732 0.080824 0.054227
0 0.574869 0.853470 0.074091 0.056525
0 0.765650 0.562571 0.065749 0.040960
0 0.863921 0.969944 0.090133 0.053469
0 0.564447 0.687899 0.068183 0.051410
0 0.375542 0.721189 0.074106 0.052867
0 0.643886 0.738028 0.066127 0.050375
0 0.812382 0.744784 0.078026 0.051367
0 0.832106 0.788593 0.065289 0.048816
0 0.651333 0.787760 0.074605 0.052183
0 0.776067 0.605332 0.073867 0.047903
0 0.360176 0.783579 0.074319 0.056340
0 0.759680 0.524679 0.065071 0.042614
0 0.385383 0.671486 0.070834 0.048742
0 0.637913 0.686854 0.059712 0.045683
0 0.625835 0.638418 0.062166 0.043964
0 0.670120 0.905235 0.061423 0.054730
0 0.619511 0.593492 0.061493 0.044527
0 0.386186 0.623712 0.066664 0.046106
0 0.741739 0.456417 0.064595 0.042722
0 0.680577 0.971075 0.076795 0.052465
0 0.733899 0.421176 0.056935 0.040679
0 0.545330 0.553498 0.059715 0.040432
0 0.794886 0.647432 0.062939 0.051976
0 0.367121 0.852440 0.063849 0.052015
0 0.654918 0.853945 0.059087 0.054345
0 0.795377 0.693101 0.078651 0.048161
0 0.548125 0.589469 0.048614 0.044211
0 0.613012 0.552156 0.055802 0.045421
0 0.609948 0.518516 0.063892 0.042041
0 0.584394 0.914210 0.071597 0.054683
0 0.540114 0.513875 0.052569 0.041206
0 0.551171 0.637008 0.058940 0.043648
0 0.851186 0.906275 0.073871 0.051332
0 0.387420 0.582325 0.049267 0.039393
0 0.751063 0.490856 0.058112 0.037276
0 0.383489 0.543761 0.047019 0.038190
0 0.541797 0.441431 0.056173 0.035259
0 0.721238 0.371476 0.055190 0.036695
0 0.606300 0.478431 0.051156 0.050650
0 0.591396 0.975035 0.065939 0.048628
0 0.544655 0.480594 0.047576 0.038812
0 0.604751 0.450546 0.052584 0.041316
0 0.600995 0.418620 0.051749 0.042568
0 0.592231 0.386068 0.049245 0.040064
0 0.727447 0.393580 0.049245 0.035056
0 0.696982 0.313452 0.041733 0.035056