0 0.398199 0.786585 0.078993 0.056842
0 0.541619 0.428903 0.060920 0.045475
0 0.795629 0.634824 0.070269 0.045495
0 0.400028 0.720719 0.069266 0.052884
0 0.390408 0.842184 0.060911 0.052975
0 0.380727 0.962630 0.084258 0.064518
0 0.396803 0.615384 0.067487 0.050911
0 0.769546 0.547109 0.068225 0.044036
0 0.395356 0.497090 0.059123 0.041667
0 0.385998 0.894850 0.063455 0.056003
0 0.246981 0.608542 0.037973 0.080521
0 0.850456 0.893206 0.073915 0.054199
0 0.392980 0.665039 0.078112 0.057630
0 0.748546 0.476022 0.062431 0.042122
0 0.625480 0.544945 0.060942 0.045384
0 0.674453 0.244092 0.050538 0.036530
0 0.799249 0.681940 0.066979 0.047617
0 0.557804 0.542122 0.058663 0.042083
0 0.597526 0.375029 0.056545 0.037103
0 0.593570 0.969980 0.084961 0.057005
0 0.871892 0.952292 0.090773 0.057995
0 0.733776 0.435511 0.060564 0.043223
0 0.589026 0.898896 0.078485 0.058392
0 0.572652 0.780195 0.077387 0.054388
0 0.571727 0.676715 0.069054 0.050423
0 0.781840 0.589674 0.058047 0.046706
0 0.556013 0.503672 0.057704 0.041159
0 0.584321 0.832712 0.070647 0.053704
0 0.840571 0.832135 0.069345 0.050182
0 0.624321 0.505938 0.063459 0.046211
0 0.398147 0.575511 0.066406 0.043600
0 0.571013 0.727458 0.064666 0.049915
0 0.564238 0.626706 0.064466 0.045951
0 0.408231 0.383346 0.058407 0.045573
0 0.405840 0.422682 0.043216 0.039258
0 0.830282 0.776995 0.068446 0.052285
0 0.625056 0.585166 0.055339 0.042754
0 0.662726 0.839368 0.064470 0.051263
0 0.704559 0.346123 0.052565 0.037871
0 0.656011 0.782461 0.073316 0.054583
0 0.396918 0.535596 0.049036 0.040892
0 0.811697 0.729531 0.072682 0.050924
0 0.719807 0.403581 0.053086 0.038659
0 0.589985 0.318050 0.048668 0.036387
0 0.758331 0.513018 0.062504 0.038053
0 0.583856 0.288073 0.038832 0.037839
0 0.666591 0.898291 0.059744 0.053288
0 0.552435 0.467272 0.047613 0.040924
0 0.650575 0.728669 0.062478 0.050228
0 0.679089 0.272972 0.046910 0.034915
0 0.630525 0.628057 0.061163 0.046868
0 0.641825 0.675931 0.054874 0.052708
0 0.617457 0.467643 0.052439 0.045443
0 0.605974 0.404681 0.049605 0.037396
0 0.562923 0.581898 0.049353 0.043913
0 0.713388 0.376211 0.051315 0.034792
0 0.690703 0.296442 0.053030 0.037129
0 0.670013 0.970254 0.064948 0.057122
0 0.611311 0.436077 0.052474 0.038522
0 0.699787 0.322061 0.049080 0.032259