0 0.591141 0.420532 0.058103 0.037628
0 0.613231 0.566768 0.062276 0.046494
0 0.382838 0.615516 0.068159 0.050097
0 0.631721 0.702986 0.061543 0.049378
0 0.742121 0.475407 0.056624 0.037203
0 0.384962 0.663574 0.069978 0.050062
0 0.738853 0.439574 0.058580 0.041972
0 0.797734 0.625918 0.057181 0.045945
0 0.618632 0.610185 0.067254 0.047886
0 0.805738 0.668969 0.073506 0.047619
0 0.560672 0.747970 0.073969 0.048681
0 0.770216 0.542051 0.065538 0.042785
0 0.785852 0.584122 0.061523 0.047509
0 0.866319 0.910145 0.078273 0.053512
0 0.759170 0.507050 0.062589 0.040392
0 0.717405 0.353241 0.054583 0.041626
0 0.368647 0.717551 0.070007 0.050796
0 0.654582 0.859197 0.068517 0.056514
0 0.364164 0.768210 0.059983 0.052167
0 0.731655 0.408398 0.062182 0.034905
0 0.602981 0.488749 0.063061 0.046664
0 0.821877 0.721565 0.073108 0.057809
0 0.361839 0.833715 0.076359 0.051209
0 0.563639 0.800142 0.071660 0.047574
0 0.712209 0.317369 0.050920 0.039223
0 0.384280 0.565822 0.055404 0.050832
0 0.577293 0.861103 0.068944 0.056689
0 0.639995 0.806183 0.060744 0.045469
0 0.573204 0.161148 0.042227 0.032181
0 0.662313 0.912666 0.058815 0.049252
0 0.852119 0.822874 0.085316 0.051661
0 0.380379 0.529094 0.051496 0.034745
0 0.556155 0.690056 0.069647 0.056838
0 0.612501 0.526917 0.062215 0.043928
0 0.553756 0.641627 0.065569 0.046666
0 0.587408 0.358372 0.054602 0.038626
0 0.390658 0.426132 0.046741 0.038812
0 0.386485 0.460562 0.060096 0.042568
0 0.381060 0.493740 0.055923 0.041316
0 0.366036 0.901893 0.084302 0.058844
0 0.588058 0.931315 0.060931 0.055088
0 0.547159 0.597656 0.067608 0.046324
0 0.541733 0.556966 0.056757 0.037560
0 0.636468 0.759165 0.059261 0.053836
0 0.628539 0.657126 0.051749 0.045072
0 0.588058 0.390450 0.044237 0.035056
0 0.839293 0.772311 0.064269 0.047576
0 0.691556 0.297175 0.050915 0.033804
0 0.686131 0.269005 0.048411 0.035056