0 0.654178 0.781829 0.075022 0.054961
0 0.389073 0.727581 0.069119 0.055202
0 0.543880 0.441644 0.056354 0.042103
0 0.387650 0.842093 0.072860 0.055618
0 0.393461 0.672946 0.066827 0.053835
0 0.558526 0.724691 0.069110 0.052585
0 0.394538 0.629215 0.069701 0.047376
0 0.855788 0.960374 0.083537 0.060566
0 0.398589 0.585332 0.067222 0.049714
0 0.563704 0.779046 0.074293 0.053223
0 0.390306 0.783135 0.076098 0.055762
0 0.581469 0.970270 0.087860 0.054238
0 0.750655 0.513180 0.066823 0.045189
0 0.781780 0.633535 0.061719 0.047930
0 0.805495 0.729023 0.069010 0.046510
0 0.644178 0.724635 0.062192 0.048711
0 0.401749 0.542214 0.069219 0.050625
0 0.617255 0.550651 0.055456 0.042708
0 0.570432 0.831572 0.079258 0.054303
0 0.611812 0.510101 0.063485 0.044993
0 0.759058 0.551279 0.066302 0.044616
0 0.818921 0.775833 0.062044 0.053359
0 0.846265 0.896348 0.073650 0.055260
0 0.571311 0.898242 0.085521 0.060052
0 0.744297 0.476458 0.060286 0.041940
0 0.543125 0.507744 0.050512 0.038900
0 0.767691 0.587308 0.068628 0.044655
0 0.738600 0.446719 0.051115 0.037422
0 0.599811 0.379398 0.060039 0.043887
0 0.823631 0.833418 0.068806 0.049544
0 0.791825 0.680280 0.064796 0.047214
0 0.654295 0.838001 0.068607 0.057734
0 0.551842 0.590081 0.065204 0.047402
0 0.418292 0.377536 0.061081 0.047207
0 0.623179 0.590605 0.049154 0.041159
0 0.700818 0.307562 0.048485 0.032559
0 0.716389 0.359352 0.058194 0.036048
0 0.606285 0.473529 0.055816 0.039740
0 0.534510 0.379333 0.050122 0.042637
0 0.599056 0.413402 0.056489 0.038809
0 0.664164 0.897565 0.063997 0.054102
0 0.406168 0.505244 0.047335 0.041374
0 0.551452 0.545296 0.062695 0.047480
0 0.603641 0.441543 0.053663 0.041615
0 0.727459 0.415514 0.057322 0.042096
0 0.631576 0.634056 0.064549 0.051966
0 0.712296 0.333298 0.054922 0.031465
0 0.721482 0.387435 0.054431 0.037396
0 0.592426 0.349326 0.046267 0.035970
0 0.672348 0.966735 0.090851 0.062207
0 0.690375 0.237090 0.041324 0.030313
0 0.587194 0.276126 0.050690 0.038698
0 0.588746 0.305843 0.049175 0.040319
0 0.693177 0.261195 0.045260 0.029251
0 0.695260 0.284206 0.044175 0.031146