0 0.650106 0.778851 0.074666 0.055658
0 0.578010 0.834541 0.072426 0.056361
0 0.648453 0.726934 0.064510 0.050521
0 0.657096 0.837464 0.063741 0.051413
0 0.790885 0.635706 0.071545 0.050540
0 0.780955 0.588770 0.072552 0.048516
0 0.663496 0.896331 0.061194 0.051152
0 0.578401 0.972588 0.088589 0.048926
0 0.355892 0.975518 0.085768 0.044004
0 0.620475 0.535719 0.064501 0.045319
0 0.850681 0.903060 0.071241 0.053867
0 0.671257 0.969004 0.085447 0.056732
0 0.572283 0.775931 0.072526 0.052448
0 0.567960 0.669466 0.069514 0.049128
0 0.374395 0.713711 0.074796 0.058555
0 0.372144 0.771387 0.077083 0.060560
0 0.589141 0.896683 0.091311 0.068652
0 0.403147 0.387620 0.058203 0.043587
0 0.564071 0.579033 0.048733 0.043939
0 0.765649 0.548337 0.064518 0.046361
0 0.835530 0.833805 0.071285 0.052441
0 0.633548 0.575075 0.061072 0.048001
0 0.573490 0.720840 0.067882 0.053776
0 0.794659 0.681924 0.070239 0.050124
0 0.236250 0.700091 0.062144 0.049258
0 0.875158 0.967930 0.090794 0.057474
0 0.364256 0.831973 0.076254 0.063229
0 0.568264 0.622969 0.060061 0.046953
0 0.733481 0.436647 0.062986 0.047070
0 0.757828 0.509883 0.058173 0.046224
0 0.378340 0.625781 0.069362 0.048854
0 0.642046 0.673473 0.071350 0.049746
0 0.743277 0.472972 0.048655 0.045671
0 0.574640 0.220120 0.042144 0.033158
0 0.715755 0.371022 0.055356 0.042891
0 0.809453 0.729157 0.064436 0.053952
0 0.812457 0.778398 0.060781 0.047161
0 0.386178 0.543206 0.067591 0.046908
0 0.586174 0.286667 0.048598 0.037409
0 0.556884 0.538011 0.055851 0.044551
0 0.379705 0.578945 0.050434 0.045143
0 0.365315 0.913949 0.076480 0.058848
0 0.549431 0.428805 0.044002 0.041217
0 0.721146 0.404727 0.053411 0.039036
0 0.376979 0.665775 0.054332 0.046992
0 0.616354 0.492757 0.053976 0.047936
0 0.552318 0.500212 0.059939 0.043587
0 0.593592 0.315042 0.045543 0.036803
0 0.548344 0.466195 0.053928 0.039499
0 0.608338 0.460212 0.057014 0.041999
0 0.704141 0.346035 0.051875 0.034557
0 0.599692 0.366475 0.054540 0.041973
0 0.700953 0.319635 0.054753 0.035026
0 0.606250 0.427611 0.051745 0.039401
0 0.689080 0.266989 0.051476 0.035228
0 0.682682 0.245459 0.048429 0.032780
0 0.604429 0.397712 0.046549 0.039785
0 0.692135 0.293685 0.044705 0.034219