0 0.804125 0.711319 0.072917 0.051087
0 0.820434 0.764327 0.077616 0.059955
0 0.371269 0.721649 0.063408 0.051973
0 0.368651 0.670260 0.073033 0.050770
0 0.372915 0.770861 0.069649 0.054584
0 0.792080 0.655531 0.056885 0.043000
0 0.371746 0.827013 0.064535 0.057113
0 0.724462 0.388009 0.061506 0.045745
0 0.551006 0.662497 0.063535 0.046783
0 0.745512 0.448854 0.059508 0.040066
0 0.610456 0.492276 0.058275 0.042514
0 0.561104 0.761057 0.077189 0.056755
0 0.770357 0.568344 0.066155 0.042253
0 0.717784 0.358684 0.054966 0.033212
0 0.546402 0.613767 0.063206 0.044973
0 0.377221 0.572144 0.066122 0.054924
0 0.568188 0.814929 0.066992 0.054097
0 0.566194 0.218171 0.045958 0.039252
0 0.823508 0.817780 0.069289 0.050613
0 0.381725 0.496026 0.059912 0.046094
0 0.835864 0.879588 0.071283 0.053539
0 0.374966 0.617699 0.055408 0.048354
0 0.753925 0.484885 0.057780 0.042375
0 0.784985 0.606786 0.074658 0.047568
0 0.655081 0.880284 0.062230 0.051276
0 0.398140 0.359420 0.058917 0.044856
0 0.563355 0.709367 0.070314 0.049351
0 0.649037 0.820773 0.063733 0.053885
0 0.382544 0.533653 0.057714 0.038750
0 0.703083 0.332780 0.053936 0.038967
0 0.849445 0.943462 0.077807 0.055408
0 0.601634 0.457496 0.060996 0.046107
0 0.617616 0.612650 0.065242 0.043989
0 0.608371 0.529270 0.059916 0.046548
0 0.626057 0.658900 0.062720 0.049340
0 0.598561 0.421968 0.053278 0.040880
0 0.385753 0.466031 0.050693 0.037409
0 0.592278 0.391888 0.037624 0.031890
0 0.611580 0.570502 0.054265 0.040276
0 0.636320 0.710434 0.056035 0.044212
0 0.639468 0.757943 0.065458 0.047006
0 0.575173 0.878918 0.081903 0.065982
0 0.687609 0.243843 0.042898 0.033347
0 0.570126 0.194742 0.037848 0.030427
0 0.583026 0.360735 0.040530 0.036489
0 0.566203 0.305130 0.042579 0.035505
0 0.567107 0.173289 0.041066 0.037436
0 0.659109 0.152708 0.040610 0.029624
0 0.692381 0.271637 0.047227 0.030639
0 0.575718 0.331770 0.039454 0.041341
0 0.669438 0.955103 0.083467 0.058844