0 0.780753 0.587542 0.073442 0.047168
0 0.650213 0.777533 0.074201 0.055260
0 0.620289 0.534346 0.064214 0.043887
0 0.791042 0.634551 0.071372 0.049023
0 0.373845 0.711657 0.075278 0.055358
0 0.556847 0.537357 0.055595 0.043242
0 0.568952 0.621683 0.058945 0.045033
0 0.638539 0.617044 0.062435 0.047930
0 0.578008 0.833057 0.072882 0.055944
0 0.563542 0.577594 0.049184 0.043535
0 0.641443 0.671077 0.073077 0.051725
0 0.648757 0.725179 0.064944 0.050033
0 0.835009 0.832031 0.070946 0.049831
0 0.766536 0.547041 0.066441 0.045684
0 0.371523 0.769355 0.077986 0.060898
0 0.794175 0.681504 0.069809 0.048906
0 0.572750 0.719235 0.068503 0.052897
0 0.378405 0.625417 0.070369 0.049492
0 0.850382 0.900898 0.071806 0.051276
0 0.633349 0.573646 0.061393 0.046146
0 0.567244 0.668483 0.069575 0.049635
0 0.572400 0.774557 0.071389 0.051641
0 0.589260 0.894779 0.092227 0.068086
0 0.811895 0.776875 0.060898 0.046888
0 0.385627 0.541823 0.067539 0.045859
0 0.547797 0.465280 0.054779 0.038477
0 0.363796 0.829118 0.077765 0.061243
0 0.716328 0.369847 0.054688 0.041178
0 0.662639 0.836442 0.074488 0.052819
0 0.808939 0.726732 0.063737 0.051432
0 0.873891 0.966628 0.092730 0.059036
0 0.365879 0.913438 0.075195 0.058945
0 0.674013 0.968786 0.090456 0.057572
0 0.733333 0.433343 0.063333 0.041569
0 0.553145 0.499645 0.057973 0.042168
0 0.721081 0.404150 0.052552 0.038340
0 0.758316 0.508112 0.057622 0.044609
0 0.375692 0.664837 0.055126 0.046393
0 0.600362 0.366273 0.056819 0.042077
0 0.616094 0.492253 0.055069 0.045352
0 0.379570 0.578197 0.050764 0.045078
0 0.608359 0.459421 0.056884 0.041250
0 0.663837 0.895394 0.059896 0.050410
0 0.701530 0.318757 0.053207 0.034219
0 0.739151 0.466768 0.065030 0.048470
0 0.703817 0.343988 0.051688 0.032259
0 0.605794 0.427295 0.053837 0.038079
0 0.680558 0.243392 0.044197 0.032487
0 0.604759 0.398109 0.044614 0.038079
0 0.688681 0.265941 0.051076 0.033991
0 0.692567 0.293112 0.044457 0.034010