0 0.810635 0.737279 0.080494 0.051925
0 0.790113 0.646664 0.070278 0.048645
0 0.806722 0.689356 0.074741 0.046666
0 0.570092 0.729659 0.067818 0.049776
0 0.767932 0.515716 0.068551 0.044991
0 0.754494 0.477732 0.057969 0.044491
0 0.817495 0.788553 0.060830 0.049699
0 0.839163 0.847397 0.070483 0.051099
0 0.774914 0.554667 0.065822 0.048592
0 0.650277 0.788455 0.062834 0.050358
0 0.569643 0.681232 0.065837 0.047078
0 0.543615 0.379964 0.053639 0.036619
0 0.651878 0.847086 0.076795 0.053568
0 0.331281 0.902456 0.063104 0.061900
0 0.724451 0.367533 0.060246 0.045563
0 0.640203 0.735549 0.054505 0.042595
0 0.857463 0.908099 0.089126 0.059882
0 0.736351 0.405613 0.051734 0.039079
0 0.643868 0.688189 0.069995 0.051325
0 0.335521 0.844135 0.067982 0.051842
0 0.401327 0.443788 0.051279 0.040955
0 0.747174 0.438720 0.058036 0.038517
0 0.710572 0.340814 0.051279 0.034693
0 0.699214 0.290769 0.048954 0.037853
0 0.694824 0.258234 0.043831 0.037043
0 0.626513 0.561018 0.062263 0.044761
0 0.559679 0.628956 0.049245 0.050080
0 0.614280 0.477580 0.056504 0.042291
0 0.669562 0.149052 0.041484 0.031777
0 0.618849 0.515600 0.059109 0.048785
0 0.568985 0.165817 0.040650 0.032756
0 0.599589 0.383017 0.049365 0.041340
0 0.684547 0.215263 0.042518 0.032806
0 0.680932 0.191482 0.047123 0.031502
0 0.552457 0.512112 0.055343 0.035872
0 0.577870 0.225520 0.046250 0.034474
0 0.595262 0.356486 0.048191 0.039131
0 0.589711 0.327894 0.039261 0.036396
0 0.631907 0.637902 0.061527 0.052010
0 0.390920 0.681866 0.057158 0.047622
0 0.393601 0.628929 0.052483 0.046289
0 0.575896 0.851407 0.069994 0.055900
0 0.395465 0.588705 0.066171 0.047103
0 0.861259 0.972247 0.077369 0.050212
0 0.387416 0.728179 0.072236 0.055136
0 0.588870 0.279038 0.046636 0.038782
0 0.590932 0.971752 0.089913 0.050198
0 0.631228 0.599628 0.047241 0.041346
0 0.414446 0.384190 0.059261 0.048828
0 0.401509 0.518780 0.053419 0.040064
0 0.399005 0.551958 0.050080 0.043820
0 0.313034 0.681540 0.073451 0.047576
0 0.339326 0.778571 0.060931 0.053836
0 0.581798 0.915039 0.070112 0.056340
0 0.560513 0.593274 0.050915 0.038812
0 0.554671 0.551332 0.054253 0.042568
0 0.663178 0.915039 0.070947 0.056340
0 0.674028 0.974509 0.064269 0.047576
0 0.608507 0.447416 0.055088 0.040064
0 0.606003 0.417994 0.053419 0.036308
0 0.593900 0.305940 0.047576 0.035056
0 0.587223 0.255859 0.049245 0.037560
0 0.577207 0.208909 0.044237 0.026292
0 0.573868 0.186999 0.034221 0.030048
0 0.673611 0.168845 0.041733 0.023788
0 0.708250 0.319086 0.049245 0.031300
0 0.969919 0.981395 0.056757 0.033804