0 0.368763 0.741404 0.073949 0.055097
0 0.655883 0.820497 0.076155 0.056597
0 0.653169 0.738704 0.060233 0.049798
0 0.368432 0.683973 0.069666 0.054247
0 0.857206 0.920100 0.085551 0.053945
0 0.373459 0.633959 0.070133 0.048820
0 0.741569 0.450749 0.062317 0.038237
0 0.378414 0.592201 0.059366 0.044392
0 0.372524 0.809237 0.058852 0.050112
0 0.734246 0.415543 0.054400 0.039749
0 0.382779 0.547835 0.063884 0.052246
0 0.682838 0.208446 0.048118 0.033590
0 0.571712 0.818508 0.075569 0.054103
0 0.575596 0.736069 0.065777 0.050319
0 0.366031 0.872206 0.061736 0.054657
0 0.728079 0.379960 0.057686 0.047330
0 0.751052 0.488471 0.058420 0.038819
0 0.586998 0.950636 0.083703 0.057485
0 0.838205 0.791167 0.065294 0.048380
0 0.780993 0.597877 0.061930 0.043397
0 0.364612 0.930593 0.071699 0.058346
0 0.603416 0.326508 0.047375 0.035245
0 0.600541 0.273677 0.049318 0.034478
0 0.840006 0.854153 0.071470 0.053013
0 0.819990 0.740644 0.060306 0.045964
0 0.631578 0.552400 0.060050 0.040906
0 0.402231 0.416008 0.055726 0.039732
0 0.706914 0.313487 0.041566 0.037489
0 0.391981 0.448793 0.055571 0.037198
0 0.383865 0.479053 0.056335 0.035125
0 0.768866 0.556626 0.060665 0.042437
0 0.640203 0.595727 0.062461 0.046766
0 0.593461 0.224213 0.044956 0.036554
0 0.397861 0.377756 0.056810 0.042232
0 0.556012 0.506148 0.054427 0.041183
0 0.550819 0.469545 0.050128 0.034286
0 0.387405 0.511190 0.049885 0.035082
0 0.700932 0.288794 0.052195 0.038325
0 0.571149 0.887828 0.077195 0.060682
0 0.652197 0.881927 0.070009 0.053308
0 0.720604 0.357145 0.044569 0.030301
0 0.623780 0.514390 0.055105 0.041118
0 0.607712 0.354625 0.051042 0.035643
0 0.602664 0.251477 0.041733 0.033804
0 0.636503 0.640495 0.055526 0.044751
0 0.614712 0.477474 0.059968 0.042177
0 0.562421 0.543148 0.058129 0.041921
0 0.611912 0.443701 0.053039 0.039938
0 0.763082 0.515357 0.049040 0.037950
0 0.641321 0.686155 0.058437 0.047951
0 0.691576 0.238958 0.040101 0.031190
0 0.607714 0.407260 0.047570 0.037287
0 0.609467 0.384816 0.053169 0.037560
0 0.565197 0.582128 0.050266 0.046081
0 0.667553 0.962815 0.059211 0.046709
0 0.550046 0.405400 0.052421 0.034889
0 0.570947 0.682166 0.056757 0.048828
0 0.566774 0.635842 0.063435 0.043820
0 0.549245 0.438026 0.058427 0.038812
0 0.602664 0.302809 0.051749 0.038812
0 0.595987 0.204527 0.043403 0.032552
0 0.590979 0.183869 0.045072 0.026292
0 0.697399 0.265875 0.050915 0.030048
0 0.800898 0.694686 0.065939 0.048828
0 0.795055 0.645232 0.060931 0.052584