0 0.392359 0.849538 0.080291 0.058359
0 0.393257 0.570684 0.061350 0.047057
0 0.392240 0.783496 0.073073 0.053750
0 0.387116 0.919779 0.073615 0.060677
0 0.588524 0.907402 0.074705 0.058477
0 0.389039 0.718587 0.067756 0.051211
0 0.826076 0.785384 0.076302 0.054714
0 0.807645 0.675820 0.075273 0.051810
0 0.651502 0.785355 0.069036 0.054095
0 0.635701 0.673597 0.067591 0.051439
0 0.572164 0.782354 0.067105 0.052689
0 0.767294 0.544827 0.061515 0.043613
0 0.392515 0.620153 0.063025 0.046934
0 0.572502 0.725026 0.069622 0.051771
0 0.842135 0.841803 0.068229 0.055794
0 0.813147 0.727839 0.069349 0.051315
0 0.625037 0.626009 0.062183 0.047318
0 0.778757 0.586852 0.070013 0.048770
0 0.387925 0.666169 0.064245 0.048796
0 0.644852 0.723685 0.058767 0.049557
0 0.659529 0.845160 0.063641 0.054941
0 0.583019 0.845023 0.073746 0.058639
0 0.558707 0.675531 0.069193 0.051061
0 0.594275 0.973704 0.077431 0.049714
0 0.850616 0.902979 0.071276 0.057559
0 0.788522 0.634779 0.067209 0.046693
0 0.878325 0.972728 0.085460 0.051849
0 0.661296 0.905680 0.058537 0.052298
0 0.672882 0.970186 0.064054 0.055007
0 0.578941 0.214811 0.044436 0.037161
0 0.716361 0.343340 0.046454 0.039297
0 0.700658 0.313405 0.057808 0.037201
0 0.692641 0.276875 0.043503 0.038893