0 0.762716 0.541311 0.067844 0.045554
0 0.405597 0.374327 0.057731 0.046225
0 0.647992 0.666069 0.057916 0.050974
0 0.653558 0.717888 0.066816 0.055009
0 0.625283 0.533914 0.057457 0.040600
0 0.599326 0.253355 0.040064 0.037560
0 0.771267 0.590144 0.066774 0.050080
0 0.791717 0.639598 0.065939 0.046324
0 0.796725 0.686548 0.064269 0.047576
0 0.837624 0.822391 0.070947 0.058844
0 0.850561 0.884991 0.068443 0.053836
0 0.874766 0.945087 0.071782 0.061348
0 0.629791 0.577624 0.059261 0.047576
0 0.638972 0.618940 0.062600 0.045072
0 0.658587 0.776693 0.073451 0.052584
0 0.668603 0.835537 0.078459 0.057592
0 0.665682 0.901267 0.070947 0.053836
0 0.667351 0.960737 0.059261 0.052584
0 0.567608 0.707207 0.071782 0.048828
0 0.571782 0.751653 0.068443 0.050080
0 0.583467 0.809871 0.070112 0.056340
0 0.582215 0.874349 0.079294 0.065104
0 0.589727 0.961363 0.075955 0.063852