0 0.212795 0.768158 0.046797 0.107370
0 0.391122 0.913893 0.086610 0.057591
0 0.276243 0.752715 0.038893 0.093958
0 0.403819 0.383320 0.059297 0.045247
0 0.392767 0.847529 0.080586 0.055215
0 0.392155 0.781735 0.072391 0.052389
0 0.387721 0.667298 0.069757 0.048893
0 0.778177 0.584095 0.071215 0.046159
0 0.384204 0.724437 0.068824 0.049303
0 0.650916 0.782705 0.069149 0.052988
0 0.256504 0.585667 0.034023 0.067129
0 0.587986 0.905479 0.075781 0.059928
0 0.536395 0.450260 0.053780 0.040898
0 0.634783 0.670778 0.068247 0.050007
0 0.557767 0.671322 0.070395 0.051302
0 0.587804 0.264076 0.038533 0.031380
0 0.392322 0.618096 0.064340 0.048053
0 0.838796 0.839069 0.077548 0.054258
0 0.643806 0.720960 0.059644 0.048014
0 0.583242 0.842520 0.074262 0.058216
0 0.573173 0.722936 0.071016 0.053633
0 0.826217 0.782477 0.076836 0.054408
0 0.572457 0.780091 0.069028 0.051927
0 0.547533 0.576038 0.061159 0.044941
0 0.752437 0.499222 0.060013 0.043444
0 0.624546 0.625088 0.062687 0.047650
0 0.850299 0.901113 0.071684 0.058620
0 0.659679 0.842992 0.064392 0.054329
0 0.801300 0.679284 0.076168 0.050677
0 0.620718 0.580251 0.067010 0.046126
0 0.610443 0.497982 0.053472 0.044089
0 0.602036 0.430579 0.055634 0.038529
0 0.395651 0.492855 0.061892 0.043639
0 0.877324 0.971667 0.085464 0.053880
0 0.545866 0.531608 0.054787 0.042148
0 0.553268 0.620859 0.059002 0.047995
0 0.587632 0.368457 0.052504 0.035951
0 0.766547 0.541927 0.060326 0.043750
0 0.813192 0.725648 0.068754 0.049694
0 0.593683 0.973044 0.077704 0.051465
0 0.740707 0.457288 0.066510 0.045749
0 0.392914 0.570326 0.061315 0.046497
0 0.787962 0.633434 0.068893 0.047103
0 0.616612 0.538675 0.059909 0.043079
0 0.593277 0.399541 0.055547 0.035905
0 0.389544 0.531423 0.066233 0.047780
0 0.708069 0.359847 0.048602 0.036439
0 0.604191 0.462419 0.046437 0.039030
0 0.660041 0.904027 0.059978 0.051478
0 0.536322 0.416182 0.044527 0.038913
0 0.599089 0.341276 0.053177 0.037773
0 0.672461 0.968490 0.063672 0.056341
0 0.526793 0.385166 0.045781 0.035918
0 0.691463 0.276540 0.044358 0.035671
0 0.701259 0.306449 0.042917 0.033470
0 0.707283 0.333464 0.050304 0.032786
0 0.600291 0.313600 0.051953 0.037057
0 0.727763 0.422770 0.051324 0.036465