0 0.650171 0.779857 0.074952 0.054727
0 0.780612 0.589557 0.071953 0.048359
0 0.580773 0.970062 0.088194 0.052936
0 0.657439 0.837363 0.063793 0.052070
0 0.790770 0.636891 0.071662 0.048535
0 0.850519 0.903760 0.070985 0.055267
0 0.577654 0.834521 0.071515 0.053574
0 0.588898 0.897028 0.092161 0.066738
0 0.812530 0.779987 0.060790 0.048737
0 0.835438 0.834489 0.071354 0.052533
0 0.414783 0.377962 0.052865 0.040924
0 0.809779 0.728916 0.064314 0.054264
0 0.663928 0.897161 0.061884 0.052005
0 0.875158 0.968408 0.090195 0.057259
0 0.733600 0.438864 0.061732 0.046660
0 0.365349 0.916732 0.073346 0.059961
0 0.794473 0.683542 0.070725 0.050482
0 0.701599 0.323913 0.054562 0.041654
0 0.694147 0.296680 0.048277 0.038203
0 0.673081 0.971921 0.081635 0.054855