0 0.773235 0.582598 0.069215 0.047674
0 0.781782 0.627366 0.070101 0.046548
0 0.752714 0.501891 0.061384 0.048801
0 0.791882 0.674686 0.063413 0.050936
0 0.880504 0.958723 0.090630 0.056287
0 0.593066 0.225185 0.045907 0.041316
0 0.705366 0.338722 0.051912 0.037426
0 0.584040 0.885726 0.079224 0.058447
0 0.684381 0.262743 0.046902 0.033800
0 0.698104 0.309128 0.042828 0.036426
0 0.744279 0.463783 0.060655 0.037742
0 0.803515 0.722905 0.057818 0.049984
0 0.682897 0.199519 0.033178 0.032552
0 0.829302 0.787362 0.066903 0.051378
0 0.394937 0.614950 0.063188 0.048054
0 0.844977 0.842312 0.064893 0.051625
0 0.641757 0.646691 0.066864 0.049746
0 0.410606 0.894217 0.088212 0.063812
0 0.858736 0.902351 0.055431 0.054173
0 0.399183 0.573198 0.051394 0.046413
0 0.600289 0.361188 0.043692 0.032044
0 0.411286 0.415813 0.058428 0.035288
0 0.718441 0.367678 0.052246 0.040472
0 0.407716 0.960128 0.075620 0.057454
0 0.600035 0.386005 0.050588 0.037840
0 0.623354 0.560116 0.058082 0.046665
0 0.404297 0.667415 0.068270 0.053156
0 0.620040 0.522163 0.064505 0.046037
0 0.645238 0.698991 0.060086 0.042723
0 0.635304 0.605444 0.061591 0.049528
0 0.405265 0.377304 0.055923 0.040064
0 0.413612 0.452424 0.047576 0.042568
0 0.403596 0.485602 0.060931 0.051332
0 0.401092 0.526918 0.062600 0.048828
0 0.401926 0.719101 0.054253 0.050080
0 0.403178 0.771059 0.056757 0.048828
0 0.397753 0.833659 0.077624 0.058844
0 0.591814 0.966997 0.083467 0.062600
0 0.586388 0.806741 0.065939 0.055088
0 0.578876 0.752279 0.074286 0.053836
0 0.575538 0.698443 0.065939 0.051332
0 0.565104 0.642728 0.060096 0.047576
0 0.558844 0.597656 0.060931 0.045072
0 0.556757 0.555088 0.060096 0.045072
0 0.556340 0.515024 0.052584 0.042568
0 0.553836 0.476838 0.060931 0.043820
0 0.548828 0.446164 0.055923 0.037560
0 0.543820 0.409856 0.054253 0.037560
0 0.664430 0.898137 0.060096 0.050080
0 0.676950 0.969401 0.073451 0.059896
0 0.663178 0.812375 0.075955 0.061348
0 0.656500 0.756035 0.059261 0.051332
0 0.616019 0.483724 0.053419 0.042568
0 0.611428 0.450546 0.055923 0.036308
0 0.603499 0.417368 0.050080 0.037560
0 0.606420 0.339744 0.042568 0.040064
0 0.605586 0.315330 0.037560 0.033804
0 0.599326 0.292793 0.050080 0.033804
0 0.600995 0.269005 0.048411 0.031300
0 0.595152 0.247721 0.035056 0.026292
0 0.590562 0.202649 0.047576 0.026292
0 0.730786 0.425506 0.055923 0.038812
0 0.731621 0.396084 0.044237 0.035056
0 0.696565 0.287159 0.044237 0.032552
0 0.686131 0.241461 0.045072 0.026292
0 0.685714 0.220177 0.040899 0.026292