0 0.414567 0.826903 0.063053 0.055786
0 0.413438 0.708113 0.067206 0.052816
0 0.676458 0.840001 0.071755 0.053620
0 0.407037 0.901527 0.077714 0.058831
0 0.420174 0.760773 0.058120 0.053086
0 0.406682 0.962870 0.064655 0.059236
0 0.581448 0.903011 0.067472 0.057324
0 0.416839 0.617499 0.072216 0.050927
0 0.579758 0.678747 0.056017 0.050660
0 0.587083 0.787324 0.075973 0.055488
0 0.641235 0.633624 0.066422 0.044392
0 0.590411 0.839579 0.071933 0.053790
0 0.599634 0.971238 0.081180 0.053554
0 0.666465 0.785218 0.065558 0.049151
0 0.610679 0.351337 0.051677 0.037124
0 0.570030 0.584678 0.064939 0.050997
0 0.748942 0.475910 0.060640 0.041686
0 0.705617 0.304997 0.054511 0.043186
0 0.615631 0.309361 0.039674 0.036968
0 0.549077 0.431307 0.053679 0.037410
0 0.657950 0.731154 0.061371 0.049148
0 0.729254 0.409734 0.062876 0.040307
0 0.656970 0.316773 0.032349 0.042572
0 0.565028 0.546317 0.055241 0.037546
0 0.751812 0.515384 0.062920 0.044353
0 0.738427 0.443235 0.059910 0.038288
0 0.789063 0.640759 0.067908 0.053654
0 0.411558 0.661207 0.069057 0.049723
0 0.592951 0.381785 0.051806 0.039183
0 0.573275 0.632607 0.066828 0.047872
0 0.603003 0.415275 0.057750 0.040887
0 0.584357 0.732305 0.067059 0.054113
0 0.832382 0.791458 0.071414 0.047059
0 0.418991 0.577353 0.059709 0.045970
0 0.601447 0.277483 0.045837 0.035736
0 0.715442 0.355349 0.048216 0.033715
0 0.681091 0.237405 0.046677 0.031901
0 0.810835 0.739247 0.076113 0.055317
0 0.878295 0.967436 0.094772 0.060974
0 0.415953 0.532700 0.048073 0.040837
0 0.412774 0.500612 0.054260 0.043849
0 0.559521 0.502798 0.059589 0.040854
0 0.843386 0.851187 0.086131 0.051332
0 0.813001 0.682641 0.061766 0.050384
0 0.633631 0.582695 0.058259 0.047701
0 0.413194 0.459936 0.065104 0.045072
0 0.415698 0.429262 0.058427 0.036308
0 0.407769 0.391702 0.052584 0.038812
0 0.555505 0.468700 0.045907 0.040064
0 0.680706 0.973883 0.055923 0.048828
0 0.671942 0.906275 0.078459 0.058844
0 0.648571 0.682166 0.068443 0.048828
0 0.628122 0.546950 0.055923 0.041316
0 0.625200 0.510642 0.046741 0.043820
0 0.621027 0.481220 0.055088 0.037560
0 0.615184 0.448042 0.046741 0.041316
0 0.600578 0.250225 0.035891 0.033804
0 0.592231 0.228941 0.045907 0.031300
0 0.684879 0.262119 0.035891 0.032552
0 0.717431 0.332232 0.054253 0.030048
0 0.724526 0.384816 0.055088 0.035056
0 0.763755 0.549454 0.051749 0.048828
0 0.773354 0.593274 0.067608 0.046324
0 0.851813 0.911283 0.067608 0.058844