0 0.656211 0.840146 0.084462 0.059238
0 0.563550 0.901572 0.084201 0.058587
0 0.643976 0.782344 0.070929 0.051185
0 0.652728 0.900459 0.082878 0.061335
0 0.560734 0.723236 0.071589 0.054948
0 0.814692 0.781924 0.084193 0.053913
0 0.568197 0.835986 0.069735 0.056517
0 0.629375 0.634271 0.067595 0.050391
0 0.559939 0.672633 0.078290 0.056335
0 0.567103 0.777539 0.071324 0.055326
0 0.637986 0.730749 0.062977 0.049987
0 0.550964 0.627109 0.063906 0.048932
0 0.752708 0.519515 0.064184 0.043379
0 0.391719 0.846950 0.064722 0.054460
0 0.863722 0.969294 0.084501 0.055501
0 0.577066 0.969570 0.073238 0.054219
0 0.402255 0.549603 0.064119 0.044518
0 0.401330 0.626195 0.065152 0.054720
0 0.616476 0.552028 0.056667 0.043874
0 0.631686 0.679837 0.053468 0.049023
0 0.543362 0.509082 0.059640 0.041237
0 0.663118 0.968900 0.082895 0.056602
0 0.727027 0.416234 0.061337 0.044434
0 0.746515 0.483034 0.064618 0.044362
0 0.844599 0.898818 0.072582 0.052949
0 0.403553 0.588255 0.061202 0.046211
0 0.546984 0.547340 0.062795 0.043210
0 0.599191 0.386240 0.053563 0.039785
0 0.778898 0.590007 0.071936 0.052578
0 0.787235 0.634857 0.064175 0.051536
0 0.398114 0.728089 0.076159 0.055736
0 0.552433 0.588704 0.066298 0.046771
0 0.796348 0.677259 0.058737 0.049375
0 0.614258 0.513477 0.061424 0.045573
0 0.403941 0.677132 0.055903 0.055710
0 0.406189 0.442516 0.062023 0.043470
0 0.809145 0.727178 0.078793 0.051738
0 0.837359 0.832513 0.083659 0.057214
0 0.621413 0.592816 0.051584 0.041113
0 0.538260 0.441842 0.052899 0.038060
0 0.699382 0.284990 0.048728 0.035163
0 0.689846 0.240586 0.048537 0.031510
0 0.406502 0.377135 0.054661 0.037747
0 0.739132 0.448639 0.055547 0.039922
0 0.765818 0.552643 0.064727 0.045208
0 0.395078 0.785023 0.064219 0.058132
0 0.717240 0.360257 0.048038 0.037806
0 0.539707 0.411810 0.054518 0.037617
0 0.592895 0.302419 0.049332 0.037884
0 0.537285 0.475234 0.052487 0.041211
0 0.711795 0.334619 0.046819 0.034824
0 0.577309 0.193281 0.041155 0.028763
0 0.706152 0.310716 0.054154 0.030339
0 0.407737 0.408216 0.051246 0.039987
0 0.719204 0.387201 0.050360 0.033698
0 0.693210 0.262344 0.047070 0.029115
0 0.601131 0.476540 0.052062 0.040085
0 0.584518 0.233454 0.048524 0.032871
0 0.601523 0.444492 0.043394 0.034557
0 0.579158 0.212012 0.042899 0.025846
0 0.540712 0.378535 0.043351 0.040612
0 0.586897 0.259574 0.039236 0.038457
0 0.587071 0.350233 0.073324 0.047055
0 0.595829 0.329398 0.044939 0.035176
0 0.286845 0.747458 0.035994 0.079922