0 0.389785 0.730044 0.076128 0.057674
0 0.564937 0.629584 0.062793 0.045338
0 0.389307 0.679151 0.052333 0.047963
0 0.385188 0.631959 0.067947 0.053668
0 0.781351 0.603768 0.068114 0.043967
0 0.561584 0.583919 0.046923 0.044773
0 0.619605 0.512480 0.064812 0.045656
0 0.617148 0.556599 0.054561 0.046303
0 0.567677 0.677656 0.068714 0.050028
0 0.389021 0.851677 0.080885 0.060611
0 0.402005 0.785938 0.077385 0.056804
0 0.570904 0.735484 0.066004 0.050488
0 0.790421 0.647694 0.066024 0.046158
0 0.551252 0.542679 0.062017 0.045043
0 0.546825 0.497463 0.051807 0.045366
0 0.769725 0.559414 0.062160 0.042858
0 0.640967 0.645274 0.068967 0.051847
0 0.637181 0.688515 0.060822 0.046147
0 0.384259 0.911909 0.067476 0.065385
0 0.735144 0.439602 0.056410 0.039645
0 0.723863 0.396016 0.055339 0.043857
0 0.628829 0.599306 0.061007 0.045841
0 0.742440 0.472474 0.057733 0.041513
0 0.329915 0.477714 0.025920 0.052562
0 0.381854 0.971497 0.073028 0.052210
0 0.608168 0.471974 0.057275 0.042470
0 0.390559 0.587934 0.068642 0.048163
0 0.810136 0.738123 0.077757 0.050827
0 0.604465 0.321409 0.047569 0.036258
0 0.805483 0.692172 0.059511 0.043906
0 0.571664 0.789803 0.064424 0.055482
0 0.547772 0.433382 0.052815 0.037869
0 0.646402 0.736015 0.064592 0.046526
0 0.381727 0.546810 0.049308 0.035055
0 0.643458 0.780821 0.060341 0.051412
0 0.610230 0.435846 0.048613 0.036749
0 0.724647 0.366761 0.057332 0.037094
0 0.544468 0.466870 0.051365 0.037428
0 0.715521 0.338030 0.049727 0.034133
0 0.549044 0.400292 0.053271 0.037164
0 0.579964 0.840114 0.074941 0.051273
0 0.410235 0.436831 0.058909 0.034990
0 0.607831 0.408554 0.049409 0.034795
0 0.399374 0.468715 0.061289 0.036298
0 0.546079 0.369059 0.049865 0.035751
0 0.401092 0.510016 0.059261 0.045072
0 0.404013 0.388572 0.060096 0.042568
0 0.413194 0.354142 0.043403 0.036308
0 0.587223 0.900641 0.082632 0.062600
0 0.599743 0.963867 0.087640 0.063852
0 0.676532 0.973883 0.062600 0.043820
0 0.665682 0.901893 0.062600 0.052584
0 0.656083 0.843675 0.066774 0.053836
0 0.605168 0.382312 0.051749 0.037560
0 0.603082 0.354142 0.050915 0.033804
0 0.600160 0.295297 0.041733 0.028796
0 0.596822 0.270257 0.038395 0.031300
0 0.595570 0.249599 0.045907 0.030048
0 0.592231 0.227689 0.044237 0.031300
0 0.590562 0.208283 0.047576 0.030048
0 0.586806 0.183869 0.035056 0.026292
0 0.582215 0.165089 0.047576 0.028796
0 0.827190 0.819887 0.081798 0.053836
0 0.840962 0.884991 0.070947 0.051332
0 0.862246 0.946965 0.073451 0.052584
0 0.715345 0.317208 0.040064 0.027544
0 0.706998 0.295297 0.053419 0.033804
0 0.698651 0.270883 0.050080 0.027544
0 0.695312 0.249599 0.050080 0.027544
0 0.686131 0.223307 0.056757 0.035056
0 0.681540 0.199519 0.050915 0.027544