0 0.830952 0.842335 0.075653 0.058877
0 0.563618 0.741350 0.077076 0.055569
0 0.374735 0.721011 0.074136 0.055687
0 0.765178 0.559789 0.065959 0.041450
0 0.383767 0.671541 0.071561 0.051790
0 0.384840 0.622562 0.066065 0.051444
0 0.812130 0.740537 0.075956 0.052530
0 0.831380 0.789380 0.062768 0.052356
0 0.568209 0.789063 0.066218 0.047462
0 0.793389 0.642314 0.062145 0.048651
0 0.774251 0.599075 0.065985 0.050828
0 0.229528 0.739382 0.037707 0.074781
0 0.758046 0.521624 0.061421 0.042712
0 0.740217 0.456157 0.063334 0.044951
0 0.574561 0.851067 0.071859 0.056855
0 0.386460 0.581360 0.050295 0.041455
0 0.670934 0.904911 0.061580 0.054187
0 0.794793 0.690623 0.078529 0.059113
0 0.864884 0.966327 0.094403 0.058611
0 0.382982 0.542523 0.048191 0.048445
0 0.383086 0.509655 0.054777 0.043621
0 0.643611 0.735386 0.065007 0.045091
0 0.650094 0.783969 0.073743 0.054616
0 0.638336 0.680313 0.060534 0.047527
0 0.605869 0.324614 0.047930 0.039285
0 0.678784 0.967920 0.081990 0.057897
0 0.561603 0.683324 0.067327 0.047164
0 0.384957 0.472837 0.066491 0.045834
0 0.588658 0.255901 0.046737 0.043262
0 0.366613 0.850226 0.064443 0.048263
0 0.386736 0.433783 0.047728 0.038272
0 0.656309 0.849397 0.060672 0.056662
0 0.552000 0.628889 0.058188 0.052167
0 0.625024 0.636030 0.063788 0.046699
0 0.539888 0.512884 0.049002 0.042549
0 0.589727 0.359150 0.045907 0.036308
0 0.613647 0.551675 0.056493 0.043253
0 0.850978 0.904397 0.074286 0.055088
0 0.540723 0.442295 0.056862 0.039907
0 0.620404 0.597549 0.062368 0.044189
0 0.400065 0.377869 0.057527 0.044350
0 0.606452 0.478052 0.052521 0.046248
0 0.549252 0.588414 0.048335 0.041429
0 0.724649 0.396277 0.052336 0.041622
0 0.606611 0.515650 0.058880 0.041316
0 0.547228 0.552328 0.062032 0.041103
0 0.714684 0.362234 0.054901 0.037246
0 0.686742 0.246836 0.049961 0.038099
0 0.361556 0.782549 0.079906 0.054281
0 0.698880 0.286612 0.047200 0.036152
0 0.599097 0.415311 0.052207 0.041674
0 0.680405 0.219286 0.048740 0.033974
0 0.711913 0.334327 0.053371 0.033121
0 0.590982 0.905996 0.081792 0.055782
0 0.603457 0.447372 0.051833 0.040152
0 0.592982 0.972531 0.065772 0.053636
0 0.695312 0.310948 0.043403 0.032552
0 0.381894 0.919421 0.084302 0.057592