0 0.417522 0.366828 0.054737 0.038063
0 0.536505 0.395736 0.053811 0.039483
0 0.766039 0.581439 0.067814 0.043188
0 0.410631 0.808800 0.077450 0.051813
0 0.403527 0.414840 0.058827 0.040138
0 0.755379 0.504079 0.063701 0.039245
0 0.398363 0.692538 0.067846 0.053646
0 0.756623 0.537348 0.057531 0.044361
0 0.734845 0.431228 0.049474 0.042744
0 0.413161 0.868369 0.061012 0.052253
0 0.573799 0.820714 0.068925 0.050603
0 0.393189 0.634306 0.066721 0.050763
0 0.704483 0.288938 0.053397 0.039010
0 0.682868 0.239320 0.046073 0.033384
0 0.691241 0.262786 0.051549 0.035648
0 0.638521 0.711322 0.066842 0.050612
0 0.780816 0.622940 0.060742 0.048030
0 0.824171 0.765740 0.076393 0.052165
0 0.400714 0.935256 0.083152 0.060975
0 0.716556 0.374839 0.050833 0.037482
0 0.752617 0.472147 0.052325 0.040681
0 0.724705 0.406113 0.054730 0.040091
0 0.403175 0.749980 0.065008 0.053338
0 0.816368 0.718107 0.077290 0.049646
0 0.391652 0.442408 0.043086 0.037560
0 0.603955 0.457947 0.049168 0.038590
0 0.602384 0.491325 0.055480 0.042540
0 0.390198 0.507312 0.065819 0.047430
0 0.599258 0.423864 0.043537 0.034583
0 0.632290 0.662095 0.056906 0.044449
0 0.792883 0.669058 0.055259 0.047500
0 0.602545 0.256236 0.051988 0.043322
0 0.715334 0.343473 0.055992 0.039396
0 0.588996 0.367226 0.055715 0.039941
0 0.833249 0.821620 0.070188 0.052097
0 0.593924 0.398445 0.054206 0.040349
0 0.393580 0.475586 0.045907 0.033804
0 0.392745 0.555714 0.062600 0.046324
0 0.390658 0.595152 0.051749 0.045072
0 0.576372 0.884991 0.074286 0.051332
0 0.590979 0.961363 0.083467 0.058844
0 0.571782 0.766051 0.066774 0.051332
0 0.563435 0.653996 0.068443 0.050080
0 0.550497 0.610802 0.050915 0.038812
0 0.544655 0.573868 0.049245 0.042568
0 0.533387 0.540064 0.055088 0.042568
0 0.537560 0.494992 0.053419 0.040064
0 0.657335 0.891251 0.072616 0.056340
0 0.665264 0.953225 0.061765 0.052584
0 0.653162 0.828651 0.064269 0.058844
0 0.647319 0.766051 0.060931 0.058844
0 0.621862 0.620192 0.065104 0.042568
0 0.612263 0.575120 0.052584 0.042568
0 0.604751 0.532552 0.054253 0.042568
0 0.604751 0.341622 0.047576 0.041316
0 0.601830 0.311574 0.055088 0.031300
0 0.600160 0.282151 0.040064 0.037560
0 0.707415 0.313452 0.049245 0.035056
0 0.851396 0.881861 0.071782 0.052584
0 0.878522 0.951973 0.092648 0.060096