0 0.826391 0.784486 0.077548 0.049531
0 0.213236 0.768320 0.047921 0.108815
0 0.391610 0.916198 0.086675 0.058242
0 0.396398 0.721217 0.068785 0.051133
0 0.876738 0.972526 0.086775 0.049753
0 0.392873 0.849069 0.080816 0.054805
0 0.391875 0.784290 0.073785 0.053503
0 0.766799 0.544844 0.060048 0.041914
0 0.388040 0.669893 0.071185 0.048145
0 0.405017 0.385791 0.059175 0.043587
0 0.548336 0.577936 0.061298 0.044505
0 0.257428 0.585723 0.034162 0.066888
0 0.850844 0.902295 0.072739 0.055150
0 0.752806 0.502419 0.058780 0.042090
0 0.812951 0.726582 0.070556 0.047031
0 0.778717 0.586543 0.071237 0.045417
0 0.801734 0.680163 0.077105 0.050339
0 0.788236 0.635833 0.068728 0.045286
0 0.621296 0.582116 0.067556 0.046992
0 0.587938 0.907103 0.074957 0.056628
0 0.403498 0.424704 0.051345 0.040124
0 0.594021 0.973493 0.077687 0.050814
0 0.392114 0.619948 0.065139 0.048164
0 0.650981 0.786823 0.069670 0.053333
0 0.624701 0.627347 0.062847 0.047975
0 0.573685 0.725358 0.071502 0.052969
0 0.558336 0.673766 0.070074 0.051009
0 0.546319 0.535609 0.054028 0.042741
0 0.572860 0.782920 0.067708 0.052806
0 0.602650 0.432855 0.055135 0.040397
0 0.718010 0.389583 0.057374 0.041107
0 0.635052 0.674886 0.068576 0.050306
0 0.660297 0.843864 0.063433 0.051855
0 0.583663 0.843587 0.074054 0.057604
0 0.583346 0.216260 0.041606 0.030579
0 0.588188 0.371214 0.051793 0.037402
0 0.396055 0.494352 0.062604 0.044850
0 0.393262 0.572253 0.062079 0.047044
0 0.553945 0.623600 0.059262 0.049219
0 0.741691 0.458486 0.066020 0.046348
0 0.644039 0.724128 0.059518 0.048737
0 0.617365 0.540378 0.058767 0.044349
0 0.402747 0.459795 0.045330 0.038105
0 0.544358 0.488590 0.062266 0.048392
0 0.537624 0.452129 0.055152 0.041784
0 0.701680 0.306523 0.042708 0.035898
0 0.594032 0.402624 0.056554 0.037435
0 0.660938 0.906615 0.057830 0.051432
0 0.392428 0.531680 0.066576 0.048255
0 0.527346 0.387467 0.042643 0.034102
0 0.672400 0.971370 0.062543 0.055553
0 0.610742 0.501335 0.054731 0.044596
0 0.692593 0.278838 0.043650 0.035684
0 0.587415 0.241504 0.044761 0.033203
0 0.600302 0.343835 0.052444 0.037539
0 0.609256 0.468245 0.046107 0.038483
0 0.536630 0.417520 0.044978 0.038099
0 0.601085 0.316221 0.052109 0.038770
0 0.709086 0.361146 0.048060 0.034648
0 0.708149 0.334857 0.049640 0.032266
0 0.679442 0.227031 0.047157 0.034271
0 0.728631 0.425697 0.047669 0.036706
0 0.682786 0.251986 0.039297 0.032565
0 0.599603 0.287943 0.051185 0.038633
0 0.589395 0.264567 0.039484 0.027832