0 0.655458 0.783857 0.078069 0.053001
0 0.394735 0.774092 0.073220 0.058783
0 0.394878 0.664303 0.069618 0.050703
0 0.829920 0.840553 0.080204 0.053034
0 0.408952 0.895394 0.076246 0.057988
0 0.407684 0.835426 0.082296 0.054629
0 0.573757 0.772533 0.082096 0.065273
0 0.557849 0.668535 0.071081 0.051432
0 0.572776 0.900257 0.075256 0.058353
0 0.655143 0.844681 0.076250 0.060443
0 0.800100 0.682660 0.068316 0.050085
0 0.777956 0.592965 0.073142 0.047910
0 0.405332 0.378636 0.058867 0.045723
0 0.845037 0.904967 0.073477 0.053594
0 0.638333 0.670762 0.068420 0.050299
0 0.814015 0.781953 0.069132 0.057357
0 0.583108 0.966634 0.085990 0.061797
0 0.545996 0.541074 0.055525 0.042552
0 0.660410 0.902223 0.060959 0.055931
0 0.812891 0.729606 0.060226 0.050371
0 0.770608 0.553298 0.076502 0.045553
0 0.553572 0.579811 0.062465 0.046250
0 0.793702 0.634886 0.074844 0.051413
0 0.667472 0.967074 0.061211 0.051608
0 0.573123 0.834365 0.069449 0.060775
0 0.640838 0.720749 0.067378 0.050716
0 0.613674 0.538184 0.056341 0.043346
0 0.741345 0.452881 0.060009 0.044902
0 0.630640 0.620026 0.055430 0.051667
0 0.554913 0.623643 0.065243 0.048001
0 0.563628 0.716149 0.073889 0.057116
0 0.756955 0.513359 0.062904 0.045677
0 0.731899 0.419515 0.057374 0.040098
0 0.464731 0.516872 0.054549 0.054785
0 0.859898 0.962217 0.069084 0.054681
0 0.625857 0.578607 0.057374 0.044440
0 0.396165 0.714984 0.053503 0.053613
0 0.581424 0.202852 0.043238 0.035508
0 0.724217 0.391309 0.058069 0.036393
0 0.719054 0.339788 0.058698 0.034447
0 0.723164 0.363278 0.047535 0.035293