0 0.332415 0.780509 0.075905 0.055623
0 0.320709 0.908347 0.071634 0.058803
0 0.564881 0.736294 0.077128 0.054567
0 0.643444 0.730989 0.070962 0.052191
0 0.775293 0.554884 0.062542 0.046124
0 0.846031 0.838990 0.086142 0.052066
0 0.552137 0.627343 0.062279 0.044483
0 0.656475 0.849160 0.063208 0.051847
0 0.738592 0.411888 0.054768 0.040351
0 0.647644 0.779339 0.062836 0.051785
0 0.572515 0.788198 0.073565 0.051597
0 0.572979 0.845686 0.075307 0.062865
0 0.801164 0.685989 0.059276 0.045869
0 0.791642 0.647657 0.073111 0.045055
0 0.340033 0.621548 0.074812 0.052042
0 0.824738 0.787545 0.064767 0.054256
0 0.552249 0.513516 0.059489 0.045104
0 0.806334 0.737094 0.066776 0.047906
0 0.876344 0.970626 0.091611 0.053004
0 0.334836 0.715940 0.073242 0.048109
0 0.786602 0.603598 0.077459 0.050000
0 0.621306 0.593165 0.061022 0.048687
0 0.627665 0.640946 0.067525 0.046604
0 0.546169 0.472566 0.043201 0.038790
0 0.634831 0.682386 0.062817 0.048319
0 0.553434 0.677351 0.068654 0.050170
0 0.851271 0.907228 0.071683 0.053935
0 0.724483 0.370273 0.051489 0.044725
0 0.353134 0.578054 0.065147 0.046732
0 0.766981 0.518039 0.058622 0.047621
0 0.745771 0.444258 0.059468 0.041436
0 0.762310 0.477810 0.064703 0.046665
0 0.710198 0.336985 0.049257 0.034332
0 0.623994 0.554398 0.050432 0.040235
0 0.340857 0.667260 0.055364 0.052059
0 0.611740 0.478584 0.054850 0.039965
0 0.393373 0.385152 0.058878 0.043528
0 0.617901 0.515271 0.058029 0.042368
0 0.576008 0.907886 0.076909 0.061848
0 0.539012 0.389537 0.056443 0.039481
0 0.610924 0.445564 0.043456 0.037842
0 0.669333 0.911184 0.063380 0.054825
0 0.366214 0.424488 0.041957 0.042044
0 0.364274 0.461876 0.055260 0.040464
0 0.604308 0.422035 0.053324 0.038241
0 0.702145 0.289624 0.046891 0.036914
0 0.551601 0.557489 0.062083 0.049496
0 0.358102 0.537118 0.050023 0.046877
0 0.597904 0.385234 0.043288 0.040022
0 0.357226 0.500128 0.061125 0.044345
0 0.704870 0.317141 0.044076 0.023935
0 0.698336 0.260210 0.038777 0.030312
0 0.577808 0.973182 0.086297 0.048459
0 0.590879 0.329509 0.044374 0.028656
0 0.547210 0.444604 0.044164 0.035408
0 0.535788 0.361225 0.050256 0.033123
0 0.532362 0.331529 0.046449 0.035408
0 0.681606 0.973433 0.067769 0.049114
0 0.593278 0.357799 0.043403 0.033123
0 0.590994 0.309256 0.047971 0.031981
0 0.586425 0.282986 0.041880 0.031981
0 0.584140 0.254432 0.047971 0.034265
0 0.579572 0.232730 0.046449 0.029697
0 0.578810 0.207602 0.041880 0.029697
0 0.681226 0.201320 0.047210 0.028554
0 0.684271 0.221308 0.045687 0.025128
0 0.686937 0.244152 0.043403 0.022844