0 0.367887 0.713666 0.068881 0.052092
0 0.370192 0.657203 0.071341 0.053324
0 0.667079 0.828995 0.064935 0.051011
0 0.621259 0.601468 0.062280 0.044087
0 0.553932 0.651913 0.057685 0.048235
0 0.648729 0.769223 0.058017 0.051198
0 0.561710 0.831975 0.080748 0.061746
0 0.372461 0.766179 0.074789 0.058587
0 0.380823 0.564205 0.063613 0.051556
0 0.581241 0.278155 0.048198 0.035898
0 0.743193 0.467439 0.058845 0.047187
0 0.678766 0.892622 0.067569 0.052050
0 0.844301 0.881235 0.065939 0.051332
0 0.783370 0.625200 0.074286 0.047576
0 0.724919 0.401646 0.057016 0.044175
0 0.558289 0.765032 0.075152 0.053823
0 0.640206 0.719363 0.052538 0.042548
0 0.735212 0.435048 0.055235 0.037463
0 0.574696 0.252379 0.048740 0.034176
0 0.381085 0.482939 0.063915 0.047461
0 0.750631 0.503190 0.049620 0.036428
0 0.373918 0.610562 0.051183 0.047636
0 0.381053 0.525338 0.064445 0.045340
0 0.755799 0.539026 0.069331 0.040493
0 0.571288 0.157037 0.039382 0.034885
0 0.607083 0.536408 0.054597 0.049881
0 0.378391 0.837351 0.073957 0.058973
0 0.712112 0.341574 0.052935 0.041907
0 0.604848 0.494288 0.053564 0.046675
0 0.534515 0.429924 0.057344 0.039991
0 0.719126 0.368993 0.051641 0.037610
0 0.573275 0.888692 0.068794 0.063961
0 0.793270 0.670829 0.066973 0.047196
0 0.540471 0.487171 0.048588 0.039401
0 0.766865 0.579502 0.059638 0.038812
0 0.552316 0.604022 0.050662 0.044078
0 0.813156 0.816869 0.080637 0.047983
0 0.593246 0.424087 0.056185 0.039698
0 0.705594 0.290778 0.042872 0.037835
0 0.585515 0.360947 0.052891 0.034630
0 0.525762 0.362201 0.053984 0.038418
0 0.689806 0.242524 0.044399 0.029175
0 0.590852 0.333070 0.044035 0.031853
0 0.678424 0.183297 0.036408 0.030821
0 0.695730 0.266501 0.052584 0.033804
0 0.546136 0.563677 0.060818 0.043882
0 0.703659 0.314704 0.045072 0.035056
0 0.685118 0.209061 0.039665 0.028612
0 0.597246 0.392978 0.052291 0.036402
0 0.671294 0.969680 0.057751 0.050650
0 0.391076 0.387320 0.050915 0.035056
0 0.389406 0.419246 0.059261 0.038812
0 0.384398 0.449920 0.054253 0.037560
0 0.585971 0.963867 0.083467 0.056340
0 0.543403 0.525040 0.053419 0.040064
0 0.535056 0.394206 0.048411 0.036308
0 0.601830 0.461814 0.055088 0.043820
0 0.857238 0.958859 0.071782 0.061348
0 0.862246 0.770433 0.063435 0.052584
0 0.961572 0.871219 0.066774 0.118940
0 0.803402 0.722231 0.069278 0.048828