0 0.292049 0.603440 0.033448 0.063701
0 0.367801 0.684551 0.070171 0.056034
0 0.372578 0.633728 0.072587 0.048721
0 0.378597 0.592262 0.059916 0.045432
0 0.653597 0.738997 0.060247 0.049980
0 0.655861 0.820982 0.075925 0.056822
0 0.576007 0.736300 0.066636 0.051069
0 0.780885 0.598399 0.062042 0.046210
0 0.541946 0.376492 0.053337 0.038181
0 0.382977 0.550457 0.064880 0.046333
0 0.600432 0.275793 0.049292 0.038326
0 0.741749 0.450848 0.062181 0.037447
0 0.720954 0.360017 0.044492 0.035117
0 0.734749 0.416360 0.054604 0.035841
0 0.874636 0.967615 0.087913 0.052910
0 0.586983 0.950840 0.084247 0.057470
0 0.562337 0.543671 0.058875 0.043710
0 0.571327 0.819478 0.076749 0.056979
0 0.384205 0.482773 0.056959 0.041692
0 0.705374 0.314977 0.041824 0.037013
0 0.607537 0.352569 0.052117 0.033310
0 0.575066 0.883492 0.069896 0.051341
0 0.631524 0.552882 0.060409 0.041259
0 0.640106 0.595780 0.062878 0.047539
0 0.702540 0.287446 0.057327 0.033126
0 0.556393 0.506001 0.054668 0.041695
0 0.769203 0.557797 0.061696 0.042818
0 0.392939 0.448560 0.054076 0.033944
0 0.751421 0.489336 0.058562 0.038797
0 0.602078 0.252103 0.037897 0.037560
0 0.366050 0.873574 0.061748 0.052803
0 0.855629 0.908080 0.084517 0.053090
0 0.838397 0.791937 0.065629 0.048765
0 0.623425 0.514929 0.057179 0.043523
0 0.398364 0.378141 0.056973 0.043189
0 0.401924 0.415281 0.054100 0.039875
0 0.595152 0.228852 0.050080 0.033982
0 0.550929 0.436756 0.053933 0.036219
0 0.550368 0.471557 0.050899 0.033058
0 0.819598 0.741581 0.061671 0.046250
0 0.651896 0.881883 0.070268 0.053742
0 0.364448 0.930544 0.073442 0.058069
0 0.615273 0.477019 0.060938 0.042348
0 0.636579 0.640514 0.055739 0.045371
0 0.641509 0.686050 0.059078 0.047841
0 0.612475 0.442353 0.053628 0.041757
0 0.840149 0.853871 0.071258 0.053378
0 0.592037 0.187459 0.050527 0.026624
0 0.798398 0.692674 0.064364 0.048257
0 0.608308 0.411219 0.048808 0.042345
0 0.570187 0.679211 0.056906 0.052234
0 0.764426 0.520391 0.051029 0.036893
0 0.609922 0.383543 0.053928 0.040105
0 0.373130 0.811749 0.056757 0.050080
0 0.567608 0.635216 0.065104 0.047576
0 0.667351 0.966997 0.060931 0.050080
0 0.595987 0.205779 0.043403 0.030048
0 0.698234 0.265875 0.049245 0.027544