0 0.212971 0.767002 0.047088 0.107728
0 0.391593 0.913561 0.085955 0.057513
0 0.545775 0.531175 0.054813 0.041960
0 0.276602 0.752650 0.038516 0.094388
0 0.403622 0.383242 0.059423 0.045820
0 0.392962 0.847220 0.080898 0.054896
0 0.387359 0.667002 0.071150 0.048965
0 0.391910 0.781322 0.072786 0.052956
0 0.384167 0.723564 0.068351 0.048874
0 0.536732 0.449759 0.054896 0.041680
0 0.650875 0.781969 0.069023 0.051087
0 0.557771 0.671309 0.070438 0.051276
0 0.876992 0.970986 0.085174 0.053392
0 0.801543 0.677858 0.077131 0.049648
0 0.826254 0.782161 0.076675 0.050000
0 0.391929 0.618812 0.065056 0.046035
0 0.587784 0.905433 0.075100 0.058184
0 0.572613 0.778701 0.068368 0.051204
0 0.602240 0.430309 0.056059 0.039499
0 0.634681 0.670501 0.068103 0.049818
0 0.778201 0.584297 0.071072 0.045273
0 0.256929 0.585654 0.034605 0.065501
0 0.583268 0.841579 0.074123 0.057038
0 0.643991 0.720114 0.058815 0.047650
0 0.573550 0.721807 0.071250 0.051204
0 0.587515 0.264069 0.037878 0.031419
0 0.850441 0.898880 0.071419 0.057344
0 0.624883 0.624743 0.061667 0.047103
0 0.610755 0.499004 0.055955 0.043385
0 0.594154 0.972715 0.076745 0.052461
0 0.553071 0.621387 0.059076 0.047865
0 0.616758 0.538424 0.059852 0.042161
0 0.752522 0.499801 0.060677 0.042363
0 0.660280 0.841995 0.063138 0.052897
0 0.813220 0.724967 0.069306 0.047682
0 0.392715 0.570687 0.062183 0.046061
0 0.836860 0.837507 0.063320 0.050456
0 0.766428 0.542090 0.060747 0.042747
0 0.787914 0.633408 0.069926 0.045996
0 0.621016 0.580094 0.066693 0.045618
0 0.740838 0.456647 0.066554 0.045560
0 0.593661 0.399001 0.057044 0.038197
0 0.672452 0.968138 0.063142 0.056602
0 0.660716 0.904206 0.058490 0.050286
0 0.707995 0.359300 0.048785 0.035436
0 0.599436 0.341169 0.052726 0.037520
0 0.701137 0.305120 0.041840 0.033665
0 0.536304 0.415967 0.043815 0.039238
0 0.707478 0.332842 0.049349 0.032272
0 0.600265 0.313105 0.052552 0.037669
0 0.691760 0.276025 0.043615 0.035527
0 0.727363 0.423356 0.051220 0.034199
0 0.526747 0.385537 0.045004 0.035124