0 0.373902 0.728324 0.069488 0.057311
0 0.762971 0.534180 0.070265 0.050143
0 0.778585 0.580615 0.067135 0.045957
0 0.403594 0.382624 0.057405 0.042240
0 0.789724 0.625085 0.067730 0.051094
0 0.378468 0.793880 0.070720 0.056003
0 0.579316 0.217243 0.044614 0.037598
0 0.376248 0.678226 0.071758 0.053197
0 0.754620 0.496423 0.060221 0.043236
0 0.825293 0.769108 0.066228 0.047995
0 0.823746 0.721458 0.060903 0.048919
0 0.582261 0.673506 0.073411 0.051921
0 0.668696 0.787702 0.062730 0.053672
0 0.587854 0.777933 0.082878 0.061400
0 0.660942 0.838978 0.058993 0.049870
0 0.664392 0.682148 0.075703 0.052747
0 0.375671 0.629274 0.072010 0.053197
0 0.382383 0.585785 0.063099 0.043392
0 0.597760 0.904010 0.074479 0.055820
0 0.833171 0.832246 0.074614 0.051289
0 0.740367 0.463919 0.056845 0.040312
0 0.804099 0.672852 0.064310 0.052982
0 0.720132 0.369137 0.052808 0.037467
0 0.582548 0.725173 0.074384 0.048939
0 0.661697 0.734349 0.074523 0.054974
0 0.724173 0.400221 0.054970 0.040729
0 0.648268 0.637399 0.064957 0.049759
0 0.637589 0.594170 0.064223 0.048014
0 0.546122 0.463949 0.049240 0.042090
0 0.567645 0.578203 0.064622 0.046432
0 0.628828 0.551413 0.060668 0.047331
0 0.394707 0.435895 0.062383 0.048835
0 0.373314 0.860169 0.064683 0.059883
0 0.602348 0.446732 0.058212 0.048138
0 0.566686 0.536605 0.050569 0.044499
0 0.386510 0.473893 0.048125 0.042266
0 0.622448 0.510003 0.057187 0.046986
0 0.680822 0.900674 0.070195 0.056126
0 0.595067 0.346745 0.052912 0.040547
0 0.698025 0.290944 0.043915 0.038919
0 0.590532 0.313532 0.048971 0.037337
0 0.605738 0.405505 0.058759 0.045957
0 0.881107 0.965348 0.061484 0.059616
0 0.380686 0.935547 0.082995 0.061888
0 0.688231 0.258936 0.051549 0.038053
0 0.542385 0.424134 0.049180 0.038880
0 0.686934 0.971367 0.081202 0.054453
0 0.602472 0.376562 0.050690 0.038763
0 0.587834 0.287949 0.041536 0.031471
0 0.713440 0.342139 0.055343 0.035918