0 0.396341 0.720059 0.068602 0.051914
0 0.587036 0.240036 0.044193 0.031230
0 0.391838 0.782660 0.073598 0.054355
0 0.206363 0.761377 0.045877 0.109212
0 0.826612 0.783535 0.077461 0.050208
0 0.404679 0.384645 0.059253 0.043717
0 0.850072 0.900257 0.071845 0.055592
0 0.257335 0.584329 0.034852 0.065964
0 0.548403 0.576276 0.061328 0.044440
0 0.393125 0.848089 0.081806 0.054212
0 0.876534 0.971963 0.086089 0.051191
0 0.392086 0.617835 0.065812 0.050176
0 0.621235 0.580856 0.068034 0.046725
0 0.624967 0.625397 0.062773 0.047969
0 0.812359 0.725954 0.070013 0.049121
0 0.546352 0.533916 0.054206 0.042559
0 0.840825 0.838522 0.070547 0.054779
0 0.572281 0.781566 0.067669 0.053027
0 0.788370 0.635635 0.069935 0.049069
0 0.651087 0.784922 0.069553 0.053464
0 0.558789 0.674779 0.070781 0.049948
0 0.594321 0.972933 0.076411 0.051126
0 0.403383 0.423669 0.051359 0.039993
0 0.587563 0.906891 0.075534 0.058770
0 0.583613 0.842826 0.074397 0.058047
0 0.767122 0.545225 0.060321 0.043600
0 0.634920 0.672806 0.068668 0.051081
0 0.553817 0.622438 0.058859 0.049329
0 0.573822 0.723965 0.072079 0.053398
0 0.393099 0.571009 0.061997 0.047617
0 0.544180 0.488229 0.063186 0.047930
0 0.396152 0.492874 0.062904 0.044056
0 0.660080 0.842975 0.065065 0.055195
0 0.588301 0.369938 0.051975 0.038314
0 0.537467 0.450869 0.055109 0.043171
0 0.602641 0.432217 0.055378 0.041322
0 0.610961 0.500908 0.055586 0.044199
0 0.779132 0.586680 0.071224 0.046016
0 0.644034 0.722526 0.059431 0.049635
0 0.741289 0.459427 0.066389 0.047253
0 0.718051 0.389342 0.058628 0.041224
0 0.386988 0.917526 0.074175 0.060560
0 0.617292 0.540208 0.059401 0.044141
0 0.754277 0.503278 0.061133 0.041803
0 0.672209 0.969733 0.063793 0.054674
0 0.594123 0.401471 0.056840 0.037617
0 0.402658 0.457939 0.045577 0.037389
0 0.600371 0.285205 0.051237 0.040488
0 0.599839 0.341787 0.053403 0.037741
0 0.708928 0.333086 0.049957 0.034622
0 0.527656 0.386510 0.042969 0.034089
0 0.709388 0.359782 0.048715 0.034329
0 0.392320 0.530355 0.066654 0.047298
0 0.601087 0.314642 0.052140 0.038724
0 0.608676 0.467015 0.045894 0.038092
0 0.702133 0.305176 0.042617 0.034479
0 0.661610 0.905270 0.059358 0.052194
0 0.536569 0.416413 0.045725 0.037565
0 0.728652 0.424912 0.048155 0.036712
0 0.682541 0.250514 0.038242 0.032279
0 0.692680 0.277689 0.043199 0.036901
0 0.681085 0.225397 0.038064 0.031198