0 0.826801 0.719815 0.079968 0.051855
0 0.611553 0.527595 0.065343 0.050620
0 0.606384 0.470441 0.046813 0.042295
0 0.813881 0.670632 0.073152 0.055456
0 0.595996 0.273313 0.047557 0.041465
0 0.618604 0.572044 0.060022 0.047494
0 0.683780 0.208527 0.043523 0.030982
0 0.738660 0.461135 0.054224 0.045049
0 0.708340 0.303251 0.052983 0.034633
0 0.765683 0.522631 0.062660 0.048965
0 0.733055 0.424298 0.058067 0.038939
0 0.782928 0.566173 0.062648 0.048959
0 0.717822 0.356291 0.054580 0.044006
0 0.621341 0.625266 0.057790 0.047350
0 0.796537 0.608536 0.065330 0.042166
0 0.724501 0.395522 0.059074 0.045652
0 0.835008 0.783243 0.068218 0.057622
0 0.591825 0.235945 0.036570 0.032041
0 0.858470 0.902173 0.069540 0.051289
0 0.840754 0.842476 0.070388 0.052614
0 0.870093 0.964629 0.090377 0.063570
0 0.371736 0.899199 0.084307 0.056230
0 0.386896 0.719915 0.053916 0.048192
0 0.622747 0.670721 0.057086 0.045412
0 0.391002 0.670001 0.053714 0.046083
0 0.380822 0.770580 0.072257 0.058550
0 0.639553 0.786097 0.070333 0.049537
0 0.392418 0.629708 0.059548 0.044884
0 0.627983 0.724263 0.063593 0.052356
0 0.652247 0.846624 0.057576 0.050148
0 0.377645 0.832039 0.059911 0.046656
0 0.549245 0.664012 0.067608 0.051332
0 0.554253 0.718475 0.067608 0.052584
0 0.559679 0.784831 0.071782 0.052584
0 0.568443 0.840545 0.069278 0.051332
0 0.578876 0.908153 0.068443 0.053836
0 0.651910 0.912535 0.059261 0.052584
0 0.662343 0.974096 0.063435 0.050506
0 0.605586 0.439278 0.048411 0.042568