0 0.811172 0.763863 0.069685 0.057052
0 0.803402 0.710396 0.080289 0.053761
0 0.765582 0.580076 0.069105 0.044629
0 0.832919 0.880727 0.080273 0.059815
0 0.782227 0.659914 0.074644 0.060066
0 0.558619 0.763867 0.078904 0.055292
0 0.648356 0.821731 0.068947 0.055085
0 0.562942 0.710681 0.068345 0.059344
0 0.563669 0.820385 0.073755 0.060576
0 0.648114 0.712719 0.069859 0.056116
0 0.631514 0.660904 0.067500 0.056297
0 0.361076 0.658643 0.073753 0.054895
0 0.778160 0.616985 0.057602 0.044198
0 0.744880 0.501202 0.068142 0.050559
0 0.846699 0.946007 0.088834 0.065495
0 0.359069 0.770152 0.073706 0.052022
0 0.642517 0.765115 0.072403 0.057584
0 0.757140 0.535435 0.059703 0.048352
0 0.614751 0.576484 0.067271 0.054277
0 0.817771 0.821930 0.077274 0.056925
0 0.548411 0.612604 0.061765 0.057744
0 0.370023 0.608733 0.070101 0.049549
0 0.543900 0.571716 0.058947 0.043689
0 0.701332 0.342818 0.051953 0.043150
0 0.715332 0.371941 0.060544 0.040309
0 0.361819 0.719170 0.061017 0.057731
0 0.368811 0.564502 0.063653 0.049544
0 0.552373 0.661130 0.073326 0.044377
0 0.357331 0.826781 0.066493 0.054822
0 0.611262 0.499236 0.059832 0.039457
0 0.371697 0.527121 0.070360 0.050495
0 0.542362 0.533157 0.059666 0.043742
0 0.611376 0.537560 0.061036 0.050080
0 0.737662 0.426859 0.057213 0.038350
0 0.575695 0.259572 0.051190 0.050427
0 0.739295 0.460982 0.053395 0.041788
0 0.655835 0.883696 0.081716 0.064124
0 0.524288 0.338531 0.041822 0.041351
0 0.722028 0.401004 0.052816 0.037337
0 0.600852 0.432868 0.048697 0.039112
0 0.576292 0.944834 0.079280 0.068869
0 0.575156 0.218855 0.049656 0.043405
0 0.687800 0.247095 0.046741 0.035056
0 0.402360 0.358961 0.058019 0.047580
0 0.593526 0.397166 0.048497 0.040404
0 0.604622 0.459510 0.060673 0.040917
0 0.668603 0.958859 0.073451 0.066356
0 0.570306 0.879023 0.076402 0.059428
0 0.544237 0.497496 0.055088 0.042568
0 0.376556 0.490098 0.048585 0.044843
0 0.348540 0.889654 0.082752 0.064285
0 0.698351 0.319905 0.051538 0.030209