0 0.790707 0.677607 0.078212 0.048548
0 0.833214 0.835290 0.078355 0.053288
0 0.623728 0.550697 0.061519 0.045794
0 0.856332 0.965690 0.084297 0.059297
0 0.584844 0.970218 0.078533 0.053665
0 0.388984 0.845332 0.085825 0.060104
0 0.809768 0.724186 0.061532 0.048307
0 0.734340 0.417933 0.058611 0.037975
0 0.845241 0.893646 0.074319 0.054102
0 0.746102 0.514277 0.062995 0.045000
0 0.570087 0.835931 0.082899 0.056133
0 0.554071 0.627627 0.059358 0.049108
0 0.719907 0.388177 0.057053 0.036133
0 0.768353 0.551908 0.059440 0.046107
0 0.552240 0.583255 0.063177 0.050013
0 0.622737 0.590046 0.058424 0.046523
0 0.564280 0.777809 0.074340 0.052988
0 0.663965 0.900843 0.076654 0.061035
0 0.549073 0.546182 0.064371 0.043288
0 0.642329 0.783079 0.072418 0.054036
0 0.821063 0.774388 0.065295 0.049180
0 0.667641 0.974593 0.062912 0.045684
0 0.391363 0.721930 0.070469 0.055645
0 0.561829 0.722900 0.078572 0.056204
0 0.768442 0.592585 0.070964 0.044831
0 0.404887 0.505352 0.061536 0.044141
0 0.627925 0.631146 0.061415 0.047305
0 0.578273 0.899727 0.071953 0.057500
0 0.394965 0.631107 0.072361 0.057982
0 0.538971 0.507705 0.059141 0.043626
0 0.787400 0.629779 0.075503 0.048320
0 0.599720 0.414134 0.060560 0.043789
0 0.635773 0.676982 0.061207 0.048913
0 0.738594 0.449196 0.050868 0.035280
0 0.558066 0.674059 0.072626 0.048548
0 0.636534 0.727731 0.056628 0.049499
0 0.404772 0.582295 0.064180 0.051556
0 0.529533 0.375508 0.054622 0.040482
0 0.405046 0.543320 0.062418 0.045326
0 0.740573 0.477445 0.057691 0.042077
0 0.695371 0.284772 0.050516 0.036927
0 0.594540 0.380267 0.055017 0.042031
0 0.535154 0.442406 0.053928 0.042389
0 0.389985 0.776842 0.079379 0.062708
0 0.605786 0.508945 0.059262 0.046979
0 0.711882 0.332520 0.052418 0.035234
0 0.603014 0.444456 0.056775 0.039277
0 0.717270 0.359896 0.054010 0.037865
0 0.606547 0.475937 0.059614 0.040599
0 0.655069 0.835221 0.060278 0.051901
0 0.528470 0.407314 0.047192 0.040697
0 0.591695 0.350872 0.042895 0.036576
0 0.592005 0.326234 0.040521 0.035658