0 0.413282 0.456589 0.063303 0.045693
0 0.615778 0.310852 0.038270 0.037625
0 0.610901 0.352979 0.051790 0.039533
0 0.406958 0.901602 0.078509 0.056958
0 0.595302 0.381971 0.056390 0.035044
0 0.684991 0.260748 0.038182 0.033053
0 0.739590 0.445165 0.056525 0.037869
0 0.559582 0.503837 0.060423 0.042778
0 0.704139 0.301523 0.054544 0.035529
0 0.418092 0.577365 0.057111 0.044978
0 0.675431 0.843014 0.072001 0.051863
0 0.658316 0.237124 0.044423 0.031392
0 0.746799 0.477166 0.058430 0.041332
0 0.556830 0.467580 0.048639 0.036985
0 0.601262 0.253441 0.038099 0.031087
0 0.727953 0.409834 0.058139 0.039668
0 0.415722 0.535542 0.049244 0.038467
0 0.602736 0.414364 0.055702 0.035130
0 0.582692 0.904372 0.070022 0.054273
0 0.414745 0.617662 0.065977 0.051120
0 0.612614 0.442614 0.052721 0.040585
0 0.714884 0.326338 0.053453 0.029936
0 0.599862 0.967962 0.078746 0.052906
0 0.715796 0.354824 0.047592 0.031765
0 0.591110 0.841824 0.071491 0.053685
0 0.635587 0.584740 0.056651 0.049430
0 0.624446 0.510083 0.046816 0.035974
0 0.419480 0.764531 0.058839 0.051726
0 0.586759 0.785841 0.072960 0.048732
0 0.618007 0.476139 0.050651 0.039813
0 0.752345 0.512250 0.061863 0.047023
0 0.723861 0.379241 0.050468 0.029250
0 0.666403 0.787154 0.066467 0.048064
0 0.411560 0.501462 0.055019 0.042149
0 0.411079 0.661773 0.068710 0.048957
0 0.413194 0.710963 0.070112 0.053836
0 0.414446 0.832407 0.059261 0.056340
0 0.406517 0.965745 0.070112 0.062600
0 0.585554 0.735377 0.069278 0.050080
0 0.580963 0.680288 0.051749 0.045072
0 0.571782 0.633964 0.065104 0.047576
0 0.570947 0.588266 0.065104 0.043820
0 0.565939 0.545698 0.055088 0.046324
0 0.656918 0.733499 0.063435 0.048828
0 0.683210 0.976287 0.064269 0.046124
0 0.649823 0.682166 0.067608 0.051332
0 0.641476 0.636468 0.064269 0.042568
0 0.630208 0.546324 0.058427 0.042568
0 0.765007 0.550706 0.050915 0.046324
0 0.774189 0.594526 0.072616 0.046324
0 0.790047 0.640224 0.067608 0.045072
0 0.810079 0.686548 0.060931 0.050080
0 0.811331 0.739759 0.073451 0.053836
0 0.832616 0.793595 0.067608 0.051332
0 0.845553 0.851813 0.080128 0.052584
0 0.853065 0.913161 0.075120 0.055088
0 0.879357 0.971379 0.090979 0.051332