0 0.698394 0.289530 0.050595 0.030315
0 0.396669 0.510107 0.065512 0.041263
0 0.790152 0.639151 0.062392 0.045429
0 0.384832 0.845146 0.078427 0.060909
0 0.813175 0.739445 0.059748 0.045698
0 0.391850 0.682708 0.067953 0.047969
0 0.775230 0.598514 0.068864 0.044283
0 0.600019 0.978426 0.080410 0.037883
0 0.390840 0.906602 0.077282 0.059796
0 0.587315 0.850660 0.072433 0.054890
0 0.392824 0.786918 0.079136 0.053003
0 0.398206 0.593991 0.050013 0.036631
0 0.401473 0.391518 0.057686 0.045283
0 0.398822 0.633297 0.068271 0.047208
0 0.588087 0.913440 0.074226 0.057034
0 0.577182 0.786027 0.059311 0.056452
0 0.803465 0.692221 0.075829 0.051409
0 0.571675 0.728882 0.055302 0.050549
0 0.399670 0.733296 0.053515 0.045774
0 0.747255 0.472079 0.064718 0.041815
0 0.398986 0.554843 0.068464 0.046443
0 0.559275 0.678788 0.056731 0.048073
0 0.544959 0.591072 0.063661 0.045720
0 0.878861 0.975152 0.075278 0.046358
0 0.832452 0.795502 0.077951 0.050139
0 0.540080 0.545792 0.055057 0.041129
0 0.771470 0.548972 0.067321 0.047680
0 0.554331 0.638504 0.061611 0.038497
0 0.718370 0.365702 0.054046 0.038227
0 0.755269 0.509627 0.068722 0.039285
0 0.588892 0.381222 0.050915 0.042243
0 0.687800 0.979417 0.080128 0.039864
0 0.665264 0.856195 0.071782 0.056340
0 0.672359 0.918795 0.067608 0.056340
0 0.649406 0.798603 0.058427 0.051332
0 0.636886 0.746645 0.055088 0.050080
0 0.631460 0.691556 0.060931 0.047576
0 0.625618 0.643980 0.062600 0.045072
0 0.614767 0.600160 0.054253 0.047576
0 0.612680 0.560722 0.058427 0.043820
0 0.543403 0.508764 0.058427 0.042568
0 0.610594 0.521910 0.059261 0.043820
0 0.539647 0.474334 0.047576 0.033804
0 0.604334 0.483098 0.055088 0.038812
0 0.538812 0.441782 0.052584 0.036308
0 0.598491 0.445538 0.041733 0.038812
0 0.607672 0.418620 0.058427 0.042568
0 0.603916 0.358524 0.044237 0.037560
0 0.700321 0.315956 0.051749 0.037560
0 0.725778 0.399840 0.057592 0.040064
0 0.731203 0.433018 0.051749 0.038812
0 0.849726 0.847431 0.058427 0.051332
0 0.860160 0.911283 0.074286 0.053836