0 0.376691 0.630732 0.069978 0.051777
0 0.377092 0.679954 0.071076 0.051758
0 0.582665 0.672637 0.075477 0.051510
0 0.778001 0.581934 0.068433 0.045169
0 0.660985 0.736016 0.072865 0.054167
0 0.603431 0.969385 0.083711 0.054863
0 0.563012 0.535739 0.053672 0.042598
0 0.628852 0.552734 0.058763 0.045729
0 0.373581 0.728047 0.070365 0.055273
0 0.579889 0.726755 0.073624 0.049551
0 0.404058 0.383109 0.057943 0.041400
0 0.851656 0.897747 0.087860 0.058216
0 0.584844 0.841237 0.081849 0.060573
0 0.379149 0.794271 0.069566 0.052357
0 0.660579 0.839762 0.058746 0.050332
0 0.832977 0.834264 0.075807 0.050703
0 0.657993 0.685550 0.060612 0.046673
0 0.574789 0.625524 0.063911 0.048132
0 0.567313 0.579251 0.064175 0.045260
0 0.648398 0.640192 0.063160 0.048158
0 0.637747 0.595820 0.062743 0.047044
0 0.595632 0.902214 0.078468 0.057461
0 0.754080 0.500355 0.061545 0.047246
0 0.680013 0.899954 0.069705 0.055951
0 0.553403 0.497585 0.054054 0.041927
0 0.667435 0.787096 0.060929 0.052135
0 0.764714 0.539411 0.058689 0.050241
0 0.601745 0.449736 0.060000 0.044173
0 0.730868 0.432171 0.057682 0.044889
0 0.545395 0.465091 0.052413 0.038190
0 0.373800 0.859951 0.063494 0.059108
0 0.688390 0.972679 0.082595 0.050072
0 0.623036 0.510745 0.054562 0.045658
0 0.740888 0.467376 0.059839 0.042591
0 0.823791 0.722640 0.060777 0.049980
0 0.624225 0.476449 0.045829 0.039590
0 0.384023 0.586149 0.061432 0.047181
0 0.385211 0.507002 0.049032 0.041257
0 0.803698 0.676042 0.066727 0.050911
0 0.587504 0.778180 0.085434 0.062363
0 0.387027 0.547467 0.065356 0.048529
0 0.689049 0.260742 0.050417 0.037695
0 0.724833 0.401126 0.055204 0.039583
0 0.825308 0.771016 0.069106 0.047878
0 0.605480 0.406325 0.056428 0.045540
0 0.720289 0.371546 0.054562 0.036947
0 0.715375 0.347035 0.055734 0.032533
0 0.878854 0.966468 0.072465 0.055475
0 0.699238 0.291497 0.043121 0.038594
0 0.579516 0.242067 0.046332 0.034733
0 0.588296 0.292637 0.043815 0.037630
0 0.581823 0.265133 0.042014 0.034147