0 0.841024 0.902152 0.081146 0.057337
0 0.397500 0.629535 0.061788 0.046686
0 0.571643 0.839671 0.073824 0.055267
0 0.553025 0.677214 0.072682 0.051289
0 0.661478 0.902132 0.061862 0.055228
0 0.559583 0.723984 0.069809 0.053516
0 0.651836 0.839574 0.072717 0.052975
0 0.840237 0.841823 0.085135 0.056901
0 0.397899 0.676064 0.063681 0.051165
0 0.642990 0.729681 0.073446 0.055456
0 0.564572 0.782660 0.070629 0.053301
0 0.402645 0.846146 0.064970 0.055938
0 0.693867 0.970645 0.078672 0.051315
0 0.577413 0.900273 0.070391 0.057422
0 0.400684 0.537536 0.059683 0.051074
0 0.216458 0.741878 0.038524 0.080189
0 0.399670 0.584980 0.065642 0.052018
0 0.784533 0.635394 0.068138 0.048366
0 0.650410 0.782546 0.076089 0.054727
0 0.777337 0.595622 0.069405 0.044538
0 0.867270 0.967412 0.086207 0.056921
0 0.586102 0.968708 0.062344 0.053757
0 0.396189 0.728695 0.079123 0.056595
0 0.808971 0.729144 0.061398 0.052285
0 0.824019 0.784648 0.076224 0.058307
0 0.618368 0.552288 0.054384 0.042988
0 0.740004 0.448991 0.052873 0.040807
0 0.624117 0.590303 0.057331 0.046165
0 0.549889 0.624867 0.059952 0.051530
0 0.800432 0.679385 0.078633 0.054759
0 0.552287 0.585156 0.053229 0.043633
0 0.617396 0.442354 0.055356 0.042520
0 0.580297 0.210498 0.041879 0.033327
0 0.748481 0.514876 0.064748 0.047982
0 0.611137 0.471257 0.054306 0.043802
0 0.728030 0.419535 0.055451 0.042363
0 0.633207 0.675566 0.069740 0.058971
0 0.721712 0.391217 0.057609 0.038099
0 0.714481 0.361413 0.049032 0.035638
0 0.389933 0.910996 0.096298 0.066354
0 0.627322 0.630895 0.062378 0.045710
0 0.399698 0.468057 0.058659 0.041452
0 0.407702 0.784076 0.061246 0.057604
0 0.743546 0.481891 0.062300 0.041309
0 0.397465 0.499958 0.062639 0.043522
0 0.760078 0.554619 0.064983 0.046868
0 0.612717 0.410433 0.042700 0.036973
0 0.604460 0.384590 0.052522 0.036979
0 0.612118 0.509323 0.056667 0.050169