0 0.355447 0.706082 0.072903 0.051724
0 0.356273 0.651678 0.071375 0.051439
0 0.775367 0.595648 0.063583 0.051072
0 0.359723 0.753399 0.054731 0.051544
0 0.359759 0.806011 0.073469 0.054589
0 0.762010 0.544527 0.063528 0.043787
0 0.724756 0.412403 0.053568 0.042461
0 0.640120 0.730944 0.063105 0.051642
0 0.745781 0.471152 0.064729 0.041962
0 0.751958 0.509946 0.065307 0.042777
0 0.785092 0.641297 0.065276 0.047599
0 0.803002 0.683730 0.057006 0.049785
0 0.636292 0.681871 0.060324 0.046890
0 0.625284 0.634563 0.062331 0.049529
0 0.692130 0.231982 0.039534 0.036384
0 0.602549 0.445083 0.055080 0.039530
0 0.700326 0.295798 0.050230 0.027218
0 0.712119 0.345843 0.050648 0.039719
0 0.541991 0.502951 0.051235 0.043462
0 0.651900 0.785580 0.076640 0.050737
0 0.620728 0.588573 0.056823 0.047075
0 0.707661 0.320781 0.048561 0.031512
0 0.554951 0.668333 0.059294 0.046357
0 0.717541 0.382058 0.058580 0.041803
0 0.655463 0.844638 0.065537 0.050598
0 0.808620 0.737067 0.066656 0.045403
0 0.370479 0.563479 0.065759 0.047880
0 0.849423 0.842573 0.082405 0.064152
0 0.551511 0.580683 0.063688 0.045950
0 0.591292 0.356628 0.048731 0.037906
0 0.569284 0.840139 0.073945 0.054694
0 0.407070 0.384723 0.059344 0.045400
0 0.619259 0.548967 0.055761 0.037630
0 0.564637 0.727557 0.066039 0.044457
0 0.612112 0.510198 0.057643 0.046532
0 0.400453 0.434780 0.058392 0.040839
0 0.588425 0.282097 0.036630 0.032285
0 0.401509 0.476212 0.053419 0.040064
0 0.371878 0.516276 0.064269 0.047576
0 0.380642 0.875601 0.080128 0.057592
0 0.551332 0.622696 0.060931 0.045072
0 0.540481 0.468700 0.054253 0.037560
0 0.581380 0.905649 0.072616 0.057592
0 0.670272 0.908779 0.061765 0.053836
0 0.585971 0.975135 0.081798 0.046324
0 0.588058 0.329102 0.039229 0.036308
0 0.583884 0.257737 0.040899 0.036308
0 0.585971 0.236453 0.035056 0.033804
0 0.581380 0.212665 0.047576 0.028796
0 0.575538 0.192633 0.042568 0.028796
0 0.832198 0.787335 0.060096 0.043820
0 0.855986 0.911909 0.069278 0.060096
0 0.865585 0.973157 0.081798 0.052384
0 0.608785 0.483270 0.058153 0.039773
0 0.670033 0.981124 0.063481 0.036449