0 0.801342 0.689259 0.079481 0.049645
0 0.816587 0.740277 0.071634 0.049216
0 0.354888 0.786336 0.078572 0.056427
0 0.792237 0.645463 0.058749 0.044626
0 0.774890 0.573840 0.056954 0.042974
0 0.747489 0.463400 0.059008 0.044370
0 0.742619 0.423927 0.056179 0.047859
0 0.822451 0.792529 0.069845 0.050506
0 0.849320 0.905170 0.071087 0.054614
0 0.844455 0.845865 0.087333 0.050704
0 0.763448 0.531486 0.055930 0.047839
0 0.353882 0.731978 0.056688 0.050169
0 0.712829 0.333592 0.055112 0.040280
0 0.572177 0.788457 0.081443 0.056003
0 0.757215 0.498935 0.054925 0.038454
0 0.699314 0.270838 0.050231 0.051324
0 0.615925 0.417844 0.051679 0.038860
0 0.732027 0.394263 0.056779 0.033689
0 0.377769 0.684652 0.066550 0.050963
0 0.634622 0.687050 0.054607 0.043572
0 0.690325 0.233363 0.042736 0.032816
0 0.628850 0.599663 0.065037 0.048722
0 0.866435 0.974264 0.085105 0.047085
0 0.595391 0.320841 0.051451 0.040734
0 0.643524 0.737057 0.061843 0.045929
0 0.570889 0.844745 0.068559 0.053473
0 0.578519 0.910612 0.069992 0.060006
0 0.593996 0.385736 0.044905 0.035822
0 0.618570 0.516364 0.058388 0.041514
0 0.721235 0.365306 0.041441 0.032735
0 0.401851 0.448148 0.057789 0.039864
0 0.620508 0.555140 0.060763 0.043692
0 0.415064 0.381566 0.058301 0.043580
0 0.700479 0.286533 0.048095 0.031300
0 0.556442 0.586530 0.062609 0.047018
0 0.566641 0.730419 0.067365 0.048850
0 0.652598 0.788472 0.063727 0.046095
0 0.566658 0.678436 0.068116 0.048420
0 0.591878 0.357021 0.043345 0.040282
0 0.561976 0.629592 0.059313 0.044656
0 0.383068 0.635192 0.069263 0.048818
0 0.402761 0.482472 0.052584 0.035056
0 0.397336 0.518780 0.063435 0.040064
0 0.390658 0.556966 0.065104 0.043820
0 0.388989 0.595152 0.050080 0.040064
0 0.378973 0.857447 0.080128 0.053836
0 0.550080 0.473708 0.056757 0.042568
0 0.549245 0.511268 0.051749 0.035056
0 0.553836 0.547576 0.064269 0.042568
0 0.581798 0.973257 0.081798 0.050080
0 0.675698 0.976913 0.084302 0.044872
0 0.666099 0.908153 0.058427 0.047576
0 0.654831 0.848057 0.067608 0.055088
0 0.631460 0.645232 0.047576 0.037560
0 0.613515 0.482472 0.051749 0.042568
0 0.608507 0.453676 0.058427 0.032552
0 0.591396 0.291541 0.037560 0.031300
0 0.582215 0.234575 0.040899 0.040064
0 0.710754 0.307818 0.054253 0.026292