0 0.380610 0.820508 0.080282 0.058984
0 0.764247 0.547246 0.065126 0.041641
0 0.396053 0.701823 0.072201 0.050195
0 0.391330 0.647660 0.069076 0.050879
0 0.563461 0.619590 0.063312 0.044570
0 0.576148 0.824141 0.070881 0.052474
0 0.844959 0.837191 0.079023 0.051634
0 0.389497 0.754691 0.074583 0.054980
0 0.399488 0.528958 0.047648 0.039896
0 0.405022 0.367031 0.058099 0.044857
0 0.574095 0.769648 0.075777 0.052083
0 0.601756 0.353418 0.052322 0.037096
0 0.755406 0.511130 0.064709 0.039264
0 0.788257 0.637777 0.072921 0.048600
0 0.389293 0.881211 0.065148 0.057409
0 0.774609 0.588122 0.071623 0.047207
0 0.852099 0.894268 0.072036 0.050671
0 0.540859 0.428665 0.061076 0.043021
0 0.567678 0.668239 0.060313 0.045098
0 0.556000 0.574616 0.060386 0.045000
0 0.728314 0.400205 0.053529 0.042194
0 0.636895 0.630199 0.062921 0.043249
0 0.659442 0.774170 0.074848 0.055996
0 0.855564 0.961224 0.085200 0.058984
0 0.571727 0.715199 0.061814 0.048379
0 0.625931 0.587773 0.060022 0.046172
0 0.624201 0.547904 0.060217 0.044557
0 0.583830 0.884941 0.069701 0.057435
0 0.717125 0.370286 0.051862 0.037956
0 0.617617 0.508613 0.057639 0.040482
0 0.593403 0.225729 0.044896 0.033945
0 0.797040 0.686100 0.057899 0.046654
0 0.807270 0.736839 0.066988 0.052012
0 0.655317 0.718792 0.059818 0.048158
0 0.601957 0.405410 0.050165 0.040495
0 0.643164 0.672715 0.066363 0.047422
0 0.657804 0.832643 0.074549 0.055286
0 0.745629 0.464687 0.056128 0.041081
0 0.611964 0.473333 0.055699 0.039336
0 0.607352 0.440091 0.054167 0.038464
0 0.596389 0.957087 0.091120 0.066361
0 0.552630 0.498356 0.059653 0.042194
0 0.667272 0.892555 0.061272 0.053965
0 0.550601 0.535781 0.049015 0.041237
0 0.708153 0.316426 0.053746 0.040625
0 0.676591 0.975765 0.062643 0.048470
0 0.682689 0.215609 0.045100 0.031556
0 0.742116 0.432194 0.046332 0.040781
0 0.602398 0.271172 0.052096 0.036107
0 0.545410 0.464876 0.049553 0.038685
0 0.701829 0.290537 0.047565 0.034121
0 0.692016 0.262324 0.038529 0.033255
0 0.684781 0.239167 0.048051 0.032591
0 0.600859 0.295850 0.048333 0.034408
0 0.602684 0.318340 0.040681 0.037448