0 0.210195 0.825661 0.092934 0.063223
0 0.309264 0.608451 0.072452 0.048477
0 0.194297 0.897028 0.093863 0.058405
0 0.762131 0.536800 0.063385 0.045020
0 0.641710 0.674655 0.072439 0.049388
0 0.803533 0.673812 0.077413 0.049863
0 0.381979 0.768626 0.077691 0.062005
0 0.754477 0.499613 0.059805 0.042012
0 0.776651 0.577663 0.068346 0.044271
0 0.659568 0.824919 0.079188 0.060579
0 0.224520 0.720648 0.068885 0.050319
0 0.543800 0.538258 0.064718 0.048757
0 0.861120 0.970645 0.074991 0.052995
0 0.213607 0.768018 0.065226 0.052389
0 0.666026 0.890046 0.065369 0.052435
0 0.630645 0.615055 0.065230 0.050189
0 0.582036 0.968395 0.087925 0.057754
0 0.558737 0.724886 0.069444 0.051556
0 0.732689 0.433232 0.057886 0.044811
0 0.678125 0.960277 0.081997 0.057272
0 0.388876 0.899619 0.078385 0.064928
0 0.391315 0.966006 0.074800 0.060514
0 0.381169 0.714101 0.077729 0.058739
0 0.846890 0.902907 0.072956 0.053783
0 0.640747 0.721927 0.074844 0.057474
0 0.602617 0.399421 0.055009 0.042005
0 0.651619 0.775052 0.058021 0.048633
0 0.812567 0.730469 0.062062 0.052839
0 0.398941 0.414310 0.053984 0.039323
0 0.379073 0.574212 0.073633 0.059167
0 0.540829 0.499193 0.058637 0.044622
0 0.575595 0.771735 0.074071 0.055684
0 0.577671 0.895449 0.071680 0.056406
0 0.550662 0.622126 0.066280 0.055007
0 0.381717 0.533333 0.069362 0.045521
0 0.558626 0.677194 0.070187 0.052214
0 0.602552 0.432116 0.055069 0.041693
0 0.606918 0.494714 0.057127 0.044987
0 0.380740 0.623916 0.064319 0.053236
0 0.830163 0.834557 0.064848 0.049753
0 0.619748 0.569557 0.055608 0.049479
0 0.393622 0.450290 0.050213 0.043184
0 0.537177 0.464622 0.048850 0.039479
0 0.784481 0.617682 0.058806 0.049805
0 0.387852 0.487259 0.049062 0.045469
0 0.722192 0.398929 0.056319 0.041816
0 0.825447 0.778490 0.069280 0.053151
0 0.712941 0.369857 0.052435 0.036198
0 0.609360 0.532923 0.060916 0.047487
0 0.702394 0.313633 0.048485 0.035625
0 0.386721 0.839245 0.068702 0.060378
0 0.671973 0.212201 0.049371 0.037331
0 0.708830 0.342900 0.054857 0.036243
0 0.537552 0.429941 0.055720 0.042070
0 0.536369 0.375023 0.042426 0.045866
0 0.587072 0.283333 0.049631 0.037409
0 0.691608 0.286510 0.045204 0.035638
0 0.594106 0.334209 0.055191 0.040462
0 0.686510 0.263910 0.050894 0.030280
0 0.589323 0.355544 0.042300 0.040970
0 0.591306 0.307865 0.052899 0.036758
0 0.678967 0.237809 0.041632 0.035358