0 0.768583 0.499570 0.063190 0.042930
0 0.791434 0.583337 0.059431 0.043444
0 0.403908 0.792917 0.078199 0.059193
0 0.405911 0.857025 0.074201 0.059492
0 0.532622 0.379600 0.052109 0.039642
0 0.406354 0.735163 0.078368 0.056849
0 0.595686 0.974036 0.087049 0.047005
0 0.832639 0.779287 0.082743 0.053926
0 0.781378 0.537858 0.060699 0.046172
0 0.816769 0.724880 0.069666 0.051061
0 0.679835 0.971563 0.073099 0.052969
0 0.571510 0.735583 0.068264 0.051582
0 0.396144 0.637907 0.070951 0.049134
0 0.573008 0.789359 0.064062 0.054017
0 0.757719 0.461771 0.060490 0.044870
0 0.580770 0.854990 0.072053 0.057493
0 0.657977 0.905339 0.060087 0.053997
0 0.578262 0.914551 0.070621 0.061276
0 0.853524 0.901169 0.072387 0.053913
0 0.807491 0.674466 0.073012 0.052500
0 0.549599 0.617109 0.065985 0.052461
0 0.844082 0.840153 0.065195 0.052246
0 0.873529 0.966276 0.082031 0.061940
0 0.406875 0.513835 0.047005 0.041562
0 0.402240 0.922464 0.063941 0.058822
0 0.652769 0.786725 0.073819 0.057135
0 0.534907 0.460658 0.043364 0.040208
0 0.407535 0.595876 0.070312 0.047858
0 0.561454 0.674189 0.070686 0.055046
0 0.404844 0.553314 0.052648 0.043828
0 0.545004 0.575872 0.060486 0.045143
0 0.658921 0.847686 0.058086 0.052480
0 0.551717 0.535400 0.061871 0.045332
0 0.723134 0.363294 0.054418 0.036940
0 0.647116 0.731445 0.063060 0.051029
0 0.616610 0.545358 0.058151 0.046693
0 0.744275 0.424551 0.060981 0.043099
0 0.803830 0.630833 0.062096 0.048034
0 0.625916 0.593796 0.058359 0.044440
0 0.635996 0.634505 0.059727 0.049427
0 0.399169 0.682952 0.056463 0.048704
0 0.541927 0.496113 0.051085 0.040846
0 0.608433 0.505592 0.062300 0.043229
0 0.596202 0.404665 0.056901 0.039941
0 0.637101 0.679681 0.064401 0.051953
0 0.728494 0.394245 0.053906 0.035456
0 0.609881 0.468232 0.056480 0.041230
0 0.706309 0.309961 0.055187 0.037526
0 0.598236 0.369020 0.043008 0.042702
0 0.601556 0.434935 0.052409 0.038737
0 0.417051 0.428389 0.060621 0.045176
0 0.590195 0.302549 0.049210 0.035905
0 0.692027 0.264717 0.047925 0.034707
0 0.593205 0.333232 0.051602 0.039434
0 0.712493 0.335501 0.045334 0.035052
0 0.579460 0.247933 0.043155 0.031530
0 0.691500 0.238457 0.040126 0.031771
0 0.588140 0.272005 0.038798 0.035612
0 0.699141 0.285846 0.047439 0.027656