0 0.827008 0.720662 0.080057 0.053184
0 0.812289 0.668739 0.071307 0.058570
0 0.595736 0.271509 0.048912 0.040064
0 0.834558 0.784997 0.069353 0.055744
0 0.621694 0.626030 0.061822 0.050611
0 0.612282 0.526425 0.064073 0.046263
0 0.783376 0.567838 0.062084 0.049248
0 0.683827 0.208995 0.044132 0.030710
0 0.840716 0.842387 0.070242 0.050636
0 0.617803 0.571444 0.062900 0.050187
0 0.766648 0.526725 0.064020 0.048617
0 0.796585 0.615885 0.066037 0.056282
0 0.384204 0.769959 0.079986 0.059303
0 0.858424 0.901595 0.069750 0.051006
0 0.623277 0.674600 0.061271 0.054054
0 0.869815 0.964581 0.090501 0.063891
0 0.639345 0.785650 0.070497 0.049522
0 0.378358 0.834471 0.060739 0.050879
0 0.628627 0.724246 0.065789 0.052485
0 0.651719 0.848049 0.058241 0.050216
0 0.386400 0.721005 0.054232 0.045655
0 0.556228 0.715933 0.068727 0.045510
0 0.545214 0.661442 0.068011 0.046376
0 0.575869 0.972472 0.088856 0.050002
0 0.559819 0.780595 0.074156 0.051061
0 0.716848 0.354625 0.049998 0.038457
0 0.663505 0.971281 0.062613 0.051287
0 0.654311 0.913047 0.058189 0.048325
0 0.569201 0.836785 0.067851 0.050377
0 0.578459 0.908779 0.066774 0.057592
0 0.593066 0.238331 0.037560 0.036308