0 0.677572 0.967646 0.076593 0.056712
0 0.397530 0.633219 0.071424 0.050215
0 0.557114 0.673662 0.069132 0.049564
0 0.401157 0.587461 0.065751 0.049401
0 0.631756 0.630661 0.073390 0.049759
0 0.568921 0.835335 0.075464 0.057090
0 0.738657 0.450238 0.056037 0.039512
0 0.787773 0.634046 0.079349 0.047663
0 0.855805 0.967490 0.089388 0.057103
0 0.400560 0.846156 0.065929 0.055098
0 0.664373 0.899818 0.079293 0.056823
0 0.394308 0.784092 0.070152 0.055762
0 0.565154 0.721686 0.060438 0.054987
0 0.797235 0.677070 0.076892 0.048242
0 0.809607 0.726003 0.067895 0.053112
0 0.530069 0.508457 0.065920 0.049010
0 0.392650 0.679355 0.054709 0.048607
0 0.762786 0.552998 0.069097 0.048900
0 0.532405 0.439538 0.055460 0.042057
0 0.393483 0.726543 0.060308 0.054544
0 0.754403 0.516393 0.060473 0.041719
0 0.416387 0.377067 0.059232 0.047155
0 0.574355 0.897419 0.080612 0.068132
0 0.580050 0.967669 0.087773 0.059245
0 0.632951 0.676048 0.063273 0.051224
0 0.549334 0.588770 0.068381 0.050260
0 0.642899 0.729622 0.055191 0.050026
0 0.565480 0.776087 0.058650 0.055326
0 0.844796 0.897458 0.081649 0.063522
0 0.725438 0.387835 0.051823 0.042624
0 0.817036 0.776136 0.070859 0.054056
0 0.648650 0.784160 0.069878 0.058945
0 0.533754 0.377803 0.050608 0.043288
0 0.834384 0.835189 0.075729 0.055937
0 0.610026 0.542721 0.069774 0.053203
0 0.606194 0.505368 0.063663 0.044642
0 0.541432 0.474362 0.063750 0.040013
0 0.690883 0.240798 0.040690 0.036139
0 0.539501 0.548154 0.050530 0.044551