0 0.388321 0.730406 0.073195 0.057547
0 0.786805 0.645313 0.069582 0.051563
0 0.776864 0.603725 0.068235 0.048478
0 0.514884 0.388921 0.056039 0.040809
0 0.748186 0.484510 0.064014 0.043500
0 0.392451 0.678629 0.069901 0.052431
0 0.394519 0.848157 0.084511 0.062399
0 0.654859 0.798882 0.078524 0.059592
0 0.758160 0.523167 0.059601 0.046333
0 0.829933 0.799205 0.076283 0.050690
0 0.653284 0.743292 0.059039 0.055459
0 0.650754 0.696041 0.069830 0.054198
0 0.395898 0.781811 0.058540 0.050022
0 0.772499 0.561005 0.056373 0.049988
0 0.801395 0.691236 0.059795 0.045868
0 0.576783 0.737946 0.078646 0.057539
0 0.844667 0.854976 0.070762 0.051186
0 0.577327 0.639510 0.069709 0.047173
0 0.737640 0.448418 0.066292 0.043069
0 0.602501 0.330399 0.049184 0.039309
0 0.660017 0.859883 0.060720 0.052459
0 0.400612 0.545414 0.057952 0.044893
0 0.585368 0.855274 0.073273 0.054998
0 0.400624 0.471744 0.051997 0.040789
0 0.398843 0.586205 0.070249 0.049441
0 0.715778 0.350529 0.059690 0.039298
0 0.725691 0.381980 0.057941 0.043696
0 0.629162 0.565235 0.060441 0.044782
0 0.808737 0.736834 0.073188 0.058521
0 0.637061 0.607493 0.058941 0.047526
0 0.393482 0.631302 0.069277 0.051545
0 0.731916 0.414661 0.061893 0.043288
0 0.669695 0.924233 0.071815 0.061893
0 0.396313 0.421498 0.057133 0.048324
0 0.576491 0.786308 0.067259 0.050768
0 0.861093 0.924796 0.075585 0.062906
0 0.511674 0.458341 0.051124 0.050311
0 0.648418 0.650085 0.058958 0.045949
0 0.582780 0.916463 0.076876 0.053888
0 0.573484 0.684140 0.059086 0.050567
0 0.693235 0.250860 0.047855 0.036238
0 0.403110 0.505271 0.044793 0.040936
0 0.383564 0.918169 0.084302 0.065104
0 0.575538 0.595152 0.062600 0.047576
0 0.565939 0.561974 0.071782 0.043820
0 0.561765 0.522536 0.058427 0.042568
0 0.628956 0.523162 0.052584 0.043820
0 0.621862 0.488106 0.061765 0.041316
0 0.616436 0.452424 0.057592 0.037560
0 0.613098 0.417368 0.055923 0.040064
0 0.604334 0.385442 0.056757 0.041316
0 0.601412 0.301557 0.039229 0.038812
0 0.594735 0.277143 0.039229 0.032552
0 0.871845 0.974509 0.085971 0.045072