0 0.569336 0.901722 0.085747 0.061230
0 0.399748 0.630098 0.070694 0.054414
0 0.566678 0.837715 0.074362 0.054362
0 0.386035 0.790820 0.085586 0.065169
0 0.841970 0.892936 0.083733 0.058711
0 0.667654 0.966686 0.083398 0.060013
0 0.401905 0.585068 0.069896 0.049889
0 0.579397 0.968678 0.088984 0.056081
0 0.758796 0.554271 0.066202 0.042500
0 0.790935 0.632848 0.064423 0.049954
0 0.628411 0.631292 0.062700 0.045840
0 0.643839 0.781423 0.076254 0.056543
0 0.853092 0.965254 0.087088 0.062344
0 0.551984 0.631357 0.058976 0.047480
0 0.802587 0.680247 0.082040 0.054167
0 0.811782 0.727012 0.075638 0.053125
0 0.397582 0.680117 0.055052 0.048737
0 0.562821 0.777005 0.076606 0.054128
0 0.757433 0.515068 0.062687 0.045098
0 0.553192 0.587451 0.058095 0.043822
0 0.640091 0.681442 0.053715 0.043652
0 0.619792 0.587048 0.057413 0.044733
0 0.747105 0.481143 0.063620 0.040137
0 0.615512 0.547594 0.059019 0.045280
0 0.643247 0.728893 0.064948 0.051237
0 0.406664 0.543587 0.068008 0.046016
0 0.824468 0.775706 0.068138 0.053431
0 0.561467 0.725264 0.071502 0.050020
0 0.659727 0.899049 0.068333 0.061302
0 0.391467 0.728851 0.059618 0.052949
0 0.691050 0.237969 0.039766 0.035339
0 0.778362 0.590885 0.056280 0.047188
0 0.741272 0.449206 0.064054 0.038737
0 0.613917 0.509811 0.057878 0.042773
0 0.605178 0.444730 0.060113 0.040462
0 0.593633 0.352816 0.052083 0.038366
0 0.375681 0.926488 0.089141 0.061022
0 0.656159 0.837210 0.071024 0.056986
0 0.404996 0.505618 0.048811 0.041823
0 0.544976 0.547113 0.055256 0.043118
0 0.834453 0.834482 0.079236 0.052676
0 0.558160 0.678499 0.069297 0.049954
0 0.599503 0.410550 0.057253 0.041751
0 0.613587 0.476370 0.060803 0.040540
0 0.381285 0.856882 0.066554 0.061263
0 0.593275 0.300928 0.042105 0.041009
0 0.591102 0.274430 0.040642 0.036582
0 0.592257 0.384242 0.051450 0.036126