0 0.395130 0.659603 0.070998 0.060911
0 0.395039 0.772360 0.072283 0.057298
0 0.409084 0.894557 0.077066 0.059883
0 0.583407 0.967314 0.086424 0.057832
0 0.655237 0.782324 0.077747 0.052799
0 0.400169 0.573340 0.065677 0.050443
0 0.830679 0.840013 0.079015 0.050977
0 0.396224 0.713584 0.053134 0.049863
0 0.814082 0.782406 0.071046 0.054043
0 0.393702 0.830872 0.071788 0.055117
0 0.398906 0.968623 0.081016 0.059824
0 0.558331 0.666328 0.072270 0.049753
0 0.403848 0.491074 0.058520 0.044453
0 0.399709 0.616533 0.067847 0.046764
0 0.405187 0.376396 0.058247 0.044434
0 0.574449 0.770238 0.084323 0.062975
0 0.219099 0.682419 0.055820 0.149551
0 0.656315 0.843431 0.074123 0.056536
0 0.642682 0.719606 0.073924 0.052194
0 0.540942 0.463861 0.052595 0.039362
0 0.572578 0.898018 0.074974 0.054329
0 0.638457 0.669193 0.068763 0.052513
0 0.545864 0.538483 0.056024 0.044219
0 0.765855 0.555270 0.067483 0.047090
0 0.553283 0.579043 0.064223 0.046367
0 0.660714 0.900807 0.063277 0.057292
0 0.799928 0.683822 0.068780 0.053281
0 0.554681 0.622708 0.066523 0.049336
0 0.792797 0.634889 0.075881 0.053633
0 0.402125 0.529574 0.050725 0.043132
0 0.845232 0.905160 0.074076 0.054798
0 0.405373 0.453415 0.049844 0.040879
0 0.613370 0.536449 0.057044 0.043874
0 0.583500 0.365658 0.054345 0.044779
0 0.667595 0.967699 0.061814 0.052194
0 0.740992 0.451484 0.059223 0.046380
0 0.544360 0.500999 0.049484 0.040658
0 0.571491 0.833138 0.073442 0.058555
0 0.609104 0.496569 0.052287 0.045391
0 0.812394 0.729808 0.062357 0.053561
0 0.629924 0.618125 0.053919 0.049779
0 0.404596 0.417148 0.043281 0.039206
0 0.562862 0.713503 0.077418 0.057187
0 0.859043 0.960010 0.067695 0.054642
0 0.754351 0.512233 0.057461 0.046602
0 0.624928 0.576562 0.058207 0.047096
0 0.731293 0.418027 0.057517 0.041576
0 0.596458 0.326745 0.042500 0.039701
0 0.721706 0.390736 0.055234 0.037448
0 0.590069 0.401921 0.055104 0.040156
0 0.603433 0.464020 0.046155 0.040293
0 0.706465 0.310443 0.043624 0.033581
0 0.676806 0.217109 0.045712 0.032982
0 0.685816 0.242842 0.049219 0.033262
0 0.590115 0.232236 0.046636 0.034512
0 0.597070 0.433864 0.052917 0.041790
0 0.590497 0.254479 0.045109 0.032435
0 0.720942 0.360716 0.047847 0.037044
0 0.703247 0.285570 0.045399 0.034212
0 0.578045 0.204782 0.036124 0.033444
0 0.595679 0.302376 0.041845 0.033398
0 0.596819 0.279121 0.044991 0.031849
0 0.714143 0.339160 0.045803 0.032656