0 0.653943 0.781787 0.074727 0.053913
0 0.387268 0.843587 0.072878 0.057266
0 0.855538 0.960690 0.083073 0.059258
0 0.781619 0.634255 0.061866 0.048066
0 0.805545 0.730062 0.068763 0.047650
0 0.616523 0.551624 0.053785 0.042598
0 0.644108 0.725322 0.062044 0.047311
0 0.748583 0.515107 0.066775 0.043757
0 0.393440 0.675003 0.066628 0.052103
0 0.845898 0.896634 0.074687 0.054935
0 0.766901 0.589746 0.067387 0.046628
0 0.818414 0.776318 0.062174 0.053079
0 0.737849 0.449951 0.051246 0.038874
0 0.622300 0.590400 0.049089 0.040684
0 0.823639 0.834749 0.069562 0.048040
0 0.570095 0.831260 0.079210 0.052715
0 0.791654 0.681162 0.065321 0.048913
0 0.580221 0.970374 0.090764 0.054915
0 0.611317 0.511914 0.062357 0.044935
0 0.669915 0.966182 0.084614 0.061608
0 0.418088 0.379134 0.060968 0.048789
0 0.631113 0.634085 0.064327 0.051009
0 0.664698 0.897777 0.063954 0.055293
0 0.695486 0.285072 0.045582 0.039674
0 0.690460 0.241035 0.040286 0.040260