0 0.376788 0.777881 0.076050 0.056022
0 0.364340 0.839199 0.089575 0.069076
0 0.792326 0.645879 0.070495 0.047917
0 0.599063 0.355667 0.052240 0.036413
0 0.380265 0.716022 0.057856 0.051758
0 0.838637 0.839121 0.069670 0.049102
0 0.365401 0.972806 0.082244 0.050977
0 0.779996 0.602565 0.066623 0.047760
0 0.381901 0.583271 0.065391 0.046465
0 0.381055 0.625192 0.052161 0.045540
0 0.548381 0.537686 0.059280 0.043743
0 0.295951 0.545326 0.029479 0.059622
0 0.404575 0.370270 0.058151 0.046543
0 0.538765 0.463249 0.051020 0.041081
0 0.823796 0.780983 0.076376 0.050195
0 0.586382 0.970758 0.085256 0.056022
0 0.557049 0.673092 0.068828 0.049102
0 0.630035 0.638044 0.056693 0.044225
0 0.617891 0.555967 0.060347 0.048079
0 0.387348 0.431816 0.061502 0.043919
0 0.603839 0.477835 0.062496 0.044316
0 0.726873 0.408216 0.055178 0.041654
0 0.854633 0.893643 0.064640 0.049928
0 0.554145 0.580221 0.061615 0.042839
0 0.768678 0.559001 0.065004 0.053730
0 0.571356 0.786335 0.076003 0.051458
0 0.658251 0.778128 0.077717 0.057298
0 0.880983 0.964567 0.090699 0.061126
0 0.745078 0.475195 0.062370 0.042122
0 0.658151 0.843737 0.077700 0.056445
0 0.387385 0.542435 0.064466 0.045977
0 0.709657 0.322575 0.052396 0.034212
0 0.580326 0.901556 0.070625 0.059049
0 0.632567 0.684964 0.065161 0.052077
0 0.573283 0.838678 0.070838 0.054961
0 0.627661 0.597539 0.057309 0.043060
0 0.806782 0.733685 0.060395 0.049648
0 0.667717 0.975003 0.061936 0.048835
0 0.613058 0.518395 0.056914 0.043327
0 0.565226 0.723773 0.056944 0.051751
0 0.548388 0.501813 0.047643 0.040137
0 0.736664 0.439466 0.046819 0.039505
0 0.605864 0.412507 0.053976 0.040247
0 0.666241 0.902327 0.061649 0.055059
0 0.756026 0.514049 0.059475 0.043477
0 0.792695 0.692048 0.067205 0.048926
0 0.541840 0.366126 0.040686 0.036797
0 0.558672 0.623366 0.053533 0.048203
0 0.538943 0.427523 0.060890 0.043171
0 0.384336 0.468766 0.058611 0.041999
0 0.382604 0.502822 0.059332 0.045124
0 0.696855 0.285758 0.042261 0.039069
0 0.607454 0.315127 0.039232 0.034993
0 0.689069 0.254613 0.050256 0.036569
0 0.720184 0.351868 0.056567 0.036745
0 0.604410 0.442780 0.050434 0.042721
0 0.543741 0.396882 0.055035 0.038034
0 0.681890 0.209395 0.048477 0.031029
0 0.599681 0.291982 0.048503 0.033379
0 0.598032 0.265742 0.041793 0.032057
0 0.726793 0.379616 0.045286 0.037617
0 0.686612 0.233411 0.044891 0.028659