0 0.740349 0.466624 0.058575 0.043294
0 0.732241 0.433195 0.057197 0.038803
0 0.684852 0.234902 0.054200 0.036906
0 0.837765 0.833535 0.081727 0.052578
0 0.550072 0.517081 0.061486 0.043109
0 0.407318 0.742888 0.056441 0.051006
0 0.409251 0.694555 0.070075 0.050096
0 0.401103 0.802621 0.076725 0.058571
0 0.851707 0.905814 0.070735 0.054759
0 0.709520 0.336054 0.044529 0.043634
0 0.412710 0.405818 0.057203 0.050030
0 0.604505 0.411171 0.047847 0.038594
0 0.394363 0.859900 0.063292 0.056951
0 0.648773 0.809332 0.060500 0.057417
0 0.793262 0.673322 0.065684 0.052243
0 0.801078 0.720577 0.074938 0.055001
0 0.415137 0.513061 0.066243 0.051876
0 0.587738 0.933507 0.070372 0.053473
0 0.756977 0.500289 0.047376 0.038928
0 0.419238 0.475388 0.056337 0.044973
0 0.782214 0.627276 0.064680 0.045465
0 0.553098 0.644734 0.064245 0.046613
0 0.547606 0.553158 0.059573 0.042035
0 0.412796 0.563446 0.058647 0.043461
0 0.388201 0.921747 0.065011 0.060452
0 0.861851 0.972789 0.086805 0.050089
0 0.547282 0.470129 0.059768 0.045107
0 0.418687 0.437891 0.042378 0.040299
0 0.697983 0.310456 0.043737 0.038543
0 0.409763 0.646406 0.068881 0.048400
0 0.668418 0.925613 0.063064 0.062736
0 0.547501 0.600842 0.061268 0.046858
0 0.756950 0.534218 0.059135 0.036251
0 0.701492 0.287153 0.052744 0.035068
0 0.624067 0.645934 0.063179 0.048558
0 0.766259 0.575746 0.061765 0.048828
0 0.596657 0.375717 0.040264 0.038412
0 0.409915 0.603923 0.052016 0.041584
0 0.608290 0.450642 0.055522 0.041123
0 0.657981 0.867443 0.058884 0.053876
0 0.604595 0.341257 0.041210 0.042046
0 0.646145 0.751922 0.064947 0.057054
0 0.824617 0.773581 0.082360 0.053708
0 0.565555 0.756882 0.064919 0.050638
0 0.617473 0.557238 0.058857 0.048285
0 0.541467 0.406139 0.052900 0.037745
0 0.585099 0.872808 0.071375 0.052592
0 0.597239 0.984425 0.089310 0.029848
0 0.573451 0.816757 0.058427 0.050080
0 0.558844 0.702199 0.067608 0.051332
0 0.542985 0.440530 0.055923 0.036308
0 0.676532 0.983173 0.060931 0.032352
0 0.635216 0.694060 0.056757 0.052584
0 0.621027 0.600160 0.070112 0.050080
0 0.613098 0.517528 0.055923 0.042568
0 0.614350 0.484976 0.060096 0.040064
0 0.599326 0.312200 0.045072 0.032552
0 0.732038 0.405474 0.048411 0.038812
0 0.727447 0.379808 0.057592 0.037560
0 0.687800 0.260241 0.050080 0.033804