0 0.376556 0.831988 0.068303 0.057222
0 0.375694 0.714764 0.077025 0.055707
0 0.382535 0.770728 0.068528 0.054187
0 0.402855 0.615977 0.068653 0.057319
0 0.798533 0.665893 0.058107 0.044500
0 0.770014 0.580727 0.061940 0.047717
0 0.822864 0.767027 0.081998 0.054365
0 0.759474 0.540500 0.070359 0.042083
0 0.565067 0.769302 0.071506 0.054404
0 0.833358 0.825655 0.071618 0.059906
0 0.775779 0.624599 0.067282 0.045929
0 0.555778 0.660428 0.066471 0.051256
0 0.378368 0.663163 0.052100 0.050250
0 0.628070 0.665647 0.056539 0.051649
0 0.565752 0.826761 0.080385 0.056973
0 0.806253 0.717206 0.060249 0.047977
0 0.646379 0.771349 0.062157 0.051078
0 0.752397 0.504260 0.063850 0.042343
0 0.746624 0.469239 0.060609 0.039296
0 0.681119 0.229972 0.047401 0.034739
0 0.546820 0.573937 0.065580 0.048422
0 0.408704 0.425965 0.062632 0.041067
0 0.410365 0.362181 0.056944 0.044421
0 0.547313 0.616666 0.066425 0.049045
0 0.377907 0.891370 0.100386 0.068027
0 0.407249 0.534836 0.061926 0.049451
0 0.403707 0.457343 0.055955 0.046528
0 0.601942 0.496000 0.064752 0.045839
0 0.730056 0.404511 0.056732 0.038662
0 0.652157 0.885269 0.059760 0.051696
0 0.737813 0.434590 0.057761 0.038620
0 0.403116 0.496417 0.061835 0.045200
0 0.610068 0.457957 0.056560 0.043171
0 0.586522 0.356514 0.052852 0.036045
0 0.718136 0.370000 0.057153 0.038302
0 0.401486 0.569693 0.051790 0.044556
0 0.637695 0.711961 0.070846 0.047129
0 0.619457 0.614284 0.073251 0.048280
0 0.608640 0.535643 0.052960 0.045624
0 0.847066 0.882608 0.074508 0.049632
0 0.539151 0.533559 0.049119 0.044285
0 0.417198 0.305651 0.038764 0.036401
0 0.649243 0.826603 0.056520 0.046659
0 0.507907 0.427426 0.053162 0.053119
0 0.594561 0.422108 0.057941 0.044536
0 0.709919 0.347256 0.047576 0.035056
0 0.534302 0.497295 0.058587 0.034654
0 0.855728 0.961231 0.081075 0.060289
0 0.559292 0.710254 0.071842 0.057757
0 0.574851 0.880129 0.071274 0.052885
0 0.577837 0.949256 0.080986 0.058709
0 0.666245 0.958900 0.082367 0.058508
0 0.590478 0.395219 0.054420 0.041793
0 0.538812 0.463692 0.054253 0.040064
0 0.585554 0.330980 0.054253 0.045072
0 0.616436 0.575746 0.065939 0.043820
0 0.707415 0.322216 0.055923 0.030048