0 0.569123 0.902497 0.085356 0.061895
0 0.642624 0.781865 0.074518 0.054199
0 0.643060 0.728682 0.060408 0.049095
0 0.667873 0.967852 0.084227 0.056471
0 0.790673 0.634023 0.062300 0.050234
0 0.399182 0.632692 0.068511 0.052207
0 0.803824 0.679863 0.080495 0.050000
0 0.566970 0.839844 0.074991 0.058151
0 0.627276 0.633070 0.059891 0.047012
0 0.395181 0.728233 0.080601 0.054823
0 0.747248 0.483639 0.064167 0.041302
0 0.620527 0.588968 0.054596 0.044811
0 0.639486 0.681383 0.051489 0.045658
0 0.579271 0.968773 0.086424 0.056543
0 0.853316 0.967604 0.084722 0.057773
0 0.811252 0.726751 0.071645 0.051901
0 0.826890 0.777786 0.069579 0.049714
0 0.843906 0.894395 0.087465 0.063099
0 0.381000 0.788125 0.060317 0.060065
0 0.833192 0.832982 0.072539 0.055065
0 0.659310 0.898617 0.067005 0.058978
0 0.691211 0.240475 0.039826 0.034922
0 0.378735 0.856634 0.062079 0.056901