0 0.569599 0.902813 0.085959 0.061953
0 0.400226 0.632373 0.070625 0.054746
0 0.567504 0.839242 0.075408 0.054967
0 0.667676 0.966917 0.083876 0.058926
0 0.386272 0.792917 0.086146 0.066276
0 0.841940 0.894619 0.083420 0.058704
0 0.552598 0.632715 0.059761 0.047174
0 0.644709 0.782064 0.077786 0.055768
0 0.579470 0.969365 0.086641 0.054577
0 0.758314 0.554850 0.065091 0.042331
0 0.853073 0.966130 0.085165 0.060996
0 0.402001 0.586986 0.070174 0.050820
0 0.791528 0.633529 0.063524 0.049609
0 0.716181 0.360557 0.059540 0.037741
0 0.553364 0.588633 0.058056 0.044427
0 0.812192 0.728255 0.073568 0.051875
0 0.803338 0.679801 0.082144 0.051725
0 0.397376 0.681436 0.054136 0.049499
0 0.757745 0.515791 0.063077 0.046960
0 0.641673 0.682275 0.055638 0.046413
0 0.562344 0.777604 0.075139 0.053060
0 0.824742 0.777663 0.069345 0.051849
0 0.621109 0.588646 0.059397 0.046706
0 0.643032 0.730117 0.064779 0.052201
0 0.746979 0.481803 0.063932 0.039870
0 0.628040 0.633112 0.061845 0.047552
0 0.778464 0.591214 0.054375 0.044681
0 0.615942 0.548092 0.059375 0.045781
0 0.831719 0.835820 0.069583 0.055742
0 0.655634 0.839066 0.070668 0.056738
0 0.728869 0.418258 0.056194 0.038079
0 0.561829 0.726149 0.071949 0.049603
0 0.545119 0.547630 0.055161 0.043906
0 0.659833 0.899206 0.067999 0.057773
0 0.741066 0.449941 0.064770 0.040339
0 0.406265 0.545264 0.068893 0.047025
0 0.704351 0.309850 0.051593 0.040937
0 0.614178 0.510905 0.058095 0.043620
0 0.605297 0.446022 0.060699 0.041250
0 0.691404 0.239020 0.040404 0.036855
0 0.558359 0.679421 0.069097 0.050625
0 0.393084 0.731696 0.060716 0.053887
0 0.404967 0.506253 0.049258 0.042689
0 0.592383 0.385661 0.053021 0.037832
0 0.380336 0.858743 0.067218 0.066016
0 0.599531 0.412142 0.055955 0.041563
0 0.593646 0.354248 0.051493 0.040254
0 0.378240 0.930391 0.091411 0.068385
0 0.613142 0.478258 0.061198 0.040579
0 0.597320 0.300303 0.042001 0.034434
0 0.591029 0.274206 0.039392 0.034271
0 0.590883 0.325469 0.042452 0.035898