0 0.392859 0.784745 0.074255 0.057787
0 0.384305 0.845622 0.079107 0.062463
0 0.390188 0.912162 0.078938 0.061359
0 0.831249 0.794481 0.076128 0.051028
0 0.391831 0.682253 0.067327 0.052130
0 0.400939 0.732870 0.058162 0.047873
0 0.587640 0.850561 0.073451 0.052584
0 0.575955 0.787335 0.060096 0.053836
0 0.800870 0.687657 0.069222 0.045360
0 0.587223 0.914413 0.077624 0.060096
0 0.815505 0.739133 0.056757 0.052584
0 0.767458 0.545612 0.065832 0.038983
0 0.855216 0.910520 0.069148 0.055362
0 0.790545 0.640087 0.061926 0.045347
0 0.699730 0.313603 0.051262 0.035358
0 0.694867 0.266968 0.049302 0.035374
0 0.397929 0.634602 0.067256 0.048805
0 0.399781 0.556625 0.068470 0.041413
0 0.397465 0.592845 0.049414 0.039203
0 0.600095 0.976973 0.085267 0.039985
0 0.756308 0.510116 0.065234 0.042369
0 0.604419 0.289323 0.043231 0.033234
0 0.778779 0.590144 0.073451 0.050080
0 0.845035 0.847602 0.062802 0.055998
0 0.400492 0.391776 0.060979 0.045659
0 0.526334 0.404038 0.055193 0.040120
0 0.749983 0.470578 0.067608 0.046324
0 0.395666 0.439278 0.043403 0.038812
0 0.395249 0.476212 0.062600 0.045072
0 0.394414 0.513146 0.065939 0.041316
0 0.688218 0.975761 0.080963 0.045072
0 0.671942 0.914413 0.068443 0.055088
0 0.666099 0.854317 0.073451 0.055088
0 0.646902 0.797351 0.061765 0.051332
0 0.636051 0.746645 0.056757 0.047576
0 0.567191 0.729117 0.050915 0.050080
0 0.628122 0.694060 0.057592 0.047576
0 0.555088 0.676532 0.058427 0.050080
0 0.624783 0.642728 0.064269 0.050080
0 0.553001 0.632086 0.060931 0.043820
0 0.542151 0.589518 0.065939 0.046324
0 0.615184 0.596404 0.058427 0.047576
0 0.610176 0.558218 0.056757 0.041316
0 0.538395 0.547576 0.056757 0.040064
0 0.607672 0.518154 0.056757 0.041316
0 0.543403 0.508764 0.065104 0.045072
0 0.603082 0.480594 0.055923 0.041316
0 0.539647 0.471830 0.049245 0.031300
0 0.597239 0.442408 0.044237 0.037560
0 0.540064 0.439904 0.055088 0.040064
0 0.605586 0.417994 0.055923 0.041316
0 0.586388 0.382938 0.054253 0.041316
0 0.604334 0.354768 0.045072 0.037560
0 0.602247 0.312826 0.042568 0.038812
0 0.584302 0.172601 0.041733 0.036308
0 0.696147 0.290289 0.048411 0.033804
0 0.719101 0.362906 0.055923 0.041316
0 0.725778 0.396710 0.059261 0.036308
0 0.731203 0.431140 0.056757 0.040064
0 0.878940 0.975035 0.075120 0.048628