0 0.566686 0.840439 0.074240 0.054121
0 0.643069 0.783812 0.074557 0.054733
0 0.804180 0.682360 0.080729 0.050059
0 0.668776 0.968799 0.082925 0.055176
0 0.853783 0.968437 0.084484 0.056393
0 0.579696 0.970309 0.086276 0.054108
0 0.826882 0.780745 0.068746 0.050163
0 0.811797 0.728659 0.072005 0.051055
0 0.411120 0.378024 0.053264 0.042741
0 0.834455 0.835905 0.074553 0.052630
0 0.844312 0.896758 0.087678 0.062943
0 0.691508 0.242982 0.039961 0.036289
0 0.581354 0.259066 0.050286 0.040866
0 0.371942 0.750951 0.076141 0.059740