0 0.201063 0.758298 0.045634 0.083600
0 0.383053 0.698796 0.075655 0.052591
0 0.570662 0.831263 0.074822 0.055443
0 0.642101 0.782432 0.074071 0.055059
0 0.543665 0.616582 0.064848 0.045508
0 0.548442 0.662568 0.070833 0.051908
0 0.797398 0.677142 0.077027 0.053776
0 0.566007 0.772389 0.065851 0.052813
0 0.381979 0.646875 0.066510 0.049753
0 0.541884 0.571130 0.061797 0.043939
0 0.400152 0.587526 0.065122 0.047122
0 0.614920 0.628424 0.066740 0.050807
0 0.577359 0.899209 0.071359 0.059603
0 0.780085 0.593669 0.068424 0.046100
0 0.559312 0.721139 0.076454 0.052526
0 0.652255 0.840677 0.069839 0.055911
0 0.379633 0.756162 0.058806 0.049668
0 0.401664 0.544977 0.060829 0.042780
0 0.639195 0.728900 0.061749 0.049753
0 0.399060 0.430407 0.055560 0.044525
0 0.625480 0.681204 0.065291 0.049714
0 0.786882 0.633239 0.056385 0.043132
0 0.399410 0.504642 0.046997 0.041003
0 0.844151 0.900788 0.072782 0.058229
0 0.836497 0.831214 0.081033 0.059811
0 0.809692 0.728385 0.073958 0.048333
0 0.383236 0.947350 0.087253 0.064883
0 0.611541 0.586410 0.061432 0.046582
0 0.605608 0.547054 0.060339 0.043079
0 0.824329 0.776064 0.081463 0.054928
0 0.664117 0.915247 0.079301 0.064232
0 0.743038 0.436445 0.058898 0.041432
0 0.579440 0.972012 0.088828 0.054909
0 0.604095 0.507926 0.054952 0.045410
0 0.607793 0.474730 0.056766 0.043770
0 0.534974 0.531559 0.060130 0.041257
0 0.401324 0.466634 0.046128 0.040625
0 0.537261 0.462201 0.059722 0.041341
0 0.858694 0.969066 0.077049 0.058691
0 0.602760 0.441064 0.055321 0.037910
0 0.763633 0.522204 0.065564 0.042585
0 0.770000 0.556185 0.051337 0.041289
0 0.733197 0.403766 0.050386 0.036517
0 0.410582 0.369964 0.058759 0.043796
0 0.599236 0.409482 0.050616 0.036478
0 0.409820 0.403402 0.058685 0.042975
0 0.594848 0.351390 0.051884 0.036087
0 0.710946 0.316009 0.049332 0.034141
0 0.722144 0.374860 0.054175 0.034746
0 0.701126 0.287383 0.047782 0.035794
0 0.717120 0.345163 0.056732 0.034245
0 0.697641 0.259398 0.052235 0.038783
0 0.595193 0.323639 0.041827 0.038203
0 0.665087 0.980635 0.066606 0.038730