0 0.372917 0.912933 0.081901 0.059746
0 0.365618 0.972712 0.082105 0.050020
0 0.792391 0.645892 0.070582 0.048060
0 0.377799 0.668770 0.072552 0.052318
0 0.376721 0.776823 0.076940 0.053255
0 0.554052 0.579902 0.061584 0.043203
0 0.838720 0.839551 0.069783 0.049323
0 0.296061 0.545290 0.029232 0.059928
0 0.780169 0.602786 0.066545 0.047734
0 0.380271 0.716029 0.058060 0.051055
0 0.548581 0.537868 0.059470 0.043809
0 0.557055 0.673395 0.068754 0.048691
0 0.824149 0.781195 0.075894 0.050137
0 0.382042 0.583776 0.065872 0.046237
0 0.629978 0.638340 0.057231 0.044388
0 0.538800 0.463607 0.051055 0.041068
0 0.404642 0.370267 0.058294 0.046081
0 0.387331 0.431660 0.061493 0.044245
0 0.586443 0.970820 0.085907 0.055768
0 0.727153 0.408470 0.054991 0.041784
0 0.617819 0.556514 0.060395 0.048053
0 0.744915 0.475218 0.062027 0.041999
0 0.571163 0.786221 0.076441 0.052428
0 0.881237 0.964740 0.090174 0.060990
0 0.632947 0.684525 0.065200 0.049570
0 0.380816 0.625052 0.051866 0.044766
0 0.768474 0.559469 0.065560 0.055111
0 0.593153 0.220531 0.043268 0.032572
0 0.599186 0.355052 0.052418 0.034258
0 0.854336 0.894339 0.065347 0.050983
0 0.709670 0.322637 0.052309 0.034049
0 0.603893 0.478577 0.062552 0.044303
0 0.387478 0.542920 0.064323 0.046035
0 0.658349 0.844020 0.076975 0.056100
0 0.573086 0.838327 0.071623 0.055352
0 0.580122 0.901423 0.070903 0.059173
0 0.627591 0.598027 0.057778 0.042995
0 0.565122 0.723467 0.057700 0.051855
0 0.736929 0.439730 0.046827 0.039668
0 0.667893 0.974834 0.061662 0.048158
0 0.792654 0.692077 0.067010 0.048984
0 0.602563 0.383447 0.048511 0.035566
0 0.756163 0.514333 0.059366 0.043457
0 0.806667 0.733958 0.060417 0.049531
0 0.641526 0.734782 0.055326 0.050645
0 0.666068 0.902406 0.061710 0.055332
0 0.606159 0.413317 0.053490 0.038835
0 0.548620 0.502337 0.048290 0.039818
0 0.541929 0.366162 0.040482 0.037311
0 0.539212 0.427747 0.060326 0.042565
0 0.613138 0.519092 0.057387 0.043861
0 0.384280 0.468734 0.058498 0.041569
0 0.382598 0.502969 0.059596 0.045000
0 0.696890 0.286309 0.042452 0.039010
0 0.604401 0.443311 0.051727 0.042988
0 0.689034 0.255042 0.050308 0.036322
0 0.607483 0.314896 0.039210 0.034128
0 0.720139 0.352090 0.056675 0.036211
0 0.543774 0.396904 0.055204 0.037819
0 0.681934 0.209714 0.048477 0.030768
0 0.599711 0.292246 0.048902 0.032878
0 0.597786 0.265937 0.041997 0.031836
0 0.726981 0.380000 0.045343 0.037721
0 0.686504 0.233870 0.044570 0.029095