0 0.812166 0.765502 0.070112 0.058658
0 0.800937 0.713845 0.080322 0.051029
0 0.782035 0.665820 0.072513 0.053857
0 0.833189 0.881019 0.086707 0.059912
0 0.765203 0.584887 0.066382 0.045842
0 0.559050 0.763800 0.079312 0.056744
0 0.815005 0.823564 0.068752 0.051175
0 0.563623 0.821405 0.075455 0.058464
0 0.847248 0.953365 0.085182 0.062152
0 0.614974 0.577803 0.065930 0.052443
0 0.628840 0.663750 0.065779 0.050451
0 0.647905 0.823840 0.068414 0.056493
0 0.609006 0.497484 0.063043 0.042838
0 0.560281 0.709930 0.063786 0.058982
0 0.612644 0.535441 0.058073 0.041148
0 0.357658 0.829479 0.064461 0.060890
0 0.691139 0.251477 0.041733 0.033804
0 0.403933 0.361061 0.061606 0.047643
0 0.361862 0.769181 0.072616 0.052584
0 0.363036 0.718608 0.058270 0.053160
0 0.569695 0.883113 0.070947 0.057592
0 0.573450 0.946846 0.085135 0.062362
0 0.656083 0.892503 0.061765 0.056340
0 0.671087 0.958426 0.062713 0.058149
0 0.552103 0.663347 0.070507 0.049649