0 0.372715 0.912786 0.082600 0.059349
0 0.376482 0.777490 0.076645 0.055241
0 0.372776 0.840244 0.080881 0.056061
0 0.365386 0.972611 0.082266 0.050117
0 0.377667 0.668656 0.072279 0.052715
0 0.792168 0.645645 0.070872 0.047852
0 0.380211 0.715869 0.057938 0.051243
0 0.230197 0.659248 0.057001 0.149603
0 0.838641 0.839476 0.069653 0.049382
0 0.553974 0.579639 0.061523 0.043184
0 0.780093 0.602301 0.066593 0.047454
0 0.709405 0.323542 0.052075 0.036628
0 0.404529 0.370098 0.058016 0.046003
0 0.548355 0.537773 0.059332 0.043464
0 0.538735 0.463372 0.051011 0.041081
0 0.381938 0.583415 0.065638 0.046569
0 0.557044 0.673522 0.068793 0.048607
0 0.823837 0.780827 0.076276 0.049609
0 0.387409 0.431712 0.061189 0.043633
0 0.629898 0.638053 0.057036 0.044128
0 0.586291 0.970843 0.086133 0.055996
0 0.380710 0.624954 0.052070 0.045352
0 0.768648 0.559059 0.065204 0.054277
0 0.617795 0.556260 0.060425 0.048158
0 0.599210 0.354844 0.052413 0.034544
0 0.632858 0.684154 0.065291 0.049818
0 0.854466 0.894251 0.064991 0.050703
0 0.571259 0.786237 0.076111 0.051719
0 0.745163 0.475208 0.062522 0.042044
0 0.881493 0.964824 0.090087 0.061406
0 0.727196 0.408747 0.055260 0.041048
0 0.603906 0.478070 0.062648 0.044408
0 0.658164 0.844092 0.077309 0.056217
0 0.580182 0.901442 0.070833 0.059486
0 0.573188 0.838620 0.071202 0.055065
0 0.627611 0.597796 0.057409 0.042949
0 0.641569 0.734857 0.055846 0.049388
0 0.649826 0.784596 0.061510 0.054362
0 0.806638 0.733379 0.060716 0.048698
0 0.667847 0.975189 0.061545 0.048776
0 0.756141 0.513490 0.059071 0.042852
0 0.387292 0.542891 0.064861 0.045924
0 0.565184 0.723685 0.057105 0.052070
0 0.736806 0.439665 0.046988 0.039564
0 0.666068 0.902402 0.061918 0.055104
0 0.548479 0.502070 0.048268 0.040039
0 0.792133 0.692266 0.067721 0.049349
0 0.541892 0.366090 0.040286 0.037389
0 0.613173 0.518724 0.057517 0.043958
0 0.384301 0.468359 0.058090 0.041589
0 0.602452 0.383245 0.048333 0.035488
0 0.606063 0.413125 0.053550 0.038815
0 0.539258 0.427266 0.060330 0.042578
0 0.382272 0.502741 0.059388 0.044987
0 0.696675 0.285479 0.042309 0.038874
0 0.689067 0.254382 0.050191 0.036706
0 0.607415 0.314896 0.039119 0.034414
0 0.604403 0.443099 0.050916 0.043281
0 0.681981 0.209307 0.048286 0.030957
0 0.543876 0.397028 0.055399 0.036921
0 0.599510 0.291862 0.048464 0.033906
0 0.726562 0.378115 0.047161 0.038796
0 0.598027 0.265599 0.041254 0.031810
0 0.686491 0.233011 0.044709 0.028509