0 0.811976 0.768663 0.070492 0.056558
0 0.766101 0.580083 0.067167 0.043891
0 0.558392 0.763312 0.077838 0.053515
0 0.630414 0.660476 0.061350 0.049886
0 0.781895 0.661466 0.074363 0.057591
0 0.834172 0.878919 0.088944 0.057215
0 0.647967 0.711397 0.069185 0.045586
0 0.564205 0.820712 0.073315 0.058774
0 0.559243 0.709959 0.058007 0.051640
0 0.647200 0.820095 0.067664 0.051238
0 0.746701 0.502030 0.062366 0.049438
0 0.737473 0.465959 0.067279 0.040817
0 0.846253 0.949016 0.085725 0.054433
0 0.362179 0.659221 0.072462 0.058522
0 0.778378 0.615552 0.055535 0.040913
0 0.801649 0.709974 0.078199 0.048528
0 0.642693 0.766449 0.072157 0.054790
0 0.756203 0.541246 0.057342 0.045947
0 0.362707 0.719727 0.065919 0.048828
0 0.544370 0.571922 0.057873 0.043835
0 0.817249 0.821506 0.076640 0.054571
0 0.610658 0.574097 0.065847 0.053008
0 0.715792 0.372076 0.060681 0.038532
0 0.547846 0.612026 0.060637 0.051388
0 0.370139 0.606810 0.069417 0.054308
0 0.613527 0.533083 0.058403 0.041506
0 0.658958 0.884920 0.079436 0.063511
0 0.701797 0.342215 0.052877 0.039163
0 0.587378 0.369971 0.052274 0.039706
0 0.551386 0.659840 0.071055 0.053416
0 0.735794 0.429888 0.062600 0.042568
0 0.373901 0.524735 0.068246 0.045035
0 0.360227 0.771220 0.074217 0.053513
0 0.574758 0.262590 0.047953 0.047574
0 0.608869 0.495113 0.063254 0.047334
0 0.545724 0.532138 0.069566 0.049485
0 0.578286 0.945087 0.090490 0.056340
0 0.371035 0.564019 0.068232 0.048306
0 0.726623 0.406968 0.059841 0.034574
0 0.606143 0.458879 0.053139 0.042178
0 0.542006 0.494504 0.050045 0.039458
0 0.669134 0.958596 0.065046 0.058191
0 0.576006 0.219326 0.048109 0.041526
0 0.572568 0.883166 0.075406 0.058447
0 0.694287 0.315579 0.045454 0.035809
0 0.601653 0.432323 0.048764 0.040203
0 0.591396 0.400466 0.052584 0.043820
0 0.403596 0.361028 0.062600 0.047576
0 0.378556 0.486854 0.052584 0.043820
0 0.357272 0.829903 0.066774 0.056340
0 0.347256 0.894381 0.088475 0.060096
0 0.686954 0.249435 0.045444 0.033976