0 0.826430 0.782487 0.083661 0.049727
0 0.392289 0.623531 0.067650 0.049322
0 0.565447 0.733589 0.075877 0.055901
0 0.397588 0.780780 0.057922 0.054426
0 0.388410 0.725872 0.074127 0.056983
0 0.395075 0.677567 0.071780 0.048686
0 0.403348 0.541879 0.067577 0.045087
0 0.581293 0.839905 0.074649 0.060432
0 0.639317 0.638779 0.065249 0.047190
0 0.804258 0.736134 0.075912 0.056603
0 0.777370 0.596355 0.069563 0.045092
0 0.398508 0.581565 0.051513 0.045077
0 0.647226 0.777665 0.060631 0.056436
0 0.558698 0.680405 0.070689 0.051515
0 0.802474 0.679807 0.065318 0.049522
0 0.405087 0.501725 0.059363 0.040964
0 0.630573 0.684976 0.065181 0.052544
0 0.397734 0.840108 0.086008 0.056718
0 0.629840 0.595976 0.065842 0.050937
0 0.788299 0.634813 0.074384 0.051968
0 0.574082 0.782627 0.053291 0.054801
0 0.639555 0.726803 0.063683 0.049433
0 0.742342 0.472705 0.058006 0.037862
0 0.543534 0.443035 0.051101 0.038405
0 0.761874 0.549282 0.063769 0.048019
0 0.751077 0.511197 0.065023 0.048788
0 0.595946 0.306106 0.037137 0.036969
0 0.405622 0.434376 0.056878 0.041529
0 0.624983 0.546193 0.054414 0.049826
0 0.733748 0.427525 0.059111 0.037331
0 0.727747 0.396348 0.058674 0.035622
0 0.660708 0.848369 0.065869 0.053207
0 0.824464 0.843168 0.063879 0.045311
0 0.851030 0.908390 0.074195 0.047387
0 0.585442 0.964874 0.071701 0.062016
0 0.872007 0.973610 0.078970 0.048282
0 0.546132 0.479503 0.059393 0.041103
0 0.707227 0.315147 0.052960 0.028431
0 0.665932 0.906451 0.054562 0.050555
0 0.579634 0.902827 0.070720 0.057991
0 0.607900 0.404656 0.054716 0.040984
0 0.561131 0.515024 0.063835 0.045072
0 0.555676 0.553563 0.053912 0.039518
0 0.715397 0.343053 0.041629 0.031659
0 0.697398 0.269868 0.047225 0.034703
0 0.664278 0.976076 0.063738 0.045701
0 0.557531 0.591540 0.062996 0.042365
0 0.553087 0.635349 0.049960 0.044943
0 0.604867 0.366692 0.041109 0.037781
0 0.614767 0.476212 0.055923 0.030048
0 0.603558 0.441302 0.051631 0.032844
0 0.719772 0.366624 0.047903 0.028720
0 0.620830 0.507826 0.046912 0.041516
0 0.401926 0.399214 0.057592 0.041316
0 0.392745 0.369166 0.054253 0.036308