0 0.371087 0.827702 0.063085 0.052450
0 0.373237 0.770607 0.069806 0.053798
0 0.745911 0.452452 0.058398 0.041562
0 0.790262 0.658897 0.055091 0.046941
0 0.782692 0.611085 0.077633 0.052936
0 0.771812 0.569214 0.068347 0.044701
0 0.795492 0.714451 0.070981 0.049286
0 0.368288 0.671973 0.072597 0.052696
0 0.600659 0.461027 0.054210 0.041506
0 0.754235 0.489601 0.057451 0.040150
0 0.763675 0.530514 0.056075 0.046679
0 0.370704 0.722377 0.063467 0.052487
0 0.617189 0.613740 0.065482 0.048142
0 0.607496 0.532711 0.059662 0.045043
0 0.816759 0.763675 0.073025 0.051761
0 0.624352 0.661394 0.062868 0.048603
0 0.566245 0.816839 0.071837 0.059432
0 0.561391 0.760993 0.076945 0.055574
0 0.820424 0.821156 0.075808 0.050129
0 0.648640 0.820386 0.065441 0.052415
0 0.687673 0.248706 0.043401 0.028574
0 0.834941 0.881463 0.071075 0.055150
0 0.611558 0.572838 0.052456 0.043008
0 0.656001 0.880197 0.059175 0.050620
0 0.633801 0.710974 0.053046 0.044215
0 0.644149 0.764464 0.072827 0.052129
0 0.374950 0.619136 0.054353 0.047644
0 0.377631 0.575879 0.066758 0.045778
0 0.563531 0.711454 0.067884 0.047123
0 0.574071 0.269138 0.038389 0.027657
0 0.576575 0.876193 0.078714 0.056633
0 0.550309 0.663300 0.066152 0.047414
0 0.586388 0.956355 0.082632 0.061348
0 0.671107 0.953225 0.080128 0.055088
0 0.847640 0.945713 0.082632 0.055088