0 0.571402 0.900684 0.084896 0.059023
0 0.568314 0.777035 0.084180 0.059863
0 0.579000 0.967861 0.088624 0.057493
0 0.572070 0.835176 0.074783 0.053763
0 0.392938 0.725908 0.066545 0.052064
0 0.397420 0.580169 0.061202 0.049961
0 0.623470 0.591130 0.069214 0.045592
0 0.633010 0.677575 0.059301 0.046452
0 0.769970 0.592891 0.065174 0.042188
0 0.776007 0.632220 0.073325 0.048828
0 0.563958 0.725550 0.061667 0.048652
0 0.614112 0.510114 0.057227 0.046296
0 0.395649 0.786820 0.059362 0.054798
0 0.547650 0.545296 0.056341 0.041074
0 0.623470 0.631055 0.063016 0.048906
0 0.634980 0.725426 0.068277 0.048184
0 0.533357 0.378662 0.053286 0.044342
0 0.594293 0.382653 0.053698 0.039876
0 0.672287 0.965798 0.065816 0.055332
0 0.855369 0.964886 0.084358 0.059798
0 0.647613 0.779443 0.063168 0.049017
0 0.734243 0.446758 0.066662 0.041667
0 0.388546 0.848714 0.065825 0.052207
0 0.542680 0.474251 0.057834 0.043776
0 0.399058 0.624961 0.070660 0.047227
0 0.788431 0.675814 0.073147 0.049740
0 0.846248 0.895316 0.073911 0.055853
0 0.810677 0.774453 0.063134 0.047656
0 0.798362 0.728053 0.068051 0.052292
0 0.400779 0.540654 0.050360 0.044030
0 0.542706 0.584658 0.064475 0.048001
0 0.728179 0.413796 0.057808 0.039479
0 0.720171 0.384932 0.055447 0.035671
0 0.396326 0.670426 0.074596 0.062923
0 0.660623 0.898369 0.060924 0.050475
0 0.414551 0.374831 0.065048 0.048333
0 0.818477 0.828154 0.069983 0.050280
0 0.758227 0.514274 0.068286 0.050176
0 0.607606 0.474447 0.059640 0.040378
0 0.557951 0.672627 0.069253 0.054460
0 0.690840 0.238613 0.039015 0.035326
0 0.407129 0.470911 0.066220 0.046966
0 0.553958 0.627516 0.059905 0.042858
0 0.392715 0.909840 0.082964 0.067363
0 0.693804 0.283457 0.045846 0.037109
0 0.407919 0.436816 0.062348 0.044766
0 0.616955 0.547949 0.051793 0.041510
0 0.708557 0.329535 0.055204 0.044525
0 0.716773 0.358717 0.055760 0.032161
0 0.401278 0.508496 0.059049 0.041576
0 0.595888 0.351702 0.055942 0.039967
0 0.580788 0.255807 0.049449 0.033841
0 0.577339 0.232090 0.049688 0.033073
0 0.586591 0.279935 0.047947 0.035651
0 0.591471 0.326273 0.052882 0.036816
0 0.586643 0.301305 0.047105 0.033848