0 0.790749 0.678359 0.078207 0.048880
0 0.585059 0.970677 0.078129 0.052904
0 0.833418 0.836523 0.078598 0.054049
0 0.856845 0.965973 0.085087 0.060124
0 0.809876 0.725026 0.061619 0.048841
0 0.389260 0.846696 0.085438 0.061361
0 0.738444 0.451162 0.050430 0.038210
0 0.569785 0.835339 0.082860 0.054232
0 0.768129 0.552813 0.058950 0.045625
0 0.845658 0.893893 0.074536 0.056133
0 0.667589 0.974671 0.062131 0.045527
0 0.642174 0.784043 0.071849 0.055117
0 0.561936 0.723932 0.078438 0.058333
0 0.564705 0.780456 0.075078 0.056549
0 0.821102 0.774375 0.065069 0.049701
0 0.768513 0.593590 0.070048 0.044251
0 0.663913 0.901501 0.075812 0.060814
0 0.578987 0.900137 0.073277 0.057552
0 0.622378 0.591855 0.059106 0.046159
0 0.787342 0.630345 0.075551 0.048372
0 0.628678 0.632562 0.062956 0.047923
0 0.636280 0.728236 0.056814 0.050312
0 0.635673 0.678265 0.061901 0.050579
0 0.558312 0.675091 0.071007 0.049089
0 0.527070 0.406185 0.043142 0.040469
0 0.389857 0.779642 0.077622 0.059271
0 0.655313 0.836139 0.059089 0.053216
0 0.591467 0.352985 0.041207 0.041178
0 0.591385 0.327240 0.039418 0.034896