0 0.677467 0.967995 0.076966 0.056536
0 0.556769 0.673291 0.068173 0.050710
0 0.809484 0.726742 0.067231 0.052428
0 0.565046 0.720866 0.059779 0.054922
0 0.738320 0.450944 0.055321 0.039310
0 0.855773 0.967653 0.089731 0.056803
0 0.399946 0.846693 0.065074 0.055391
0 0.401352 0.587100 0.065273 0.049382
0 0.664657 0.901292 0.079566 0.056452
0 0.796921 0.678066 0.076758 0.047526
0 0.567504 0.836172 0.072899 0.055625
0 0.394041 0.784541 0.070234 0.055124
0 0.530139 0.508786 0.065686 0.049316
0 0.646454 0.781667 0.063880 0.049714
0 0.580983 0.968174 0.086810 0.058105
0 0.753231 0.515908 0.058876 0.041413
0 0.532478 0.439756 0.055720 0.042012
0 0.762033 0.552900 0.067739 0.051973
0 0.393461 0.727201 0.059796 0.054479
0 0.845449 0.897454 0.081098 0.062135
0 0.632227 0.676497 0.060885 0.052083
0 0.627457 0.630316 0.063602 0.051647
0 0.642967 0.728327 0.054570 0.048997
0 0.392886 0.680355 0.054566 0.047077
0 0.834151 0.835700 0.073937 0.052754
0 0.817912 0.776986 0.070755 0.055156
0 0.416753 0.378558 0.058003 0.048327
0 0.539084 0.548535 0.049939 0.046680
0 0.606107 0.504658 0.063082 0.044004
0 0.609384 0.543617 0.068568 0.058874
0 0.541109 0.474740 0.064397 0.041081
0 0.690673 0.241595 0.040972 0.036576
0 0.533674 0.379766 0.050734 0.044232