0 0.573294 0.726139 0.075226 0.052018
0 0.567474 0.838438 0.072300 0.054883
0 0.788574 0.633304 0.070386 0.047533
0 0.659212 0.837920 0.073893 0.053236
0 0.802923 0.727435 0.080551 0.050977
0 0.567891 0.779948 0.069618 0.053802
0 0.646374 0.774196 0.071897 0.054551
0 0.774857 0.592747 0.063377 0.044596
0 0.394757 0.726982 0.071528 0.058587
0 0.637843 0.676468 0.059601 0.047194
0 0.232667 0.732822 0.086428 0.059642
0 0.848637 0.895846 0.072925 0.053750
0 0.236675 0.683610 0.060825 0.046829
0 0.562346 0.626826 0.050161 0.046908
0 0.829217 0.838766 0.083294 0.056387
0 0.855052 0.964098 0.086753 0.057090
0 0.557161 0.578708 0.056571 0.046309
0 0.587956 0.972249 0.085825 0.051439
0 0.567745 0.675602 0.068398 0.051165
0 0.746372 0.479600 0.060295 0.045749
0 0.575549 0.896940 0.069405 0.055547
0 0.675315 0.901169 0.074084 0.055306
0 0.618548 0.547533 0.059579 0.048268
0 0.644182 0.723057 0.061602 0.050840
0 0.396777 0.782253 0.058112 0.052513
0 0.400224 0.672035 0.062114 0.055111
0 0.762491 0.550853 0.066519 0.044870
0 0.820117 0.773411 0.061120 0.054102
0 0.387405 0.617591 0.065486 0.053125
0 0.384451 0.839977 0.084345 0.069707
0 0.801480 0.679219 0.061476 0.049049
0 0.736382 0.444798 0.063468 0.043125
0 0.550794 0.536172 0.056302 0.046628
0 0.378859 0.918506 0.077474 0.060462
0 0.626335 0.589121 0.064857 0.046016
0 0.628040 0.627826 0.055195 0.051302
0 0.393694 0.537113 0.050564 0.042624
0 0.384125 0.973678 0.084874 0.048021
0 0.396899 0.429417 0.061176 0.043288
0 0.751623 0.517227 0.065043 0.039714
0 0.546018 0.500739 0.058329 0.043770
0 0.616619 0.509385 0.063637 0.043301
0 0.702856 0.307243 0.052639 0.036335
0 0.392908 0.496702 0.061094 0.047559
0 0.726560 0.415856 0.055013 0.037038
0 0.394714 0.577406 0.066215 0.049290
0 0.546764 0.463467 0.064336 0.046048
0 0.714490 0.358057 0.058338 0.039590
0 0.610237 0.441159 0.057496 0.041042
0 0.541934 0.428994 0.056115 0.044277
0 0.614887 0.474141 0.050130 0.039948
0 0.724822 0.389095 0.055755 0.038359
0 0.602901 0.383158 0.043364 0.036966
0 0.593830 0.355501 0.049952 0.037474
0 0.710200 0.331966 0.052083 0.034167
0 0.604629 0.411419 0.052548 0.036549
0 0.396968 0.462435 0.051576 0.042773
0 0.685360 0.973076 0.075208 0.050332