0 0.530762 0.375880 0.052328 0.036253
0 0.610802 0.349920 0.052569 0.038051
0 0.591404 0.204399 0.035423 0.036259
0 0.602329 0.410572 0.058006 0.038760
0 0.594705 0.380681 0.053444 0.033583
0 0.551775 0.433856 0.053835 0.035357
0 0.559560 0.500829 0.061960 0.042997
0 0.418015 0.575200 0.060016 0.045350
0 0.334531 0.599746 0.055036 0.044698
0 0.407554 0.899913 0.079358 0.056627
0 0.612780 0.442543 0.053220 0.040334
0 0.610230 0.305448 0.039956 0.034073
0 0.414350 0.615174 0.066211 0.052651
0 0.603812 0.250225 0.037768 0.036308
0 0.416915 0.422806 0.060830 0.039411
0 0.565916 0.544488 0.053979 0.041395
0 0.638067 0.582832 0.061072 0.045472
0 0.412804 0.456450 0.063421 0.047810
0 0.414776 0.705788 0.067286 0.050159
0 0.572323 0.632658 0.062849 0.050189
0 0.557058 0.469078 0.047809 0.039307
0 0.714805 0.350372 0.047843 0.032408
0 0.775315 0.588430 0.072021 0.045194
0 0.630711 0.546324 0.059091 0.045072
0 0.413154 0.500000 0.057511 0.045073
0 0.417090 0.534560 0.048966 0.046064
0 0.747082 0.473970 0.058939 0.042078
0 0.641776 0.631086 0.063208 0.044641
0 0.413996 0.825372 0.056083 0.052775
0 0.728238 0.407994 0.058189 0.038540
0 0.410860 0.660915 0.069186 0.049795
0 0.751827 0.509782 0.059647 0.045740
0 0.657761 0.728336 0.060362 0.046908
0 0.346397 0.758839 0.078713 0.053529
0 0.741993 0.444476 0.050202 0.038431
0 0.648928 0.678051 0.069741 0.049493
0 0.704077 0.301707 0.054253 0.038513
0 0.587076 0.786515 0.075573 0.052226
0 0.420706 0.764799 0.060096 0.053836
0 0.408186 0.966997 0.065104 0.060096
0 0.591396 0.843049 0.075955 0.055088
0 0.583050 0.905649 0.072616 0.057592
0 0.602247 0.970653 0.080963 0.057392
0 0.669438 0.786083 0.065104 0.051332
0 0.677367 0.843049 0.069278 0.052584
0 0.672359 0.903145 0.085971 0.057592
0 0.681958 0.976287 0.063435 0.046124
0 0.583884 0.730995 0.069278 0.048828
0 0.601412 0.277769 0.052584 0.036308
0 0.676950 0.215795 0.043403 0.035056
0 0.681958 0.234575 0.040064 0.027544
0 0.683627 0.258363 0.040064 0.030048
0 0.705329 0.269005 0.040064 0.026292
0 0.715345 0.325346 0.053419 0.033804
0 0.726195 0.379182 0.058427 0.031300
0 0.766259 0.551332 0.053419 0.045072
0 0.790047 0.640850 0.065939 0.051332
0 0.811749 0.737255 0.072616 0.051332
0 0.833033 0.789213 0.071782 0.050080
0 0.845553 0.849309 0.078459 0.055088
0 0.853065 0.908153 0.076790 0.060096
0 0.876436 0.970653 0.088475 0.057392
0 0.323050 0.828025 0.077624 0.057592