0 0.414387 0.615857 0.065797 0.050050
0 0.603423 0.410388 0.057339 0.037041
0 0.416312 0.423368 0.061454 0.040463
0 0.529918 0.375466 0.053027 0.037753
0 0.595124 0.382442 0.055144 0.037300
0 0.333967 0.599534 0.054996 0.046168
0 0.592075 0.207099 0.038233 0.030553
0 0.559860 0.501081 0.060784 0.041868
0 0.410804 0.663358 0.068684 0.045891
0 0.413194 0.459310 0.060096 0.046324
0 0.541756 0.416930 0.041689 0.038436
0 0.415281 0.498748 0.059261 0.045072
0 0.417368 0.538186 0.046741 0.041316
0 0.419037 0.579502 0.056757 0.038812
0 0.414864 0.711589 0.068443 0.052584
0 0.419872 0.765425 0.063435 0.052584
0 0.343500 0.762921 0.075955 0.055088
0 0.322216 0.829277 0.075120 0.055088
0 0.414029 0.830529 0.065104 0.057592
0 0.405682 0.901893 0.076790 0.052584
0 0.404848 0.966371 0.065104 0.056340
0 0.570530 0.634590 0.060931 0.048828
0 0.565939 0.545698 0.055088 0.043820
0 0.629374 0.548202 0.058427 0.041316
0 0.637303 0.587640 0.054253 0.045072
0 0.639807 0.634590 0.062600 0.046324
0 0.651492 0.681540 0.067608 0.050080
0 0.658170 0.731621 0.060931 0.047576
0 0.669020 0.787961 0.064269 0.052584
0 0.585136 0.731621 0.066774 0.052584
0 0.586388 0.788587 0.077624 0.053836
0 0.591814 0.843675 0.073451 0.053836
0 0.676950 0.843049 0.070112 0.052584
0 0.671942 0.902519 0.080128 0.063852
0 0.581380 0.905023 0.070947 0.061348
0 0.600995 0.970027 0.076790 0.058644
0 0.684879 0.975035 0.065939 0.048628
0 0.555923 0.467448 0.050080 0.042568
0 0.612680 0.448042 0.051749 0.038812
0 0.611011 0.352890 0.053419 0.043820
0 0.609342 0.307192 0.040064 0.035056
0 0.602664 0.279647 0.050080 0.032552
0 0.602664 0.248347 0.038395 0.035056
0 0.675698 0.217047 0.044237 0.035056
0 0.684044 0.260241 0.039229 0.031300
0 0.704911 0.274639 0.039229 0.027544
0 0.704077 0.301557 0.055923 0.038812
0 0.716179 0.327850 0.053419 0.031300
0 0.714510 0.354142 0.051749 0.033804
0 0.723691 0.383564 0.055088 0.032552
0 0.727447 0.413612 0.059261 0.035056
0 0.739133 0.445538 0.059261 0.036308
0 0.747062 0.476838 0.056757 0.036308
0 0.754574 0.515024 0.065104 0.040064
0 0.765842 0.550706 0.049245 0.043820
0 0.777527 0.594526 0.072616 0.046324
0 0.789630 0.640224 0.066774 0.052584
0 0.811749 0.739133 0.074286 0.052584
0 0.833033 0.789839 0.068443 0.051332
0 0.845136 0.849309 0.079294 0.052584
0 0.853065 0.906901 0.071782 0.060096
0 0.876853 0.968875 0.092648 0.056340