0 0.385954 0.717357 0.075322 0.052237
0 0.393689 0.571383 0.064799 0.048900
0 0.386527 0.774888 0.070574 0.050508
0 0.388951 0.612455 0.054414 0.047552
0 0.736285 0.467852 0.060019 0.042089
0 0.385425 0.659643 0.075617 0.056111
0 0.385389 0.829165 0.064909 0.051407
0 0.750449 0.503474 0.062313 0.042289
0 0.796812 0.714722 0.066499 0.043801
0 0.753739 0.539867 0.063222 0.044553
0 0.778815 0.663029 0.076080 0.053670
0 0.839263 0.878522 0.077155 0.051138
0 0.402048 0.532552 0.055442 0.043444
0 0.775713 0.620180 0.067583 0.042009
0 0.849804 0.947540 0.087607 0.057352
0 0.819861 0.818051 0.066981 0.047804
0 0.767913 0.576454 0.073685 0.044657
0 0.556265 0.661734 0.062806 0.049984
0 0.396152 0.494221 0.056915 0.049394
0 0.722741 0.400929 0.054855 0.038898
0 0.640183 0.770316 0.068255 0.053619
0 0.537983 0.495686 0.058515 0.043426
0 0.606218 0.498551 0.061789 0.042651
0 0.546500 0.571541 0.061112 0.049477
0 0.555891 0.710677 0.073610 0.051961
0 0.817817 0.762012 0.062412 0.040814
0 0.600829 0.460275 0.058874 0.043996
0 0.635132 0.711624 0.072775 0.052768
0 0.705749 0.344444 0.056168 0.034983
0 0.730410 0.434667 0.057889 0.038577
0 0.716019 0.374619 0.053370 0.037142
0 0.558955 0.758568 0.079084 0.056918
0 0.693443 0.291085 0.052302 0.034735
0 0.549524 0.616450 0.050704 0.047172
0 0.660897 0.954321 0.065855 0.055003
0 0.701236 0.320449 0.051407 0.031106
0 0.586747 0.370228 0.054108 0.034242
0 0.593663 0.426065 0.061193 0.042542
0 0.635318 0.663779 0.071843 0.052924
0 0.625401 0.616405 0.054251 0.052828
0 0.544022 0.531545 0.060547 0.042712
0 0.396979 0.462018 0.050648 0.045358
0 0.590173 0.392560 0.046357 0.030335
0 0.611973 0.531204 0.058023 0.037866
0 0.651361 0.883452 0.060558 0.053013
0 0.533306 0.393755 0.049286 0.031685
0 0.265363 0.423660 0.040254 0.122762
0 0.396372 0.426912 0.064847 0.043511
0 0.378973 0.894381 0.090144 0.057592
0 0.564279 0.822751 0.070093 0.050612
0 0.571364 0.882487 0.074286 0.058844
0 0.575515 0.958068 0.082677 0.057922
0 0.537560 0.458684 0.060096 0.040064
0 0.533804 0.423002 0.050915 0.038812
0 0.568860 0.145683 0.042568 0.035056
0 0.578093 0.243464 0.044152 0.037618
0 0.578042 0.337866 0.044237 0.031300
0 0.620192 0.579502 0.068443 0.041316
0 0.679036 0.222055 0.040899 0.032552
0 0.686966 0.247721 0.045072 0.033804
0 0.689887 0.265875 0.039229 0.030048