0 0.391628 0.913636 0.086293 0.057363
0 0.213105 0.767588 0.046845 0.106074
0 0.545768 0.531403 0.054722 0.041764
0 0.387368 0.666898 0.071437 0.048639
0 0.276289 0.753005 0.037960 0.092819
0 0.826013 0.781488 0.077079 0.049056
0 0.403743 0.383604 0.058806 0.045605
0 0.650777 0.782292 0.069236 0.051523
0 0.393012 0.847747 0.080964 0.055469
0 0.536697 0.449834 0.054887 0.042272
0 0.392235 0.618441 0.064679 0.045592
0 0.801441 0.677650 0.077214 0.048997
0 0.778207 0.583786 0.071189 0.044824
0 0.557875 0.671410 0.070699 0.051243
0 0.256497 0.585345 0.033715 0.065365
0 0.812841 0.724469 0.069744 0.046126
0 0.588014 0.906198 0.075343 0.058125
0 0.644032 0.720010 0.058915 0.047454
0 0.573038 0.779030 0.068932 0.050768
0 0.634757 0.670700 0.067995 0.049134
0 0.391955 0.782533 0.072964 0.054479
0 0.836408 0.836823 0.064275 0.049896
0 0.583550 0.841813 0.074653 0.056764
0 0.573754 0.722067 0.071345 0.051296
0 0.587533 0.264232 0.037826 0.031680
0 0.610801 0.499167 0.055760 0.043438
0 0.624779 0.624717 0.062179 0.047077
0 0.553129 0.621836 0.058993 0.047643
0 0.602478 0.430508 0.056155 0.039570
0 0.616691 0.538281 0.059032 0.042253
0 0.787747 0.633314 0.070078 0.045560
0 0.594208 0.972803 0.076801 0.052467
0 0.766480 0.542038 0.060512 0.042448
0 0.752535 0.499528 0.060599 0.042637
0 0.392778 0.570947 0.062266 0.046035
0 0.621107 0.579876 0.066467 0.045833
0 0.660020 0.842158 0.063103 0.052350
0 0.876799 0.970905 0.085881 0.054518
0 0.740955 0.456934 0.066580 0.045443
0 0.593733 0.399098 0.057248 0.038626
0 0.599620 0.341732 0.052088 0.036953
0 0.672496 0.968219 0.062986 0.056530
0 0.660647 0.904482 0.058498 0.050957
0 0.707990 0.359616 0.048802 0.035234
0 0.701181 0.305238 0.041840 0.033757
0 0.536248 0.415902 0.043997 0.039512
0 0.707409 0.333005 0.049444 0.032793
0 0.600130 0.313034 0.051962 0.038047
0 0.691816 0.276660 0.044023 0.035169
0 0.727652 0.423477 0.051415 0.035039
0 0.526819 0.385661 0.045061 0.035280