0 0.790749 0.678760 0.078372 0.048770
0 0.833411 0.837113 0.078446 0.054499
0 0.585276 0.970706 0.078728 0.052910
0 0.856669 0.966025 0.085239 0.059173
0 0.809963 0.725469 0.061098 0.048333
0 0.570161 0.836667 0.082708 0.052096
0 0.389416 0.846855 0.085760 0.060977
0 0.768179 0.553164 0.059136 0.045677
0 0.845968 0.894066 0.074349 0.055527
0 0.642033 0.784658 0.072374 0.055527
0 0.667569 0.975007 0.062986 0.044987
0 0.768587 0.593662 0.070178 0.044512
0 0.821157 0.775368 0.065421 0.048444
0 0.787632 0.630869 0.076037 0.048184
0 0.579238 0.900469 0.073338 0.057604
0 0.562227 0.726270 0.078941 0.061120
0 0.664266 0.902135 0.076536 0.061107
0 0.635690 0.678535 0.062405 0.050443
0 0.629078 0.633118 0.062852 0.048034
0 0.621940 0.592285 0.058663 0.045885
0 0.636374 0.728210 0.056376 0.050833
0 0.527207 0.406064 0.042747 0.039850
0 0.591246 0.353239 0.040894 0.040241
0 0.390256 0.780140 0.077465 0.060254
0 0.655289 0.835921 0.059145 0.051530
0 0.591751 0.327773 0.039596 0.034583