0 0.832124 0.844829 0.079202 0.055595
0 0.563076 0.743135 0.075776 0.051672
0 0.812514 0.745194 0.076577 0.054536
0 0.575984 0.853316 0.073508 0.057090
0 0.567718 0.797474 0.066139 0.060344
0 0.375812 0.722578 0.073498 0.055463
0 0.385895 0.625711 0.066430 0.046859
0 0.643769 0.733883 0.066489 0.052735
0 0.776510 0.602781 0.063904 0.052350
0 0.671625 0.907376 0.062400 0.051030
0 0.383661 0.672300 0.071034 0.050381
0 0.832007 0.793403 0.064113 0.054883
0 0.625499 0.636278 0.062087 0.049945
0 0.680515 0.971043 0.077730 0.050280
0 0.794911 0.694987 0.080674 0.053236
0 0.794651 0.648483 0.064224 0.048608
0 0.619529 0.594751 0.061303 0.046174
0 0.638410 0.684948 0.058896 0.051835
0 0.766630 0.564380 0.064176 0.041512
0 0.864862 0.969177 0.092067 0.054243
0 0.759651 0.527087 0.062638 0.042995
0 0.608995 0.479311 0.054125 0.042107
0 0.608175 0.514684 0.063385 0.044617
0 0.614196 0.552162 0.056299 0.044304
0 0.587125 0.917782 0.071142 0.061826
0 0.657335 0.853691 0.059261 0.048828
0 0.651547 0.788310 0.074176 0.059398
0 0.851656 0.904292 0.071870 0.052845
0 0.562412 0.688661 0.068703 0.048511
0 0.361260 0.780658 0.076736 0.054735
0 0.754196 0.490687 0.047718 0.036475
0 0.367538 0.853815 0.062807 0.055556
0 0.591966 0.974796 0.067130 0.049106