0 0.387205 0.830017 0.062967 0.051349
0 0.380026 0.661628 0.071894 0.055956
0 0.383823 0.716795 0.062157 0.050881
0 0.389142 0.764495 0.070565 0.056444
0 0.777071 0.575749 0.073403 0.046799
0 0.785644 0.620719 0.070189 0.047746
0 0.817314 0.765963 0.082933 0.053197
0 0.583169 0.270797 0.037390 0.037328
0 0.745165 0.478899 0.062979 0.040950
0 0.380138 0.618658 0.059167 0.045753
0 0.798897 0.714832 0.076149 0.054631
0 0.552169 0.712414 0.077734 0.054040
0 0.797480 0.666254 0.068479 0.051138
0 0.765834 0.521908 0.062583 0.045077
0 0.837867 0.822273 0.073102 0.057827
0 0.565807 0.758290 0.073507 0.053920
0 0.568833 0.818503 0.072323 0.056932
0 0.382982 0.572685 0.066069 0.055011
0 0.384477 0.536523 0.067321 0.043791
0 0.632580 0.717764 0.067676 0.051137
0 0.739651 0.441644 0.056960 0.037835
0 0.732223 0.406136 0.067293 0.044374
0 0.651614 0.818882 0.076431 0.058403
0 0.616904 0.627134 0.059386 0.047784
0 0.617659 0.584016 0.066260 0.050863
0 0.411404 0.357380 0.058603 0.043665
0 0.843334 0.880656 0.072351 0.063759
0 0.627841 0.666925 0.063068 0.048584
0 0.551105 0.658488 0.051707 0.047172
0 0.646024 0.765877 0.054971 0.044267
0 0.657003 0.886468 0.068672 0.053134
0 0.548855 0.612456 0.063007 0.047252
0 0.612433 0.536695 0.056992 0.051680
0 0.389915 0.498120 0.048301 0.041205
0 0.711590 0.348217 0.054134 0.037679
0 0.697030 0.282407 0.041876 0.042213
0 0.592136 0.342005 0.052394 0.039297
0 0.678281 0.260576 0.023950 0.027467
0 0.541019 0.565109 0.055854 0.046695
0 0.719756 0.375445 0.055910 0.040700
0 0.604672 0.499707 0.056312 0.047279
0 0.603357 0.462355 0.053703 0.051501
0 0.601321 0.428038 0.049866 0.045270
0 0.596296 0.394088 0.047359 0.037325
0 0.658034 0.128823 0.044828 0.042998
0 0.575598 0.880777 0.069723 0.052767
0 0.536754 0.486576 0.060650 0.041224
0 0.537560 0.525040 0.048411 0.038812
0 0.596404 0.369166 0.050915 0.040064
0 0.581798 0.961363 0.085136 0.065104
0 0.850561 0.958233 0.075120 0.061348