0 0.556949 0.728988 0.075807 0.052702
0 0.781291 0.633171 0.074180 0.050508
0 0.401215 0.632334 0.068950 0.054824
0 0.855030 0.965378 0.091719 0.060365
0 0.563019 0.781742 0.086272 0.060853
0 0.729332 0.412591 0.062005 0.041471
0 0.574336 0.841084 0.074757 0.054173
0 0.625161 0.633516 0.068507 0.049948
0 0.775352 0.590114 0.061693 0.048613
0 0.543553 0.631006 0.058468 0.046829
0 0.580326 0.900189 0.075616 0.060703
0 0.388950 0.783939 0.070833 0.054922
0 0.581128 0.962568 0.081771 0.060397
0 0.543559 0.507842 0.061944 0.042402
0 0.691280 0.968454 0.077083 0.055059
0 0.825308 0.780417 0.077717 0.052565
0 0.291680 0.876917 0.033116 0.101152
0 0.797706 0.681221 0.074839 0.052676
0 0.634358 0.677734 0.060512 0.048242
0 0.601784 0.444128 0.056866 0.043138
0 0.540388 0.584629 0.049136 0.044596
0 0.746469 0.481143 0.060187 0.037845
0 0.213548 0.743294 0.039796 0.079492
0 0.395933 0.683193 0.067196 0.051204
0 0.640898 0.726445 0.063238 0.049219
0 0.616979 0.546051 0.052786 0.045514
0 0.738947 0.446960 0.058919 0.041758
0 0.393683 0.846634 0.082713 0.060065
0 0.557778 0.676647 0.070373 0.047135
0 0.835564 0.837314 0.074366 0.053757
0 0.647335 0.780117 0.058264 0.048529
0 0.385788 0.730479 0.057982 0.053770
0 0.663663 0.899554 0.058863 0.048262
0 0.623535 0.588366 0.066298 0.048086
0 0.543030 0.544202 0.056710 0.043639
0 0.614201 0.510941 0.057370 0.045046
0 0.847964 0.896439 0.072856 0.058268
0 0.754839 0.512793 0.062734 0.044401
0 0.533576 0.408841 0.047144 0.037474
0 0.403451 0.434255 0.064714 0.050501
0 0.805362 0.726794 0.073702 0.053457
0 0.758027 0.551335 0.062643 0.046185
0 0.719460 0.383385 0.056411 0.037214
0 0.652396 0.835856 0.060139 0.056204
0 0.690093 0.260391 0.054023 0.038385
0 0.588329 0.281546 0.049141 0.039056
0 0.397767 0.474424 0.054041 0.044251
0 0.543019 0.475586 0.059761 0.038646
0 0.587678 0.307048 0.050946 0.043665
0 0.398390 0.546641 0.066146 0.049753
0 0.538639 0.441224 0.057869 0.041029
0 0.597452 0.381094 0.046085 0.040221
0 0.597682 0.412979 0.052743 0.038665
0 0.707218 0.334564 0.044861 0.033151
0 0.694013 0.285680 0.045421 0.030345
0 0.582146 0.255033 0.052878 0.038997
0 0.405951 0.508883 0.061345 0.044134
0 0.700779 0.309443 0.048407 0.036439
0 0.713915 0.359548 0.052370 0.031178
0 0.396079 0.911429 0.073989 0.058965
0 0.358172 0.969512 0.131195 0.059673