0 0.840987 0.901751 0.081020 0.057292
0 0.571673 0.839515 0.074084 0.055397
0 0.397554 0.629290 0.062036 0.047617
0 0.661421 0.901748 0.062036 0.055202
0 0.553197 0.676924 0.072721 0.051478
0 0.651823 0.839697 0.072535 0.053796
0 0.840345 0.841556 0.085082 0.056953
0 0.559392 0.723477 0.069644 0.052917
0 0.643244 0.729486 0.073477 0.055339
0 0.564967 0.782321 0.071046 0.052441
0 0.397893 0.675771 0.063832 0.051595
0 0.402693 0.846335 0.065265 0.056563
0 0.784642 0.634964 0.067904 0.047871
0 0.693961 0.970589 0.078798 0.051608
0 0.400681 0.537568 0.060226 0.051530
0 0.777587 0.594990 0.069306 0.045046
0 0.577598 0.900420 0.070430 0.057012
0 0.808958 0.728353 0.060781 0.050013
0 0.650621 0.782790 0.075938 0.054668
0 0.867122 0.967555 0.085278 0.057415
0 0.399889 0.584616 0.065369 0.052109
0 0.396350 0.728369 0.078741 0.055879
0 0.586020 0.968454 0.062613 0.054108
0 0.246691 0.629489 0.034345 0.077845
0 0.799697 0.683166 0.074007 0.053747
0 0.824260 0.784271 0.076350 0.058073
0 0.552209 0.584046 0.054054 0.045410
0 0.551172 0.546393 0.062187 0.044310
0 0.549965 0.624056 0.060851 0.051628
0 0.618301 0.552503 0.053529 0.041595
0 0.748294 0.514925 0.064644 0.049368
0 0.740011 0.448896 0.053555 0.041296
0 0.228342 0.728757 0.042639 0.079284
0 0.722133 0.390667 0.058407 0.038314
0 0.767263 0.556608 0.066740 0.042786
0 0.399744 0.467347 0.059358 0.042480
0 0.611599 0.473047 0.054970 0.046523
0 0.624321 0.589707 0.057391 0.046276
0 0.617344 0.442067 0.055399 0.041439
0 0.548047 0.504059 0.056380 0.045645
0 0.604260 0.384704 0.052895 0.037858
0 0.394530 0.914410 0.086340 0.059540
0 0.634030 0.675710 0.068459 0.058984
0 0.407457 0.783802 0.061849 0.058372
0 0.596879 0.355550 0.051467 0.033470
0 0.728218 0.419883 0.055317 0.042083
0 0.549345 0.434811 0.045990 0.039010
0 0.714557 0.360208 0.050200 0.037474
0 0.550187 0.469365 0.058116 0.040905
0 0.397604 0.500042 0.062804 0.044030
0 0.743379 0.481859 0.062313 0.042116
0 0.612841 0.411536 0.043016 0.035339
0 0.400731 0.401618 0.055239 0.043184
0 0.399349 0.433363 0.047760 0.037871
0 0.628247 0.630908 0.060799 0.045684
0 0.580514 0.211390 0.043207 0.032324
0 0.709429 0.332891 0.056419 0.037201
0 0.686526 0.240410 0.044891 0.029427
0 0.702504 0.307116 0.055000 0.035143
0 0.694073 0.263454 0.050117 0.037155
0 0.697413 0.286120 0.048889 0.029583