0 0.386122 0.613896 0.050212 0.051901
0 0.385812 0.716493 0.072688 0.050795
0 0.385347 0.771341 0.070708 0.055534
0 0.389693 0.570073 0.058128 0.047731
0 0.388106 0.826480 0.070535 0.059009
0 0.537647 0.494225 0.059564 0.046521
0 0.545882 0.571065 0.061592 0.047393
0 0.556283 0.662204 0.062893 0.049568
0 0.735265 0.467063 0.058937 0.042660
0 0.753556 0.538563 0.063068 0.042076
0 0.555934 0.711164 0.074001 0.047728
0 0.750186 0.502881 0.062246 0.040084
0 0.604925 0.495757 0.061711 0.042809
0 0.795792 0.714221 0.066288 0.044605
0 0.558616 0.759628 0.077736 0.052777
0 0.779398 0.663642 0.073695 0.053636
0 0.633422 0.661327 0.068849 0.049577
0 0.630281 0.711876 0.063049 0.050770
0 0.775591 0.620334 0.068620 0.044093
0 0.400414 0.531425 0.054801 0.043472
0 0.624427 0.613419 0.055848 0.051254
0 0.722830 0.400450 0.056482 0.038104
0 0.849229 0.946142 0.087602 0.056152
0 0.768597 0.578510 0.069610 0.045352
0 0.395135 0.490543 0.055053 0.048512
0 0.639756 0.768159 0.070727 0.053302
0 0.838647 0.875510 0.074531 0.049858
0 0.536412 0.453739 0.056767 0.043464
0 0.715828 0.372896 0.053807 0.037814
0 0.609669 0.532121 0.054006 0.039697
0 0.602900 0.458742 0.058122 0.044664
0 0.585926 0.368252 0.057335 0.039676
0 0.704844 0.343601 0.056207 0.037332
0 0.730852 0.432395 0.059459 0.036957
0 0.651735 0.884673 0.062165 0.054131
0 0.533594 0.425120 0.045486 0.044591
0 0.817214 0.759504 0.061014 0.038531
0 0.593937 0.427295 0.061550 0.036565
0 0.694618 0.290712 0.051536 0.035764
0 0.588774 0.393691 0.047006 0.037862
0 0.566491 0.818723 0.072267 0.057049
0 0.819390 0.815400 0.069061 0.046757
0 0.700652 0.316633 0.051480 0.028130
0 0.618204 0.574385 0.057907 0.041532
0 0.398930 0.458553 0.046891 0.040325
0 0.532041 0.393828 0.050445 0.040009
0 0.383564 0.896259 0.085971 0.056340
0 0.570112 0.882487 0.070112 0.061348
0 0.574866 0.956882 0.083081 0.059757
0 0.581798 0.309070 0.038395 0.033804
0 0.584131 0.341167 0.053078 0.035399
0 0.659839 0.955729 0.069278 0.052584
0 0.686548 0.246469 0.044237 0.028796
0 0.689470 0.268379 0.043403 0.030048