0 0.841174 0.901947 0.081306 0.058320
0 0.397563 0.628965 0.061471 0.046432
0 0.840486 0.841462 0.085582 0.057207
0 0.571829 0.839443 0.074171 0.055605
0 0.694455 0.970954 0.080612 0.051283
0 0.312663 0.618281 0.030951 0.070651
0 0.661623 0.901442 0.061788 0.055996
0 0.553010 0.676569 0.072695 0.051354
0 0.652237 0.839538 0.073147 0.053594
0 0.559390 0.723574 0.069735 0.053073
0 0.642936 0.729368 0.073207 0.055859
0 0.397791 0.675514 0.063759 0.050677
0 0.403171 0.845785 0.065872 0.055671
0 0.565056 0.782223 0.071233 0.053340
0 0.400499 0.537591 0.060521 0.050638
0 0.777567 0.595013 0.069249 0.044883
0 0.868286 0.967513 0.087977 0.057865
0 0.784803 0.634837 0.068207 0.048112
0 0.650747 0.782249 0.076250 0.054993
0 0.809143 0.728454 0.061098 0.050866
0 0.395701 0.728984 0.080109 0.058190
0 0.578073 0.900495 0.071068 0.058633
0 0.586152 0.968558 0.062869 0.054408
0 0.824145 0.784619 0.076641 0.059264
0 0.398095 0.973122 0.079505 0.048639
0 0.403079 0.378669 0.058251 0.045527
0 0.400612 0.584329 0.064262 0.049896
0 0.551233 0.546035 0.063012 0.044284
0 0.748641 0.514730 0.065451 0.048561
0 0.549900 0.623610 0.061172 0.053197
0 0.552732 0.583636 0.054353 0.044486
0 0.800697 0.679115 0.079041 0.055365
0 0.721608 0.390488 0.057964 0.038750
0 0.767483 0.556009 0.066415 0.042187
0 0.399579 0.467617 0.058950 0.043477
0 0.618314 0.552617 0.053676 0.041576
0 0.633668 0.674583 0.068099 0.059518
0 0.611495 0.473037 0.055169 0.046452
0 0.742526 0.481201 0.062413 0.040579
0 0.549687 0.469411 0.059766 0.040957
0 0.617309 0.442448 0.056259 0.042786
0 0.624800 0.589840 0.058403 0.045553
0 0.604071 0.384176 0.052925 0.038184
0 0.714590 0.360247 0.050360 0.037721
0 0.739175 0.446937 0.050694 0.040645
0 0.393362 0.913810 0.088371 0.060883
0 0.397888 0.501631 0.062548 0.043418
0 0.728064 0.418698 0.054583 0.041589
0 0.591231 0.277818 0.037124 0.034026
0 0.398539 0.433613 0.048329 0.037982
0 0.628911 0.630495 0.061580 0.045885
0 0.547513 0.504867 0.057865 0.044017
0 0.406892 0.784801 0.063984 0.058145
0 0.612572 0.411302 0.044379 0.036432
0 0.709316 0.332441 0.057001 0.037292
0 0.686421 0.240358 0.045438 0.028568
0 0.598674 0.328688 0.042678 0.038874
0 0.702650 0.306120 0.054484 0.034935
0 0.596886 0.355329 0.050569 0.033014
0 0.697125 0.285566 0.048624 0.030820
0 0.693722 0.262757 0.048850 0.036465