0 0.655889 0.850114 0.067384 0.055091
0 0.394889 0.732205 0.071865 0.058095
0 0.661408 0.908275 0.061132 0.051360
0 0.389180 0.678199 0.067689 0.054763
0 0.638962 0.739482 0.061678 0.048867
0 0.585580 0.975327 0.088497 0.044483
0 0.821676 0.794661 0.075759 0.052300
0 0.643149 0.786044 0.055792 0.043582
0 0.800248 0.689957 0.057584 0.042823
0 0.861031 0.976327 0.082891 0.042876
0 0.852783 0.912398 0.074544 0.053368
0 0.815834 0.739110 0.060499 0.047072
0 0.836002 0.846693 0.070842 0.051594
0 0.581099 0.907182 0.069833 0.054720
0 0.392092 0.851430 0.085798 0.058126
0 0.670272 0.983899 0.060096 0.028796
0 0.684044 0.230819 0.040899 0.037560
0 0.732038 0.400466 0.056757 0.041316
0 0.786022 0.651400 0.061940 0.042357