0 0.395028 0.773197 0.073069 0.057435
0 0.395061 0.660742 0.071250 0.060143
0 0.399785 0.575410 0.066202 0.049284
0 0.583511 0.967148 0.086970 0.058125
0 0.405408 0.534111 0.050851 0.043535
0 0.545484 0.538649 0.056037 0.043197
0 0.393592 0.831748 0.073069 0.055749
0 0.396074 0.714521 0.053103 0.049746
0 0.558362 0.666468 0.072565 0.049082
0 0.655412 0.782643 0.077483 0.053607
0 0.830760 0.839469 0.080130 0.050540
0 0.572467 0.897868 0.074918 0.052585
0 0.403294 0.491673 0.058950 0.044714
0 0.399414 0.617318 0.067613 0.045833
0 0.409173 0.894896 0.077053 0.059701
0 0.574045 0.770221 0.085425 0.062253
0 0.660493 0.900729 0.063398 0.056172
0 0.543735 0.500771 0.049249 0.042194
0 0.815104 0.780820 0.072821 0.057630
0 0.218774 0.682624 0.056463 0.149648
0 0.643368 0.719043 0.072769 0.050768
0 0.777969 0.594365 0.073516 0.045397
0 0.799479 0.683128 0.069826 0.052350
0 0.765093 0.554359 0.068511 0.045592
0 0.638136 0.668861 0.069023 0.052109
0 0.553455 0.578867 0.064271 0.045977
0 0.845586 0.904339 0.073976 0.053600
0 0.404729 0.376878 0.057912 0.044160
0 0.404870 0.453936 0.050538 0.041035
0 0.554878 0.622249 0.067595 0.050371
0 0.537650 0.426969 0.043346 0.041230
0 0.613698 0.536383 0.056441 0.043105
0 0.540677 0.463802 0.052378 0.041680
0 0.792635 0.634316 0.075851 0.053268
0 0.399466 0.969076 0.081632 0.059258
0 0.629438 0.617868 0.053885 0.049329
0 0.655701 0.843210 0.076775 0.057734
0 0.572454 0.831742 0.071784 0.055736
0 0.667589 0.968145 0.062487 0.052943
0 0.812869 0.728340 0.062639 0.051419
0 0.583147 0.365348 0.054896 0.044668
0 0.740870 0.451185 0.060360 0.047956
0 0.404382 0.417425 0.043025 0.039160
0 0.562639 0.712826 0.075521 0.053763
0 0.754115 0.512194 0.057925 0.046289
0 0.859188 0.960309 0.067648 0.052962
0 0.602888 0.464714 0.044918 0.040547
0 0.731066 0.417109 0.056984 0.040872
0 0.624067 0.576113 0.059375 0.045026
0 0.589742 0.401257 0.054822 0.039740
0 0.596526 0.433027 0.054397 0.042279
0 0.721816 0.390264 0.055812 0.037454
0 0.596044 0.279681 0.044631 0.034427
0 0.706380 0.309463 0.044852 0.035046
0 0.589609 0.254801 0.044705 0.032897
0 0.595456 0.326621 0.043142 0.039297
0 0.676100 0.217145 0.045273 0.032194
0 0.685321 0.243548 0.049653 0.033516
0 0.721198 0.360381 0.047023 0.037402
0 0.590495 0.232246 0.046832 0.033281
0 0.702706 0.285391 0.045091 0.033646
0 0.713783 0.338747 0.046706 0.034160
0 0.586860 0.210771 0.042973 0.029460