0 0.210226 0.825755 0.093151 0.063216
0 0.309247 0.609268 0.072730 0.048405
0 0.194355 0.897738 0.093885 0.058457
0 0.762079 0.537210 0.063438 0.044590
0 0.776495 0.578324 0.068572 0.044681
0 0.382205 0.769284 0.079792 0.062526
0 0.389566 0.901715 0.080417 0.063913
0 0.666643 0.891006 0.063129 0.051387
0 0.803496 0.674544 0.077365 0.048919
0 0.754288 0.500332 0.059349 0.041667
0 0.659855 0.825723 0.079327 0.060326
0 0.224323 0.721159 0.069479 0.050443
0 0.861450 0.971208 0.075009 0.052090
0 0.213700 0.768216 0.066081 0.054076
0 0.640356 0.722594 0.076128 0.059538
0 0.399039 0.414889 0.053989 0.040065
0 0.381441 0.622799 0.064722 0.049583
0 0.641595 0.674645 0.073650 0.049772
0 0.732836 0.433047 0.057773 0.043320
0 0.379384 0.574935 0.073429 0.057109
0 0.381944 0.533503 0.067248 0.044844
0 0.380662 0.713288 0.078424 0.061029
0 0.812832 0.731208 0.061141 0.052767
0 0.391554 0.966455 0.074939 0.060072
0 0.632962 0.616208 0.067860 0.052546
0 0.677268 0.961042 0.080846 0.056888
0 0.846888 0.903275 0.073030 0.055039
0 0.543266 0.539154 0.065048 0.049492
0 0.580675 0.969235 0.090586 0.056751
0 0.553451 0.580885 0.050469 0.044115
0 0.393513 0.450163 0.049570 0.041510
0 0.829744 0.836344 0.064366 0.048444
0 0.575362 0.773001 0.075291 0.057604
0 0.557849 0.725635 0.069891 0.052194
0 0.651782 0.776191 0.058008 0.049297
0 0.602112 0.399583 0.056289 0.041680
0 0.620681 0.569863 0.054462 0.049609
0 0.749089 0.464915 0.052543 0.041159
0 0.558620 0.677298 0.070304 0.050339
0 0.386901 0.838486 0.069609 0.058457
0 0.550699 0.623415 0.067040 0.053926
0 0.388435 0.488086 0.050343 0.046133
0 0.607118 0.495033 0.057127 0.045482
0 0.722682 0.399007 0.055226 0.040957
0 0.784961 0.618919 0.057934 0.049688
0 0.578023 0.897607 0.071914 0.057637
0 0.536115 0.432422 0.055608 0.042708
0 0.540052 0.499313 0.059002 0.045449
0 0.825490 0.778177 0.067491 0.054596
0 0.602539 0.431566 0.055495 0.040033
0 0.712947 0.369694 0.052431 0.034674
0 0.609058 0.533076 0.060573 0.046517
0 0.582750 0.233473 0.043572 0.030085
0 0.671482 0.212930 0.048841 0.037435
0 0.709251 0.343691 0.054544 0.034948
0 0.537997 0.466706 0.051376 0.040313
0 0.678835 0.238285 0.043129 0.036074
0 0.587582 0.283577 0.050694 0.036960
0 0.691610 0.287992 0.044653 0.034160
0 0.702843 0.314056 0.047743 0.034128
0 0.587090 0.259287 0.049527 0.039759
0 0.686821 0.265059 0.050864 0.029115
0 0.594440 0.334098 0.055373 0.039017
0 0.592441 0.308796 0.055291 0.038581
0 0.606148 0.461934 0.055334 0.040964
0 0.591593 0.356579 0.046536 0.042350