0 0.651949 0.780918 0.075174 0.053984
0 0.572587 0.783887 0.065642 0.052500
0 0.403867 0.851865 0.074965 0.053574
0 0.402507 0.788148 0.075699 0.054707
0 0.831918 0.774590 0.083229 0.054010
0 0.657739 0.840355 0.056901 0.044616
0 0.635851 0.673132 0.065026 0.050078
0 0.225985 0.799961 0.046762 0.112799
0 0.560675 0.668942 0.072478 0.051400
0 0.645736 0.726051 0.061107 0.047637
0 0.402975 0.731208 0.073989 0.052415
0 0.852656 0.895986 0.072135 0.051673
0 0.579993 0.850163 0.072704 0.054648
0 0.843455 0.835104 0.065521 0.049336
0 0.532227 0.376312 0.052630 0.039238
0 0.656749 0.899079 0.061450 0.050618
0 0.548837 0.612933 0.065434 0.050788
0 0.790543 0.579225 0.058212 0.042682
0 0.569759 0.730612 0.072322 0.049909
0 0.767411 0.495895 0.062548 0.041335
0 0.816589 0.720586 0.068785 0.049479
0 0.678837 0.969561 0.075530 0.056035
0 0.575532 0.224030 0.045082 0.034609
0 0.405755 0.593057 0.068325 0.046113
0 0.606944 0.498493 0.062387 0.044069
0 0.805779 0.670238 0.072687 0.048210
0 0.403338 0.549945 0.051736 0.044915
0 0.780098 0.534492 0.060699 0.043594
0 0.395336 0.635954 0.069857 0.050736
0 0.796031 0.620690 0.064727 0.044635
0 0.410679 0.467256 0.051645 0.042298
0 0.872923 0.962438 0.086549 0.060397
0 0.614824 0.540124 0.057556 0.046667
0 0.551402 0.532679 0.063090 0.045371
0 0.544740 0.571410 0.060773 0.043600
0 0.406246 0.510081 0.047639 0.041790
0 0.625228 0.589941 0.058893 0.044818
0 0.634911 0.628512 0.059032 0.047142
0 0.578403 0.908665 0.070486 0.058281
0 0.401261 0.920540 0.064449 0.055885
0 0.742773 0.420687 0.062283 0.043184
0 0.536617 0.449974 0.060994 0.046341
0 0.725818 0.389795 0.053477 0.036621
0 0.755983 0.458952 0.059605 0.043490
0 0.540323 0.491872 0.051723 0.040879
0 0.586812 0.267731 0.037860 0.034681
0 0.409362 0.420215 0.061823 0.049596
0 0.588770 0.300472 0.047747 0.035879
0 0.704842 0.309212 0.055959 0.040872
0 0.600284 0.430384 0.052148 0.039909
0 0.722151 0.359456 0.055056 0.036361
0 0.607615 0.462900 0.055647 0.039160
0 0.592296 0.363359 0.055286 0.046081
0 0.691495 0.260410 0.045985 0.036003
0 0.591799 0.331999 0.053416 0.040651
0 0.698331 0.284030 0.052140 0.028633
0 0.594727 0.401006 0.057804 0.038639
0 0.690106 0.235166 0.040343 0.032103