0 0.850065 0.900840 0.071701 0.055391
0 0.580543 0.968200 0.087717 0.057520
0 0.793796 0.634915 0.076610 0.049323
0 0.783841 0.588480 0.079297 0.048483
0 0.373344 0.712301 0.074041 0.055085
0 0.363674 0.829427 0.076176 0.062930
0 0.371667 0.769938 0.077908 0.060970
0 0.573470 0.774492 0.071984 0.053177
0 0.834980 0.830033 0.071576 0.052695
0 0.797018 0.681449 0.074939 0.050540
0 0.874523 0.966989 0.090842 0.058874
0 0.568767 0.622585 0.059774 0.046055
0 0.572962 0.718900 0.069145 0.052865
0 0.671580 0.967064 0.084054 0.060013
0 0.589104 0.896100 0.093329 0.068854
0 0.563526 0.578327 0.049562 0.042773
0 0.378275 0.625716 0.070169 0.047409
0 0.620473 0.535514 0.064375 0.043646
0 0.814477 0.776260 0.065534 0.048639
0 0.578125 0.832646 0.073220 0.057402
0 0.808513 0.727461 0.061298 0.051641
0 0.567088 0.668451 0.069661 0.050026
0 0.365475 0.913490 0.074883 0.060586
0 0.641569 0.672282 0.073147 0.052507
0 0.650629 0.777096 0.073082 0.054805
0 0.662118 0.832627 0.075842 0.057116
0 0.649603 0.724938 0.064032 0.050241
0 0.641024 0.618096 0.067491 0.049421
0 0.758644 0.511234 0.056740 0.045605
0 0.633891 0.575257 0.061749 0.045423
0 0.703366 0.345417 0.051280 0.036484
0 0.616406 0.494857 0.057795 0.045234
0 0.716044 0.371260 0.053607 0.040697
0 0.605668 0.428542 0.055148 0.038385
0 0.375979 0.665436 0.052765 0.046198
0 0.733257 0.433525 0.063798 0.040684
0 0.608416 0.461497 0.057734 0.039844
0 0.691680 0.296221 0.044288 0.040267
0 0.740217 0.466299 0.061962 0.046387
0 0.664525 0.894512 0.057062 0.054062