0 0.811810 0.742266 0.075777 0.050319
0 0.637440 0.689357 0.072562 0.049953
0 0.560713 0.680479 0.066233 0.054656
0 0.651936 0.787053 0.065528 0.048365
0 0.791992 0.642400 0.065720 0.049250
0 0.657133 0.843843 0.058605 0.048201
0 0.403878 0.728063 0.076458 0.063436
0 0.410738 0.633213 0.050689 0.047734
0 0.768222 0.564673 0.068259 0.045628
0 0.570090 0.788085 0.071952 0.053493
0 0.748937 0.487309 0.061596 0.041360
0 0.629628 0.640072 0.069322 0.054480
0 0.820677 0.790617 0.068966 0.060992
0 0.577987 0.844864 0.063586 0.054491
0 0.625036 0.597861 0.050410 0.047985
0 0.410069 0.596177 0.059670 0.044704
0 0.798141 0.683610 0.077915 0.046415
0 0.407257 0.680697 0.068783 0.048322
0 0.579302 0.903476 0.075343 0.052359
0 0.731684 0.393418 0.060170 0.037967
0 0.612655 0.556374 0.056809 0.047508
0 0.604801 0.419337 0.049841 0.043331
0 0.644278 0.733573 0.058416 0.046075
0 0.661099 0.915873 0.059401 0.047680
0 0.575666 0.972168 0.089377 0.049836
0 0.715489 0.317570 0.053900 0.039590
0 0.757888 0.524719 0.062391 0.047225
0 0.404788 0.780273 0.058318 0.051991
0 0.839390 0.854110 0.073219 0.064357
0 0.734947 0.425249 0.056614 0.034858
0 0.739605 0.454484 0.061309 0.042959
0 0.662460 0.979206 0.065195 0.037293
0 0.591827 0.359004 0.050054 0.044112
0 0.865184 0.974032 0.085903 0.046939
0 0.400217 0.848645 0.065308 0.053417
0 0.840624 0.908201 0.075078 0.060346
0 0.611025 0.518291 0.056148 0.041198
0 0.707663 0.286751 0.050909 0.035947
0 0.598698 0.451963 0.055057 0.039265
0 0.567608 0.734751 0.073451 0.056340
0 0.557592 0.630208 0.063435 0.045072
0 0.555505 0.588892 0.055923 0.042568
0 0.601830 0.487480 0.055088 0.040064
0 0.592648 0.388572 0.043403 0.035056
0 0.715762 0.358524 0.044237 0.040064
0 0.691139 0.254607 0.043403 0.040064