0 0.368076 0.713942 0.068642 0.051664
0 0.560941 0.834745 0.081860 0.064040
0 0.370393 0.657709 0.071884 0.053179
0 0.621594 0.602077 0.063020 0.044445
0 0.667430 0.828996 0.064772 0.051855
0 0.554060 0.659084 0.057604 0.047179
0 0.373692 0.768431 0.077335 0.053588
0 0.726451 0.402089 0.055045 0.044136
0 0.640596 0.721118 0.052671 0.042797
0 0.743414 0.468245 0.058893 0.050139
0 0.647544 0.768132 0.057169 0.053328
0 0.795163 0.672278 0.071227 0.050019
0 0.607109 0.535659 0.054184 0.045395
0 0.581179 0.279236 0.048668 0.036456
0 0.545591 0.563585 0.061677 0.045344
0 0.374463 0.611265 0.051314 0.047785
0 0.375217 0.838041 0.070947 0.055088
0 0.748576 0.500561 0.051069 0.034882
0 0.714535 0.340528 0.048461 0.040999
0 0.380979 0.565761 0.063011 0.050327
0 0.603963 0.493879 0.052127 0.048012
0 0.558427 0.766051 0.073451 0.051332
0 0.676836 0.893386 0.064528 0.051901
0 0.575120 0.888747 0.066774 0.063852
0 0.756102 0.536186 0.068161 0.042812
0 0.553429 0.606276 0.051730 0.047864
0 0.571650 0.154794 0.039788 0.029691
0 0.783743 0.621909 0.076701 0.044143
0 0.766259 0.576372 0.063435 0.042568
0 0.540454 0.486621 0.048614 0.037905
0 0.736057 0.434080 0.056290 0.036960
0 0.593281 0.424429 0.056053 0.039836
0 0.586729 0.964644 0.087355 0.059644
0 0.844273 0.877842 0.069234 0.059774
0 0.721088 0.368999 0.049845 0.037463
0 0.381200 0.528262 0.063592 0.043432
0 0.542727 0.526673 0.057259 0.041215
0 0.822870 0.818329 0.060938 0.049131
0 0.701485 0.312815 0.048326 0.037628
0 0.575609 0.253656 0.050068 0.034404
0 0.693176 0.263715 0.052684 0.030735
0 0.702416 0.284104 0.043415 0.030723
0 0.862983 0.764803 0.064022 0.050783
0 0.536704 0.392677 0.045115 0.035755
0 0.526290 0.362804 0.054295 0.037498
0 0.532344 0.427250 0.059779 0.041640
0 0.678347 0.183065 0.036427 0.030392
0 0.672552 0.970591 0.060963 0.050252
0 0.588318 0.360782 0.057870 0.033850
0 0.684891 0.209496 0.040151 0.030524
0 0.598261 0.393989 0.054516 0.036218
0 0.601819 0.462494 0.052106 0.046420
0 0.391562 0.418090 0.063186 0.039887
0 0.961720 0.868201 0.066445 0.115570
0 0.590301 0.332875 0.042545 0.029490
0 0.800463 0.715365 0.077882 0.042783
0 0.386849 0.351648 0.052052 0.034683
0 0.391493 0.386694 0.055088 0.036308
0 0.857656 0.963241 0.070947 0.057592
0 0.691139 0.243339 0.050080 0.027544