0 0.774280 0.596093 0.062418 0.050709
0 0.655198 0.845868 0.065674 0.057627
0 0.356215 0.701602 0.073033 0.053578
0 0.762602 0.545343 0.062668 0.046426
0 0.568219 0.838897 0.072730 0.055483
0 0.752880 0.508981 0.067642 0.040485
0 0.640218 0.730950 0.060896 0.050115
0 0.667364 0.903564 0.058434 0.051768
0 0.625509 0.635176 0.061503 0.053950
0 0.808287 0.739611 0.066619 0.050515
0 0.359290 0.753753 0.055086 0.051215
0 0.787140 0.642327 0.067223 0.047893
0 0.635823 0.681914 0.057994 0.047215
0 0.359013 0.805933 0.074707 0.056576
0 0.356255 0.650781 0.071594 0.052790
0 0.652285 0.786195 0.076825 0.052453
0 0.803039 0.684755 0.057341 0.045225
0 0.744399 0.471684 0.066774 0.044022
0 0.619933 0.587020 0.058922 0.053142
0 0.585605 0.971855 0.089241 0.049971
0 0.726326 0.410875 0.059834 0.039277
0 0.545260 0.535888 0.066509 0.048872
0 0.551709 0.581195 0.063398 0.047272
0 0.550897 0.623497 0.061610 0.047335
0 0.850161 0.841286 0.085932 0.055700
0 0.832237 0.787125 0.064380 0.045833
0 0.548886 0.668321 0.073807 0.049603
0 0.619388 0.548721 0.057128 0.042198
0 0.713133 0.350278 0.052834 0.034841
0 0.542894 0.497407 0.050191 0.041654
0 0.536390 0.457860 0.049438 0.039437
0 0.534802 0.421278 0.054125 0.038755
0 0.566060 0.775066 0.056077 0.050460
0 0.579462 0.228826 0.036388 0.037330
0 0.566811 0.727763 0.067039 0.052143
0 0.701805 0.294576 0.049995 0.030011
0 0.710150 0.263678 0.050830 0.036021
0 0.613132 0.511615 0.057713 0.046296
0 0.603164 0.444375 0.054161 0.045130
0 0.853474 0.907272 0.070892 0.054870
0 0.364482 0.607285 0.051453 0.040058
0 0.708103 0.320025 0.049539 0.033176
0 0.597954 0.409687 0.049647 0.036024
0 0.589585 0.386500 0.057875 0.039677
0 0.717451 0.377258 0.047858 0.035150
0 0.864601 0.972523 0.085434 0.049864
0 0.370541 0.564715 0.066279 0.046889
0 0.588763 0.281398 0.039488 0.029793
0 0.579797 0.901801 0.070613 0.066155
0 0.400565 0.471709 0.057925 0.045161
0 0.587275 0.327159 0.038439 0.032195
0 0.400488 0.434410 0.057380 0.040518
0 0.690571 0.208088 0.044539 0.030909
0 0.605988 0.476608 0.046264 0.034830
0 0.407275 0.384321 0.059070 0.043635
0 0.532170 0.389404 0.044032 0.029890
0 0.375107 0.515595 0.063180 0.045939
0 0.383564 0.876227 0.084302 0.057592
0 0.525457 0.359150 0.050915 0.035056
0 0.667768 0.978478 0.066774 0.041742
0 0.590979 0.356646 0.048411 0.035056
0 0.583884 0.256485 0.034221 0.030048
0 0.692808 0.233949 0.038395 0.032552
0 0.732873 0.441156 0.058427 0.036308