0 0.367407 0.714141 0.068470 0.050690
0 0.374910 0.765137 0.082258 0.057640
0 0.370293 0.657988 0.070879 0.052484
0 0.742630 0.468771 0.058991 0.045067
0 0.782749 0.626081 0.071560 0.044934
0 0.626900 0.656198 0.073391 0.054440
0 0.725885 0.402675 0.054662 0.039293
0 0.793199 0.671204 0.067906 0.048849
0 0.557590 0.766169 0.074948 0.051644
0 0.735467 0.436836 0.055481 0.034300
0 0.381494 0.484414 0.063719 0.045195
0 0.664940 0.830485 0.062724 0.047540
0 0.749890 0.501455 0.047766 0.038032
0 0.546023 0.563413 0.060440 0.046235
0 0.649955 0.769510 0.056649 0.047653
0 0.373794 0.610768 0.050563 0.046961
0 0.544578 0.523737 0.055191 0.038390
0 0.607893 0.537510 0.057985 0.048928
0 0.561258 0.835689 0.080822 0.062831
0 0.380747 0.565859 0.063713 0.048454
0 0.376641 0.836093 0.071277 0.055509
0 0.621894 0.602008 0.059912 0.041822
0 0.824882 0.821220 0.064712 0.052423
0 0.554159 0.652895 0.059502 0.045503
0 0.605344 0.497535 0.056407 0.048750
0 0.529357 0.426949 0.057317 0.039228
0 0.563433 0.706100 0.073455 0.054798
0 0.706115 0.316931 0.039965 0.028421
0 0.554415 0.604444 0.057080 0.047772
0 0.540515 0.487306 0.049478 0.038396
0 0.592444 0.423713 0.052305 0.037772
0 0.803127 0.718415 0.079591 0.042635
0 0.385233 0.447416 0.055923 0.041316
0 0.381060 0.528796 0.065939 0.043820
0 0.361028 0.902519 0.060931 0.057592
0 0.640642 0.721605 0.054253 0.046324
0 0.573451 0.895007 0.066774 0.057592
0 0.586806 0.965745 0.088475 0.061348
0 0.676115 0.972218 0.065104 0.054262
0 0.679454 0.899389 0.068443 0.056340
0 0.591396 0.333484 0.042568 0.041316
0 0.582632 0.363532 0.050080 0.038812
0 0.599326 0.396084 0.055088 0.036308
0 0.598908 0.463692 0.054253 0.041316
0 0.842214 0.887495 0.068443 0.055088
0 0.854734 0.958233 0.070112 0.058844
0 0.862246 0.769181 0.061765 0.056340
0 0.766259 0.582006 0.058427 0.042568
0 0.759165 0.542568 0.055923 0.041316
0 0.715345 0.345378 0.046741 0.035056
0 0.720770 0.374174 0.057592 0.032552