0 0.827500 0.785851 0.082869 0.053585
0 0.659797 0.851292 0.066294 0.066048
0 0.805819 0.735776 0.077805 0.063228
0 0.647738 0.779878 0.062001 0.053663
0 0.582394 0.838474 0.073824 0.063063
0 0.667406 0.909998 0.062036 0.053685
0 0.802194 0.681884 0.066379 0.053464
0 0.640406 0.732214 0.061026 0.054115
0 0.631539 0.685696 0.065743 0.046884
0 0.578626 0.782087 0.052885 0.055211
0 0.825273 0.842708 0.063721 0.052636
0 0.565280 0.734996 0.076829 0.057521
0 0.871730 0.973940 0.075042 0.046999
0 0.850696 0.909370 0.076029 0.054262
0 0.580205 0.899806 0.070457 0.068317
0 0.585717 0.965593 0.071687 0.062173
0 0.665016 0.976471 0.063921 0.041835
0 0.399910 0.842833 0.083385 0.055828