0 0.377910 0.719463 0.081037 0.064720
0 0.577014 0.967812 0.088698 0.056510
0 0.382626 0.778057 0.074809 0.057754
0 0.376812 0.661286 0.074067 0.056361
0 0.567435 0.841859 0.082361 0.058340
0 0.380547 0.610680 0.066684 0.050059
0 0.802348 0.731615 0.082144 0.053411
0 0.664028 0.901885 0.061484 0.053457
0 0.386452 0.567357 0.066246 0.049297
0 0.630703 0.634531 0.072118 0.053516
0 0.249755 0.642197 0.041020 0.094382
0 0.647211 0.778431 0.070239 0.055000
0 0.576280 0.900293 0.076797 0.056966
0 0.621024 0.551706 0.055278 0.044388
0 0.617656 0.511667 0.057378 0.047878
0 0.670647 0.971396 0.075321 0.051191
0 0.639887 0.681113 0.060373 0.047188
0 0.380336 0.909528 0.076610 0.065814
0 0.763218 0.554736 0.071905 0.045944
0 0.834076 0.839355 0.083151 0.057383
0 0.798934 0.684365 0.070161 0.049277
0 0.562604 0.729395 0.075668 0.053789
0 0.790339 0.635052 0.076007 0.054857
0 0.556764 0.676989 0.056628 0.050801
0 0.642031 0.728005 0.072778 0.053431
0 0.755072 0.514505 0.064188 0.046901
0 0.197888 0.760977 0.037001 0.081562
0 0.553312 0.588317 0.051545 0.046452
0 0.824967 0.782594 0.067808 0.053717
0 0.393867 0.490199 0.050365 0.040358
0 0.392730 0.527936 0.065191 0.045000
0 0.860844 0.968906 0.086089 0.055638
0 0.768802 0.593519 0.072014 0.049785
0 0.708199 0.333451 0.052648 0.035781
0 0.554397 0.631934 0.070200 0.053112
0 0.716471 0.363669 0.057500 0.036673
0 0.845911 0.897917 0.074236 0.058997
0 0.626667 0.592812 0.053281 0.043411
0 0.538140 0.404531 0.061549 0.044401
0 0.562912 0.781628 0.075278 0.054792
0 0.610985 0.441748 0.056389 0.040853
0 0.546675 0.510492 0.059323 0.041439
0 0.551955 0.547171 0.057990 0.047507
0 0.739475 0.450716 0.060382 0.039284
0 0.654147 0.838695 0.071124 0.056517
0 0.704238 0.310234 0.052391 0.033919
0 0.723785 0.391849 0.056519 0.034023
0 0.744392 0.479157 0.056155 0.040397
0 0.392895 0.439202 0.063628 0.048014
0 0.380816 0.837848 0.083203 0.068171
0 0.595911 0.309512 0.054410 0.044036
0 0.616139 0.477380 0.057617 0.043353
0 0.597671 0.374642 0.055378 0.039909
0 0.605332 0.406585 0.054848 0.039134
0 0.728939 0.418796 0.053303 0.036641
0 0.539891 0.473219 0.054609 0.045163
0 0.691226 0.258805 0.047661 0.031478
0 0.601287 0.347220 0.051306 0.038581
0 0.591673 0.281608 0.050690 0.036771
0 0.581855 0.232321 0.045490 0.034928
0 0.400280 0.408441 0.056437 0.042507
0 0.539293 0.442061 0.054783 0.039980
0 0.692841 0.284977 0.051515 0.035905
0 0.586669 0.256299 0.048398 0.034499
0 0.683190 0.227513 0.042491 0.041484
0 0.404668 0.379655 0.044857 0.036263