0 0.601592 0.305447 0.047216 0.036042
0 0.758372 0.512154 0.064157 0.042582
0 0.327157 0.832531 0.082819 0.054536
0 0.776693 0.601534 0.071762 0.049299
0 0.789687 0.643789 0.070023 0.046216
0 0.524159 0.432722 0.048843 0.039092
0 0.623297 0.645385 0.064152 0.048352
0 0.795036 0.693224 0.074950 0.045527
0 0.735261 0.441205 0.056031 0.036810
0 0.745722 0.476611 0.065900 0.038970
0 0.514668 0.395338 0.055548 0.041844
0 0.604569 0.518533 0.056674 0.041824
0 0.611524 0.597306 0.059434 0.044645
0 0.594625 0.482047 0.042344 0.042572
0 0.720578 0.408866 0.056114 0.035035
0 0.717609 0.376556 0.056732 0.037614
0 0.699400 0.276912 0.046367 0.031693
0 0.702989 0.346165 0.056248 0.036758
0 0.535651 0.504210 0.051797 0.038026
0 0.631057 0.704224 0.065364 0.047172
0 0.691489 0.253221 0.047239 0.032079
0 0.550689 0.688982 0.075414 0.055514
0 0.610832 0.558559 0.050630 0.037052
0 0.394119 0.427069 0.062014 0.044287
0 0.586133 0.448128 0.050014 0.040381
0 0.530891 0.469598 0.052868 0.035044
0 0.395103 0.534074 0.068036 0.044937
0 0.403436 0.673246 0.066823 0.050210
0 0.400698 0.463114 0.045416 0.041218
0 0.405276 0.923286 0.083788 0.062807
0 0.409846 0.850526 0.070900 0.055624
0 0.550913 0.631148 0.061105 0.047170
0 0.402026 0.628156 0.050616 0.039432
0 0.810019 0.749298 0.067066 0.049932
0 0.689613 0.227241 0.035989 0.027579
0 0.654668 0.809531 0.078323 0.053489
0 0.405179 0.790732 0.060453 0.048558
0 0.395666 0.586388 0.063435 0.045072
0 0.566774 0.760417 0.065104 0.050080
0 0.573034 0.813001 0.075955 0.052584
0 0.583050 0.871219 0.080963 0.058844
0 0.584719 0.930689 0.062600 0.052584
0 0.673194 0.938827 0.079294 0.061348
0 0.662760 0.874975 0.061765 0.053836
0 0.638972 0.754783 0.067608 0.056340
0 0.544655 0.590770 0.069278 0.048828
0 0.539229 0.548828 0.063435 0.045072
0 0.586388 0.422376 0.052584 0.037560
0 0.583050 0.390450 0.047576 0.038812
0 0.825521 0.813627 0.068443 0.051332
0 0.837206 0.878105 0.071782 0.052584
0 0.865585 0.946965 0.093483 0.057592
0 0.770850 0.556966 0.059261 0.043820
0 0.713675 0.310322 0.043403 0.036308
0 0.686966 0.212039 0.043403 0.030048
0 0.672776 0.190129 0.048411 0.036308
0 0.602664 0.334110 0.050080 0.038812