0 0.315271 0.846949 0.065221 0.056278
0 0.357133 0.716912 0.069254 0.050564
0 0.320201 0.772609 0.076127 0.058292
0 0.353652 0.667431 0.070602 0.051927
0 0.575324 0.171570 0.041857 0.030548
0 0.756491 0.519635 0.063096 0.049623
0 0.788521 0.646749 0.063722 0.043291
0 0.773715 0.562985 0.067495 0.045555
0 0.701777 0.290117 0.053241 0.036023
0 0.782535 0.600160 0.061765 0.041316
0 0.801455 0.695843 0.069556 0.052775
0 0.691989 0.254140 0.040860 0.038391
0 0.727479 0.441853 0.053483 0.039921
0 0.723634 0.403018 0.058176 0.038934
0 0.608060 0.529031 0.059553 0.043538
0 0.675264 0.926234 0.070979 0.052437
0 0.712774 0.319243 0.050653 0.033979
0 0.822939 0.791269 0.067453 0.057235
0 0.618253 0.608139 0.060448 0.045391
0 0.580600 0.278236 0.048804 0.040299
0 0.629810 0.652564 0.048356 0.038537
0 0.564567 0.649087 0.063756 0.047622
0 0.714170 0.374164 0.049556 0.033513
0 0.599256 0.454489 0.055761 0.041384
0 0.631440 0.694556 0.062800 0.048068
0 0.654796 0.808620 0.062912 0.050240
0 0.843078 0.843016 0.067666 0.051397
0 0.686020 0.231185 0.047777 0.032631
0 0.642090 0.745236 0.063225 0.048865
0 0.601961 0.490662 0.052027 0.036709
0 0.356100 0.620768 0.050896 0.046266
0 0.543020 0.518852 0.058188 0.042252
0 0.754393 0.476173 0.065255 0.041051
0 0.538605 0.478177 0.057397 0.043838
0 0.663851 0.860789 0.058863 0.051713
0 0.596768 0.315603 0.040127 0.032284
0 0.580897 0.866448 0.081636 0.058257
0 0.714481 0.342944 0.043875 0.029532
0 0.359415 0.534550 0.050922 0.044566
0 0.552300 0.600940 0.056307 0.043076
0 0.578283 0.338703 0.056348 0.043904
0 0.580044 0.808872 0.075574 0.057011
0 0.686346 0.211583 0.049754 0.037702
0 0.358797 0.576684 0.050297 0.045531
0 0.850480 0.903976 0.079131 0.057182
0 0.379423 0.496223 0.064659 0.040431
0 0.589262 0.937051 0.079842 0.056495
0 0.592036 0.395985 0.044629 0.039971
0 0.532042 0.413188 0.048856 0.039435
0 0.535743 0.448769 0.050620 0.038611
0 0.384357 0.453783 0.044690 0.038965
0 0.402378 0.414770 0.061331 0.044943
0 0.402745 0.376000 0.058845 0.040005
0 0.871023 0.968376 0.091309 0.055937
0 0.568026 0.752905 0.073451 0.056340
0 0.595987 0.990785 0.080963 0.016276
0 0.589727 0.368540 0.043403 0.033804
0 0.683627 0.980143 0.067608 0.037560