0 0.562974 0.741733 0.075531 0.052635
0 0.765926 0.562916 0.065799 0.041318
0 0.568242 0.793699 0.067614 0.054885
0 0.812278 0.743117 0.076565 0.047119
0 0.574994 0.853702 0.074683 0.056276
0 0.773389 0.602622 0.069999 0.054162
0 0.831448 0.844732 0.079958 0.056729
0 0.644128 0.732762 0.068149 0.054904
0 0.652681 0.788389 0.076917 0.048432
0 0.564613 0.688422 0.068997 0.051210
0 0.639580 0.685750 0.061385 0.045980
0 0.795343 0.646438 0.064533 0.050466
0 0.760152 0.524833 0.063104 0.041869
0 0.864967 0.970613 0.091380 0.052303
0 0.385578 0.671355 0.070423 0.048206
0 0.385986 0.623932 0.066569 0.046601
0 0.360882 0.784205 0.076246 0.052584
0 0.831643 0.792969 0.066215 0.050080
0 0.625905 0.639319 0.062026 0.043262
0 0.680628 0.971828 0.076435 0.050324
0 0.794202 0.690365 0.079233 0.047813
0 0.550453 0.634432 0.061181 0.052111
0 0.375442 0.721288 0.074057 0.052176
0 0.619623 0.593133 0.062274 0.044403
0 0.545639 0.553886 0.059283 0.042255
0 0.548047 0.589572 0.048648 0.044591
0 0.610530 0.518154 0.064397 0.041316
0 0.735135 0.421953 0.057941 0.041768
0 0.741888 0.456781 0.064270 0.042342
0 0.613442 0.555928 0.053403 0.044048
0 0.367004 0.852263 0.064001 0.053484
0 0.387059 0.581927 0.048844 0.038795
0 0.537989 0.514481 0.056989 0.041193
0 0.669584 0.904455 0.061076 0.056918
0 0.849745 0.909405 0.071745 0.052584
0 0.584972 0.910667 0.071869 0.059455
0 0.541352 0.441928 0.055173 0.037288
0 0.383392 0.543966 0.046536 0.039106
0 0.656165 0.851583 0.056594 0.052125
0 0.608568 0.483724 0.056636 0.042568
0 0.752994 0.491303 0.055846 0.034550
0 0.720770 0.371670 0.052584 0.033804
0 0.543820 0.479342 0.049245 0.041316
0 0.606420 0.450546 0.059261 0.041316
0 0.599326 0.417994 0.053419 0.038812
0 0.593483 0.385442 0.051749 0.041316
0 0.727865 0.394206 0.050080 0.031300
0 0.591704 0.974823 0.067593 0.047261