0 0.398045 0.787035 0.078841 0.056139
0 0.625406 0.546016 0.061359 0.044102
0 0.795341 0.635013 0.069735 0.044362
0 0.390061 0.842510 0.060825 0.052676
0 0.571081 0.726390 0.064019 0.047715
0 0.871673 0.952923 0.091272 0.058424
0 0.799562 0.681768 0.066259 0.045111
0 0.655790 0.780895 0.073229 0.052246
0 0.589032 0.898141 0.078134 0.057233
0 0.850599 0.893236 0.073698 0.053867
0 0.811595 0.731006 0.072548 0.048600
0 0.393498 0.666077 0.076528 0.055879
0 0.593405 0.969945 0.084631 0.056673
0 0.394633 0.380954 0.054900 0.043066
0 0.572760 0.778750 0.074983 0.054714
0 0.385597 0.895560 0.063286 0.057812
0 0.583800 0.832227 0.070525 0.051784
0 0.399870 0.721768 0.069167 0.052585
0 0.629351 0.625911 0.061636 0.046901
0 0.650284 0.725889 0.061385 0.047819
0 0.780924 0.589215 0.059175 0.047194
0 0.768665 0.547858 0.068060 0.043984
0 0.624570 0.584863 0.054653 0.041810
0 0.640996 0.673503 0.054761 0.050260
0 0.748618 0.476735 0.062444 0.041934
0 0.662550 0.838561 0.064926 0.051589
0 0.840339 0.832174 0.069505 0.049844
0 0.830197 0.779128 0.068832 0.049375
0 0.666222 0.898271 0.059336 0.052702
0 0.757964 0.513818 0.062127 0.039173
0 0.676278 0.970986 0.076766 0.056309