0 0.398003 0.784967 0.079375 0.057435
0 0.399785 0.719079 0.069058 0.052337
0 0.392964 0.662881 0.079167 0.059277
0 0.624952 0.542262 0.060964 0.046855
0 0.655716 0.776794 0.074661 0.055723
0 0.394672 0.495133 0.058937 0.042350
0 0.216877 0.740651 0.052062 0.115260
0 0.795339 0.632627 0.070538 0.048809
0 0.573615 0.777555 0.076597 0.056777
0 0.589147 0.895326 0.078103 0.056771
0 0.390382 0.840843 0.060894 0.050462
0 0.584288 0.829681 0.070512 0.054297
0 0.380996 0.961107 0.084206 0.063815
0 0.649464 0.723711 0.063806 0.049635
0 0.557487 0.540296 0.059505 0.044434
0 0.540942 0.425625 0.060009 0.046667
0 0.812168 0.727324 0.077131 0.053073
0 0.396354 0.614801 0.067717 0.048079
0 0.839737 0.828164 0.072018 0.050182
0 0.665373 0.892419 0.060703 0.051517
0 0.848366 0.888477 0.077522 0.055885
0 0.571439 0.672689 0.070056 0.050898
0 0.570718 0.724089 0.064735 0.048685
0 0.629162 0.622340 0.063255 0.048887
0 0.564575 0.622008 0.065790 0.046204
0 0.624169 0.581331 0.055707 0.043796
0 0.661615 0.835384 0.064549 0.052253
0 0.385512 0.894378 0.063194 0.056582
0 0.594822 0.967422 0.084870 0.060208
0 0.770041 0.544027 0.068841 0.045488
0 0.733303 0.432910 0.062170 0.044401
0 0.704023 0.343369 0.053151 0.039616
0 0.397452 0.572933 0.065434 0.045306
0 0.555356 0.501416 0.058255 0.042936
0 0.830046 0.772744 0.071141 0.053887
0 0.407235 0.381484 0.058056 0.045768
0 0.799256 0.679743 0.070022 0.051426
0 0.404820 0.421784 0.042756 0.041797
0 0.673477 0.240801 0.050339 0.036536
0 0.551072 0.465505 0.049679 0.040163
0 0.873101 0.948118 0.088581 0.059518
0 0.748843 0.473330 0.061862 0.045228
0 0.689616 0.294925 0.052799 0.040918
0 0.623255 0.502572 0.062101 0.047253
0 0.780970 0.580120 0.057148 0.054603
0 0.758440 0.509499 0.064301 0.039974
0 0.641137 0.670863 0.055582 0.051790
0 0.580738 0.259395 0.046450 0.035911
0 0.719735 0.400576 0.052648 0.039421
0 0.677878 0.269971 0.047552 0.033535
0 0.610404 0.432594 0.053238 0.039863
0 0.592917 0.340859 0.052205 0.037435
0 0.669850 0.965221 0.067799 0.056107
0 0.616220 0.463818 0.052665 0.045098
0 0.605315 0.400970 0.052747 0.039180
0 0.583220 0.286755 0.038767 0.034928
0 0.597385 0.371481 0.055456 0.038613
0 0.712342 0.373197 0.049084 0.033984
0 0.589464 0.315482 0.047418 0.035898
0 0.582201 0.234736 0.036736 0.031361
0 0.584720 0.211325 0.036532 0.033496