0 0.802068 0.690303 0.078183 0.050222
0 0.816825 0.740602 0.072184 0.050421
0 0.570370 0.790724 0.077943 0.055606
0 0.748205 0.464719 0.058525 0.045324
0 0.774354 0.573298 0.055592 0.043931
0 0.566705 0.733146 0.066910 0.058139
0 0.792540 0.647895 0.059285 0.047259
0 0.379074 0.856279 0.084935 0.051500
0 0.571353 0.847714 0.070969 0.056907
0 0.764015 0.533005 0.055880 0.046988
0 0.556152 0.586538 0.061956 0.046143
0 0.743158 0.426935 0.057088 0.044320
0 0.843674 0.845239 0.087225 0.056965
0 0.823536 0.793992 0.068286 0.049177
0 0.617459 0.421183 0.055546 0.035174
0 0.787298 0.612038 0.056413 0.038780
0 0.619411 0.517122 0.057111 0.043179
0 0.378192 0.685291 0.066512 0.050835
0 0.580500 0.909405 0.074376 0.060096
0 0.354943 0.787961 0.078109 0.057592
0 0.756390 0.500179 0.052973 0.038311
0 0.863903 0.976566 0.078485 0.041674
0 0.732984 0.398696 0.056599 0.038589
0 0.699188 0.264900 0.048867 0.034745
0 0.848667 0.904976 0.070745 0.051149
0 0.353294 0.732692 0.055496 0.047466
0 0.622382 0.555654 0.055054 0.041665
0 0.612842 0.476812 0.055293 0.046692
0 0.635101 0.686193 0.057758 0.047429
0 0.561274 0.628838 0.059651 0.042287
0 0.629019 0.600137 0.065286 0.049228
0 0.415841 0.381925 0.058138 0.045878
0 0.704387 0.299794 0.047449 0.045240
0 0.714571 0.334214 0.053890 0.041151
0 0.397262 0.517031 0.065171 0.043672
0 0.595087 0.383740 0.047948 0.038650
0 0.555488 0.544998 0.060921 0.045395
0 0.582986 0.971972 0.086098 0.050014
0 0.690362 0.234966 0.041951 0.030974
0 0.565288 0.682492 0.065775 0.043898
0 0.392154 0.554462 0.065179 0.046066
0 0.631768 0.644269 0.053637 0.038138
0 0.725484 0.369534 0.050987 0.035782
0 0.402272 0.481126 0.055123 0.039784
0 0.612315 0.448495 0.054967 0.031313
0 0.389824 0.597656 0.051749 0.042568
0 0.383981 0.637720 0.070112 0.047576
0 0.583050 0.237705 0.037560 0.036308
0 0.594735 0.321590 0.055923 0.046324
0 0.592648 0.352890 0.045072 0.036308
0 0.644398 0.739133 0.058427 0.047576
0 0.652327 0.792343 0.062600 0.048828
0 0.659004 0.846805 0.067608 0.055088
0 0.665682 0.910031 0.059261 0.051332
0 0.676115 0.975135 0.081798 0.043820