0 0.398006 0.786370 0.078876 0.056296
0 0.795343 0.634261 0.069818 0.044759
0 0.396691 0.617292 0.066662 0.045482
0 0.389996 0.841875 0.061033 0.051758
0 0.871450 0.952106 0.091128 0.057910
0 0.385610 0.894854 0.063329 0.056986
0 0.399983 0.720596 0.068837 0.053171
0 0.799093 0.681335 0.066389 0.045729
0 0.811419 0.729935 0.072092 0.048229
0 0.593299 0.969473 0.084705 0.057852
0 0.850595 0.892630 0.073403 0.054310
0 0.393529 0.665475 0.076528 0.055013
0 0.625200 0.544723 0.060938 0.045254
0 0.589084 0.897790 0.077925 0.057949
0 0.748451 0.475492 0.062031 0.043991
0 0.572908 0.778913 0.076701 0.054167
0 0.571326 0.675335 0.068980 0.050579
0 0.570983 0.726247 0.063832 0.049225
0 0.655788 0.781647 0.073199 0.053841
0 0.768735 0.547480 0.067765 0.043893
0 0.583865 0.832340 0.070760 0.053392
0 0.781018 0.588389 0.058911 0.047689
0 0.564086 0.625101 0.064709 0.046087
0 0.624262 0.585264 0.055043 0.043965
0 0.733943 0.435697 0.059796 0.041979
0 0.666072 0.897839 0.059106 0.052578
0 0.829742 0.778125 0.068876 0.049909
0 0.650323 0.727005 0.061454 0.049284
0 0.840343 0.831641 0.069514 0.050234
0 0.623702 0.506406 0.063429 0.045456
0 0.662522 0.839131 0.063993 0.053405
0 0.719293 0.403962 0.052908 0.038092
0 0.617413 0.468174 0.053307 0.044850
0 0.630200 0.627793 0.061207 0.046406
0 0.757990 0.513197 0.062075 0.038503
0 0.641293 0.675254 0.055043 0.051966
0 0.676339 0.970368 0.076992 0.057663
0 0.712956 0.376973 0.052248 0.032839