0 0.647750 0.834733 0.074614 0.059727
0 0.564907 0.784160 0.069249 0.051940
0 0.583531 0.954577 0.087721 0.062161
0 0.846944 0.896016 0.070217 0.054544
0 0.642396 0.778363 0.054002 0.044303
0 0.391760 0.844785 0.082921 0.062734
0 0.390139 0.785840 0.070946 0.055404
0 0.627758 0.676130 0.071515 0.056257
0 0.805731 0.724294 0.059475 0.048118
0 0.623019 0.630267 0.056367 0.043464
0 0.406667 0.548525 0.063941 0.049147
0 0.672335 0.962096 0.077118 0.064779
0 0.731083 0.389092 0.051628 0.037923
0 0.861940 0.962786 0.075269 0.057943
0 0.812387 0.778506 0.070495 0.053822
0 0.690271 0.242188 0.042027 0.038151