0 0.661280 0.881608 0.074688 0.054948
0 0.390684 0.751839 0.073329 0.059772
0 0.381382 0.693682 0.079822 0.064512
0 0.564536 0.827799 0.071519 0.058216
0 0.577344 0.884925 0.074280 0.057975
0 0.564905 0.706221 0.074097 0.058001
0 0.817378 0.727913 0.075104 0.052116
0 0.810033 0.677477 0.077530 0.050618
0 0.389950 0.803711 0.060786 0.054271
0 0.386174 0.636895 0.064648 0.052878
0 0.794323 0.631341 0.063012 0.051133
0 0.876732 0.969261 0.083837 0.055892
0 0.778062 0.586992 0.069145 0.051784
0 0.866198 0.896361 0.087005 0.058034
0 0.546977 0.606976 0.057990 0.045736
0 0.656161 0.824535 0.065247 0.053717
0 0.649444 0.772116 0.067144 0.055339
0 0.377745 0.923737 0.076454 0.060221
0 0.736884 0.432962 0.057057 0.042057
0 0.744798 0.467770 0.058919 0.040618
0 0.844725 0.840457 0.078076 0.053297
0 0.627146 0.629782 0.057409 0.045723
0 0.671220 0.952539 0.062587 0.054479
0 0.589750 0.958532 0.084197 0.066270
0 0.756567 0.503070 0.064288 0.044668
0 0.555243 0.652096 0.073333 0.053151
0 0.570588 0.760199 0.076350 0.057428
0 0.712206 0.336686 0.057463 0.034948
0 0.633077 0.674616 0.064080 0.048151
0 0.638683 0.723770 0.054900 0.044206
0 0.378103 0.857067 0.065234 0.058548
0 0.583683 0.234010 0.045681 0.036862
0 0.390145 0.593164 0.062721 0.047852
0 0.396421 0.510312 0.061966 0.042721
0 0.393077 0.474798 0.059531 0.043464
0 0.619019 0.589326 0.059948 0.046230
0 0.395530 0.435820 0.057986 0.046146
0 0.610536 0.473128 0.052687 0.041738
0 0.586751 0.294600 0.048641 0.034525
0 0.765966 0.539153 0.059769 0.045037
0 0.553053 0.523867 0.048216 0.043646
0 0.720816 0.366315 0.058498 0.039036
0 0.619599 0.510840 0.057348 0.046107
0 0.592949 0.351270 0.049779 0.037786
0 0.395473 0.545436 0.061345 0.051445
0 0.626013 0.550882 0.060282 0.045358
0 0.585067 0.267952 0.049266 0.034642
0 0.732240 0.397686 0.055095 0.042988
0 0.590577 0.383773 0.056780 0.040124
0 0.610480 0.443047 0.045308 0.036302
0 0.545213 0.484782 0.051476 0.040697
0 0.601962 0.414587 0.051050 0.035202
0 0.699947 0.299796 0.050304 0.036921
0 0.594008 0.319730 0.037669 0.033952
0 0.697344 0.270703 0.047161 0.030716
0 0.691311 0.238128 0.039931 0.035501
0 0.541162 0.448994 0.054375 0.037261
0 0.534305 0.418275 0.051959 0.035622