0 0.840399 0.841400 0.085434 0.057318
0 0.841239 0.902139 0.081576 0.058743
0 0.397786 0.628848 0.062092 0.047057
0 0.572049 0.839323 0.074288 0.055807
0 0.552973 0.676715 0.072726 0.051204
0 0.643188 0.729632 0.073494 0.056751
0 0.661756 0.901709 0.062053 0.055618
0 0.559421 0.723535 0.069805 0.053307
0 0.693859 0.970824 0.079783 0.051504
0 0.652461 0.839391 0.073941 0.053431
0 0.397799 0.675498 0.063967 0.051165
0 0.400245 0.537656 0.060951 0.050599
0 0.399646 0.467578 0.059041 0.042005
0 0.777491 0.595352 0.069401 0.045742
0 0.565054 0.782002 0.070872 0.053145
0 0.617502 0.551790 0.060430 0.043568
0 0.538589 0.409199 0.054740 0.039857
0 0.868353 0.967350 0.088121 0.058203
0 0.650881 0.782246 0.076910 0.056081
0 0.809158 0.728486 0.061076 0.051335
0 0.403859 0.845420 0.067248 0.054915
0 0.577930 0.900283 0.071840 0.059342
0 0.395992 0.728558 0.079753 0.058418
0 0.824017 0.784424 0.076541 0.059486
0 0.402977 0.378893 0.058142 0.045846
0 0.585979 0.968167 0.062808 0.054824
0 0.786300 0.636458 0.065056 0.048646
0 0.577155 0.210133 0.041194 0.033092
0 0.400417 0.584362 0.064306 0.050573
0 0.603913 0.384391 0.054128 0.039368
0 0.767355 0.556221 0.067088 0.043340
0 0.552667 0.584570 0.054188 0.044388
0 0.748628 0.514528 0.065148 0.050697
0 0.800686 0.679069 0.079089 0.055716
0 0.744099 0.446432 0.058789 0.042643
0 0.633537 0.674193 0.068516 0.060651
0 0.550024 0.624284 0.060838 0.052148
0 0.722209 0.390596 0.058854 0.038574
0 0.617439 0.442051 0.056120 0.043216
0 0.714182 0.360618 0.049692 0.035794
0 0.697828 0.288890 0.050161 0.037467
0 0.591451 0.277597 0.037824 0.034193
0 0.549392 0.470286 0.060321 0.041992
0 0.611309 0.472038 0.054779 0.044818
0 0.727567 0.419154 0.054848 0.041615
0 0.543796 0.508584 0.048095 0.046491
0 0.743752 0.481191 0.063069 0.040560
0 0.625043 0.589697 0.058950 0.046439
0 0.393529 0.911820 0.088134 0.063326
0 0.628375 0.630218 0.062435 0.046960
0 0.402016 0.785853 0.074622 0.061875
0 0.612971 0.509867 0.049171 0.049186
0 0.598186 0.328926 0.042205 0.039974
0 0.597919 0.355833 0.050091 0.034141
0 0.693850 0.260215 0.049401 0.037109