0 0.623284 0.645413 0.064123 0.049121
0 0.400971 0.725608 0.080939 0.055015
0 0.550709 0.688588 0.074936 0.056345
0 0.758566 0.511626 0.063187 0.042681
0 0.514685 0.395188 0.055388 0.041465
0 0.536137 0.502972 0.052209 0.039699
0 0.630523 0.703514 0.065188 0.048325
0 0.594730 0.481705 0.042681 0.044336
0 0.604714 0.519122 0.056560 0.042279
0 0.611838 0.598670 0.060374 0.049985
0 0.524341 0.432994 0.048775 0.038052
0 0.789886 0.644784 0.069035 0.044208
0 0.794489 0.693454 0.074068 0.045540
0 0.551092 0.631653 0.061203 0.048126
0 0.775540 0.601467 0.067933 0.048602
0 0.405430 0.790807 0.059860 0.049942
0 0.538371 0.548277 0.060654 0.039212
0 0.586315 0.447412 0.051149 0.043554
0 0.395150 0.532431 0.066166 0.048470
0 0.532464 0.468110 0.050723 0.037824
0 0.410366 0.852242 0.070261 0.053264
0 0.399756 0.493530 0.051042 0.042214
0 0.694185 0.255245 0.050667 0.028773
0 0.720901 0.408826 0.055097 0.034239
0 0.744886 0.476705 0.063293 0.038742
0 0.573102 0.810027 0.079805 0.055575
0 0.404034 0.673093 0.066402 0.048931
0 0.717532 0.375410 0.055520 0.038915
0 0.734903 0.441562 0.055797 0.036349
0 0.654702 0.809233 0.077949 0.053107
0 0.610884 0.558521 0.050162 0.037460
0 0.703267 0.346250 0.056607 0.035261
0 0.402445 0.627693 0.051056 0.041705
0 0.405738 0.923292 0.084052 0.062894
0 0.546462 0.588695 0.062828 0.041968
0 0.567593 0.757592 0.073981 0.051902
0 0.584112 0.389752 0.047581 0.039359
0 0.585829 0.424254 0.047025 0.036308
0 0.638931 0.756966 0.066069 0.047616
0 0.399572 0.462248 0.047278 0.044166
0 0.395754 0.585413 0.062850 0.044361
0 0.584189 0.866930 0.080088 0.055831
0 0.582685 0.360735 0.048306 0.040649
0 0.590463 0.189866 0.042721 0.028550
0 0.810181 0.750619 0.068142 0.049275
0 0.659582 0.872876 0.060900 0.049819
0 0.394754 0.429625 0.063344 0.042847
0 0.585802 0.925916 0.061923 0.057205
0 0.673862 0.935596 0.072936 0.054277
0 0.825575 0.810573 0.073124 0.047740
0 0.701573 0.280899 0.044237 0.035056
0 0.715762 0.314704 0.044237 0.032552
0 0.771685 0.557592 0.059261 0.042568
0 0.836789 0.876853 0.070947 0.055088
0 0.866837 0.948843 0.085971 0.056340