0 0.791016 0.678844 0.078290 0.049108
0 0.833717 0.835902 0.078893 0.053379
0 0.584705 0.970863 0.078620 0.052272
0 0.724724 0.386667 0.053390 0.037044
0 0.562728 0.783086 0.068503 0.054440
0 0.857033 0.965960 0.085647 0.059681
0 0.624290 0.552142 0.062313 0.045833
0 0.390043 0.846292 0.086042 0.058353
0 0.845614 0.895205 0.073442 0.053392
0 0.810250 0.725098 0.062105 0.047122
0 0.746771 0.515742 0.063464 0.045482
0 0.628967 0.632926 0.060825 0.048158
0 0.548735 0.546888 0.064032 0.043477
0 0.734939 0.418792 0.058993 0.038639
0 0.623197 0.590475 0.057886 0.045430
0 0.391532 0.722083 0.070842 0.055703
0 0.235519 0.700212 0.053155 0.155775
0 0.768995 0.552848 0.060760 0.045996
0 0.578268 0.899600 0.071467 0.056348
0 0.552758 0.584320 0.064145 0.050801
0 0.642457 0.783294 0.072856 0.053034
0 0.404978 0.505915 0.061910 0.045137
0 0.768724 0.594020 0.069887 0.045697
0 0.637064 0.728421 0.056775 0.049108
0 0.636081 0.678014 0.060868 0.048880
0 0.664442 0.901257 0.076506 0.063112
0 0.599826 0.415010 0.060703 0.042689
0 0.667593 0.974984 0.062166 0.045111
0 0.569974 0.836999 0.082509 0.056979
0 0.700323 0.310358 0.051775 0.034154
0 0.539520 0.508408 0.060030 0.045020
0 0.398019 0.676514 0.072643 0.052507
0 0.554779 0.628389 0.060833 0.048691
0 0.739466 0.451296 0.052604 0.036823
0 0.822018 0.779173 0.062543 0.046693
0 0.787630 0.629854 0.076632 0.048574
0 0.593995 0.381318 0.055386 0.041374
0 0.390237 0.776553 0.079475 0.065371
0 0.740725 0.478880 0.057535 0.040182
0 0.404905 0.545433 0.063394 0.045671
0 0.558709 0.675846 0.073407 0.051328
0 0.529579 0.380439 0.055399 0.048939
0 0.536267 0.474183 0.050868 0.040358
0 0.406152 0.583229 0.063381 0.051745
0 0.712552 0.333415 0.051267 0.033535
0 0.535881 0.442161 0.052917 0.038919
0 0.603194 0.444792 0.056128 0.038880
0 0.409164 0.420446 0.044197 0.042077
0 0.561569 0.724150 0.076306 0.055085
0 0.583648 0.279567 0.041237 0.034902
0 0.608587 0.477728 0.057070 0.039531
0 0.654970 0.835479 0.062066 0.052025
0 0.717259 0.359880 0.052947 0.035345
0 0.610471 0.509124 0.063034 0.051243
0 0.697179 0.284932 0.052413 0.031908
0 0.409503 0.471562 0.048772 0.041094
0 0.592072 0.351875 0.043277 0.035612
0 0.695523 0.264251 0.051419 0.034440
0 0.593277 0.327591 0.042491 0.037292