0 0.542181 0.572939 0.061185 0.043835
0 0.535931 0.532490 0.059527 0.041608
0 0.548806 0.664876 0.070556 0.051732
0 0.544143 0.619144 0.064718 0.045397
0 0.410853 0.372741 0.058589 0.043216
0 0.383774 0.701953 0.075499 0.051263
0 0.615480 0.631774 0.066871 0.048548
0 0.382322 0.649173 0.066293 0.049219
0 0.386701 0.810335 0.059887 0.052233
0 0.780482 0.595417 0.068047 0.045130
0 0.797574 0.680579 0.077040 0.050872
0 0.400571 0.589463 0.064449 0.045801
0 0.639531 0.731136 0.061545 0.050215
0 0.570345 0.834593 0.074796 0.053613
0 0.606437 0.548577 0.061207 0.043457
0 0.642511 0.785036 0.074371 0.054082
0 0.538919 0.495195 0.061736 0.042552
0 0.810380 0.730329 0.073659 0.051009
0 0.385664 0.876084 0.078464 0.056725
0 0.577229 0.901302 0.071046 0.060352
0 0.758969 0.483053 0.061463 0.049245
0 0.380310 0.759502 0.056671 0.045853
0 0.401868 0.468835 0.045421 0.040052
0 0.559770 0.724648 0.075530 0.050195
0 0.604240 0.509928 0.054158 0.044974
0 0.787174 0.635794 0.056380 0.042305
0 0.610964 0.588486 0.060530 0.045892
0 0.565838 0.775130 0.066076 0.051536
0 0.652307 0.843994 0.069475 0.056074
0 0.402170 0.547145 0.059939 0.042129
0 0.399687 0.435749 0.055339 0.035013
0 0.845000 0.903236 0.072283 0.057708
0 0.763576 0.525068 0.065547 0.040280
0 0.625534 0.683675 0.063932 0.048809
0 0.377986 0.949336 0.083663 0.066055
0 0.743739 0.439076 0.058112 0.039258
0 0.664457 0.918206 0.078568 0.061973
0 0.837342 0.833864 0.080846 0.058184
0 0.822457 0.780352 0.077543 0.053177
0 0.399985 0.507340 0.046315 0.038743
0 0.770634 0.557939 0.051224 0.041061
0 0.607806 0.476979 0.056011 0.042422
0 0.733982 0.407702 0.061306 0.039479
0 0.859258 0.971383 0.077491 0.052845
0 0.710707 0.317272 0.050573 0.033854
0 0.599642 0.410270 0.049293 0.038691
0 0.595651 0.352314 0.051727 0.037285
0 0.579824 0.972910 0.090152 0.051354
0 0.602574 0.442910 0.054262 0.037839
0 0.537687 0.462438 0.058186 0.038249
0 0.595827 0.381660 0.054579 0.040039
0 0.536832 0.430980 0.052335 0.037155
0 0.701278 0.289925 0.047400 0.035814
0 0.717426 0.347129 0.056068 0.034622
0 0.722797 0.376829 0.054136 0.033424
0 0.666046 0.981589 0.063194 0.034818
0 0.697789 0.263037 0.051489 0.037207