0 0.392763 0.862311 0.065404 0.060249
0 0.399243 0.800613 0.074645 0.057328
0 0.649476 0.807245 0.074979 0.061592
0 0.840571 0.832083 0.083520 0.056988
0 0.387231 0.921683 0.063613 0.063084
0 0.551845 0.641759 0.063449 0.045517
0 0.558761 0.699069 0.069111 0.055088
0 0.212346 0.734943 0.056489 0.123731
0 0.549839 0.517482 0.061283 0.047669
0 0.405368 0.743719 0.057386 0.055931
0 0.407995 0.692416 0.071088 0.049465
0 0.668781 0.921796 0.059901 0.060021
0 0.565127 0.758482 0.065149 0.056454
0 0.545986 0.598048 0.062040 0.040866
0 0.740656 0.464764 0.061223 0.044712
0 0.766547 0.571618 0.062860 0.050587
0 0.584837 0.874278 0.070962 0.055934
0 0.591018 0.207867 0.044993 0.033384
0 0.794701 0.669165 0.063619 0.053726
0 0.825005 0.768942 0.080767 0.063078
0 0.617507 0.552301 0.059374 0.045607
0 0.600998 0.284929 0.052977 0.039134
0 0.732923 0.430933 0.058326 0.042155
0 0.782822 0.623310 0.061503 0.043845
0 0.603289 0.407123 0.049455 0.036023
0 0.646776 0.750259 0.067025 0.049796
0 0.852471 0.903370 0.068925 0.057141
0 0.756661 0.499374 0.054253 0.046324
0 0.800986 0.715392 0.074462 0.052489
0 0.574572 0.813816 0.059522 0.055961
0 0.612189 0.511627 0.055284 0.042495
0 0.598456 0.312299 0.041566 0.033133
0 0.622696 0.645858 0.063435 0.051332
0 0.609363 0.443811 0.059422 0.038580
0 0.862609 0.969568 0.085845 0.056756
0 0.674675 0.980733 0.061790 0.034647
0 0.602629 0.346121 0.041664 0.037326
0 0.635911 0.692153 0.058556 0.049753
0 0.755674 0.536798 0.057287 0.044092
0 0.686558 0.234207 0.052603 0.040801
0 0.418003 0.475121 0.056948 0.042882
0 0.709804 0.338179 0.047806 0.039438
0 0.734672 0.399392 0.047001 0.040959
0 0.408534 0.647673 0.067747 0.052710
0 0.613792 0.480984 0.061210 0.045545
0 0.406517 0.370418 0.056757 0.043820
0 0.416950 0.441156 0.044237 0.040064
0 0.412777 0.518780 0.050915 0.047576
0 0.412777 0.565104 0.059261 0.047576
0 0.410273 0.604542 0.055923 0.048828
0 0.589310 0.935071 0.075120 0.056340
0 0.620192 0.600160 0.070112 0.047576
0 0.545907 0.471204 0.061765 0.045072
0 0.542568 0.441156 0.053419 0.037560
0 0.539229 0.406100 0.055088 0.037560
0 0.595570 0.376678 0.040899 0.038812
0 0.598908 0.233323 0.045907 0.040064
0 0.687383 0.259615 0.047576 0.032552
0 0.701573 0.286533 0.052584 0.033804
0 0.696982 0.310322 0.041733 0.031300
0 0.725361 0.376052 0.051749 0.030048