0 0.851493 0.895732 0.087040 0.058822
0 0.584954 0.842308 0.081827 0.057246
0 0.660660 0.839365 0.060191 0.049434
0 0.373138 0.728945 0.070061 0.056823
0 0.376753 0.630238 0.069931 0.052389
0 0.588381 0.778649 0.085191 0.061895
0 0.778583 0.581624 0.069093 0.047715
0 0.597313 0.903415 0.075556 0.056100
0 0.762847 0.534255 0.071684 0.051191
0 0.219798 0.753392 0.085412 0.059714
0 0.376977 0.678545 0.071220 0.053132
0 0.403509 0.383447 0.057296 0.043079
0 0.790180 0.626781 0.069588 0.054798
0 0.386879 0.545970 0.066016 0.048372
0 0.378761 0.794899 0.070812 0.054746
0 0.833103 0.831911 0.074653 0.052051
0 0.384032 0.585316 0.060642 0.044395
0 0.667951 0.787614 0.063602 0.053053
0 0.581886 0.673402 0.075100 0.052936
0 0.603427 0.969362 0.085273 0.055833
0 0.649121 0.638369 0.062313 0.050788
0 0.661113 0.734486 0.073607 0.052813
0 0.825788 0.768125 0.068511 0.050339
0 0.754631 0.497272 0.061562 0.045065
0 0.581773 0.726126 0.073746 0.049206
0 0.741061 0.464316 0.059258 0.040195
0 0.384588 0.506403 0.048776 0.040215
0 0.803396 0.673730 0.067044 0.056068
0 0.731419 0.429440 0.059592 0.043971
0 0.822819 0.720837 0.062713 0.048066
0 0.680401 0.898978 0.070655 0.057018
0 0.567763 0.578467 0.064753 0.046243
0 0.725152 0.397965 0.057370 0.040658
0 0.657721 0.683281 0.061866 0.046953
0 0.623264 0.510029 0.056797 0.045501
0 0.688711 0.260977 0.050417 0.037760
0 0.637717 0.592979 0.063602 0.045892
0 0.719803 0.369518 0.054414 0.036576
0 0.371912 0.860885 0.061671 0.060039
0 0.394204 0.435514 0.061263 0.047070
0 0.629614 0.550456 0.060061 0.044805
0 0.606202 0.406462 0.058116 0.044993
0 0.564013 0.534515 0.053216 0.044902
0 0.590901 0.313796 0.052339 0.038828
0 0.594193 0.346051 0.051727 0.039082
0 0.553579 0.494714 0.055629 0.043047
0 0.542721 0.425020 0.050538 0.039492
0 0.545536 0.463040 0.051419 0.040339
0 0.579486 0.217272 0.045447 0.035482
0 0.386840 0.473268 0.046128 0.036536
0 0.534779 0.370117 0.042170 0.039961
0 0.699312 0.291383 0.046497 0.037988
0 0.582181 0.263978 0.043902 0.032109
0 0.579627 0.241393 0.046493 0.033073
0 0.686740 0.969261 0.074809 0.056608
0 0.714568 0.344688 0.053346 0.033581
0 0.601986 0.376956 0.052365 0.038210
0 0.622869 0.475326 0.045304 0.038737
0 0.587578 0.288844 0.043490 0.032246
0 0.877904 0.963444 0.066267 0.059896
0 0.606330 0.447467 0.049605 0.043021
0 0.382676 0.936175 0.087826 0.065436