0 0.764421 0.526826 0.064371 0.039499
0 0.567511 0.776634 0.063859 0.050326
0 0.571224 0.834626 0.074167 0.051842
0 0.798134 0.682594 0.077552 0.049421
0 0.639952 0.733216 0.063238 0.047409
0 0.626105 0.686191 0.064709 0.048958
0 0.665608 0.919323 0.080399 0.060417
0 0.837096 0.834876 0.080920 0.056432
0 0.780918 0.597513 0.067695 0.045534
0 0.811213 0.732848 0.073832 0.048535
0 0.642752 0.787992 0.071198 0.055215
0 0.786910 0.638018 0.055582 0.043418
0 0.823555 0.780986 0.078290 0.051296
0 0.399099 0.592057 0.071819 0.047995
0 0.582120 0.973376 0.089449 0.050658
0 0.653394 0.844766 0.067986 0.055013
0 0.578260 0.905547 0.071823 0.064727
0 0.859926 0.972331 0.077639 0.051172
0 0.846246 0.905186 0.075451 0.052897
0 0.778789 0.561898 0.057370 0.045332
0 0.665948 0.981800 0.060977 0.033874