0 0.811484 0.668214 0.073444 0.056948
0 0.826612 0.720670 0.079627 0.050516
0 0.858168 0.902686 0.069654 0.051890
0 0.869776 0.965221 0.090740 0.063434
0 0.840582 0.842944 0.070668 0.051180
0 0.592375 0.237756 0.035027 0.034017
0 0.834587 0.784571 0.068512 0.052922
0 0.555948 0.715633 0.067664 0.045323
0 0.378206 0.838216 0.059125 0.055990
0 0.784077 0.567221 0.060458 0.047774
0 0.798006 0.615925 0.063687 0.041904
0 0.639517 0.785719 0.070432 0.048754
0 0.559964 0.781170 0.072981 0.050919
0 0.651739 0.847867 0.058504 0.048840
0 0.576117 0.972328 0.088644 0.048712
0 0.566774 0.839293 0.064269 0.051332
0 0.577624 0.906901 0.069278 0.058844
0 0.657752 0.914413 0.055923 0.048828
0 0.664847 0.975135 0.063435 0.047576
0 0.628122 0.729117 0.065104 0.053836
0 0.626452 0.675280 0.063435 0.051332
0 0.714927 0.358524 0.050080 0.043820