0 0.396094 0.702096 0.072300 0.050339
0 0.404939 0.367285 0.058168 0.046133
0 0.380078 0.820111 0.078663 0.058216
0 0.764149 0.547129 0.065174 0.042148
0 0.389490 0.755387 0.073867 0.054069
0 0.563353 0.619430 0.063121 0.044564
0 0.774488 0.587923 0.071840 0.048216
0 0.397153 0.492272 0.058776 0.040456
0 0.540727 0.428890 0.061445 0.042663
0 0.391081 0.647389 0.069514 0.051589
0 0.556020 0.574759 0.060660 0.044687
0 0.574082 0.769974 0.075838 0.050742
0 0.586122 0.197617 0.042982 0.032734
0 0.229266 0.672109 0.060521 0.154284
0 0.388305 0.881673 0.064093 0.057174
0 0.636636 0.630111 0.062405 0.042526
0 0.659525 0.774616 0.075022 0.056003
0 0.716916 0.370326 0.052174 0.037721
0 0.728212 0.400426 0.053898 0.041868
0 0.625690 0.587744 0.060078 0.045905
0 0.623817 0.548161 0.060577 0.044121
0 0.567502 0.668324 0.060612 0.045319
0 0.852207 0.895583 0.071836 0.050918
0 0.576374 0.824567 0.070812 0.053275
0 0.845206 0.837318 0.078121 0.050977
0 0.855948 0.961455 0.084180 0.058561
0 0.617517 0.508812 0.057352 0.039564
0 0.797166 0.686178 0.057856 0.046198
0 0.755662 0.511149 0.064718 0.040007
0 0.571821 0.715570 0.061697 0.047012
0 0.655180 0.718900 0.059891 0.047096
0 0.376246 0.947770 0.091970 0.070918
0 0.807038 0.736221 0.066931 0.049382
0 0.583880 0.886374 0.069792 0.057539
0 0.642717 0.672673 0.065964 0.047103
0 0.823396 0.781742 0.062174 0.047077
0 0.657808 0.833236 0.074045 0.055677
0 0.552563 0.498213 0.059579 0.040970
0 0.550664 0.535218 0.048568 0.040293
0 0.612131 0.473382 0.055833 0.039056
0 0.745445 0.465218 0.056541 0.039486
0 0.596476 0.957884 0.091580 0.066536
0 0.607211 0.439717 0.053850 0.038600
0 0.667483 0.893229 0.061181 0.053216
0 0.545228 0.464219 0.049657 0.038398
0 0.708088 0.316764 0.053780 0.040755
0 0.601578 0.353467 0.052131 0.035280
0 0.396760 0.564710 0.064996 0.048301
0 0.602324 0.271139 0.051662 0.036133
0 0.742170 0.432106 0.046658 0.040892
0 0.682632 0.215732 0.044978 0.031048
0 0.602207 0.405501 0.049041 0.041563
0 0.398885 0.528831 0.048264 0.037806
0 0.676760 0.976253 0.062539 0.047493
0 0.701593 0.290505 0.047543 0.033626
0 0.600951 0.379251 0.047752 0.033555
0 0.397912 0.606162 0.049965 0.044316
0 0.691886 0.262972 0.038398 0.032637
0 0.684586 0.238994 0.048668 0.031842
0 0.600454 0.295749 0.048442 0.034870
0 0.602426 0.318330 0.041050 0.036556