0 0.376801 0.630553 0.069792 0.051836
0 0.376834 0.679661 0.071220 0.052214
0 0.628874 0.552588 0.058442 0.045540
0 0.661280 0.736149 0.073333 0.054863
0 0.660386 0.839121 0.058611 0.050482
0 0.582346 0.672741 0.076463 0.051276
0 0.373524 0.727946 0.070842 0.055605
0 0.580100 0.726589 0.073255 0.049727
0 0.680020 0.899740 0.070291 0.055820
0 0.778220 0.582425 0.067986 0.046478
0 0.404071 0.382995 0.057839 0.041224
0 0.584922 0.842217 0.081510 0.061634
0 0.563105 0.535260 0.053477 0.042253
0 0.668123 0.788073 0.062105 0.053125
0 0.379167 0.794248 0.069175 0.052767
0 0.832895 0.833939 0.074991 0.051185
0 0.658357 0.685951 0.060829 0.047201
0 0.637743 0.595710 0.063898 0.046797
0 0.603746 0.969277 0.083672 0.055352
0 0.574978 0.625592 0.063915 0.048047
0 0.851862 0.897406 0.087734 0.059642
0 0.567609 0.579085 0.064002 0.045241
0 0.648464 0.640173 0.064036 0.049186
0 0.595221 0.902337 0.078915 0.057148
0 0.731296 0.431842 0.057391 0.043685
0 0.753859 0.500293 0.062179 0.047318
0 0.386345 0.471589 0.047240 0.038477
0 0.764970 0.539362 0.058811 0.050208
0 0.373735 0.860127 0.062852 0.059655
0 0.601882 0.449557 0.059510 0.044375
0 0.824785 0.771455 0.068546 0.049434
0 0.823550 0.722376 0.061155 0.050833
0 0.383921 0.585768 0.061306 0.046458
0 0.545803 0.465365 0.051623 0.039089
0 0.624507 0.476735 0.045942 0.040202
0 0.623142 0.511003 0.054722 0.045833
0 0.587216 0.778887 0.086480 0.063333
0 0.689006 0.972438 0.083325 0.050618
0 0.804264 0.676680 0.067886 0.052591
0 0.740903 0.467507 0.058863 0.042474
0 0.386897 0.546940 0.065260 0.047786
0 0.725100 0.401169 0.055894 0.038366
0 0.606354 0.406426 0.058958 0.045586
0 0.553303 0.497754 0.054045 0.041328
0 0.590747 0.315557 0.050495 0.038431
0 0.720595 0.371146 0.054575 0.036120
0 0.385117 0.507699 0.048299 0.040059
0 0.689112 0.261309 0.050881 0.036901
0 0.715616 0.346706 0.055243 0.032500
0 0.580139 0.241940 0.047214 0.034570
0 0.878307 0.966624 0.075269 0.056751
0 0.699006 0.292764 0.043767 0.038717
0 0.582188 0.265306 0.043359 0.033633
0 0.588275 0.290706 0.044674 0.035033