0 0.401810 0.633503 0.067760 0.049219
0 0.690239 0.949919 0.074618 0.053809
0 0.399405 0.740446 0.064870 0.049368
0 0.670141 0.884531 0.061836 0.052891
0 0.790740 0.632956 0.075056 0.048411
0 0.657483 0.775208 0.077170 0.051888
0 0.652257 0.667656 0.070877 0.050872
0 0.393088 0.577858 0.061836 0.047409
0 0.395601 0.794873 0.077452 0.053861
0 0.409740 0.536126 0.060877 0.045247
0 0.815883 0.731006 0.075968 0.051309
0 0.393422 0.853665 0.063954 0.053112
0 0.558056 0.523057 0.063932 0.046113
0 0.840339 0.834023 0.092405 0.059896
0 0.588553 0.880420 0.076159 0.058118
0 0.655002 0.716445 0.072426 0.054062
0 0.843694 0.901755 0.074462 0.056921
0 0.805632 0.683952 0.068277 0.050742
0 0.312908 0.854072 0.084583 0.053939
0 0.666847 0.825853 0.069240 0.057096
0 0.569829 0.602002 0.062357 0.046816
0 0.397886 0.432572 0.045434 0.043815
0 0.560586 0.484730 0.051580 0.040358
0 0.644082 0.620905 0.056610 0.046576
0 0.747289 0.474720 0.061168 0.042721
0 0.616879 0.464948 0.054965 0.040651
0 0.574451 0.648936 0.068121 0.047923
0 0.824293 0.778701 0.070130 0.049811
0 0.574926 0.747754 0.064957 0.050911
0 0.631461 0.538555 0.058494 0.048594
0 0.756847 0.506911 0.062739 0.046816
0 0.577279 0.695563 0.067960 0.051947
0 0.600805 0.312507 0.054614 0.044779
0 0.873670 0.956764 0.092096 0.059440
0 0.611539 0.430199 0.056923 0.042767
0 0.601606 0.947835 0.062283 0.057611
0 0.624371 0.500371 0.056962 0.045469
0 0.766760 0.546969 0.062739 0.046374
0 0.578635 0.195732 0.040751 0.033132
0 0.777231 0.584801 0.057604 0.048079
0 0.740888 0.439808 0.054683 0.043340
0 0.578186 0.809876 0.078359 0.059362
0 0.729939 0.411048 0.059158 0.036862
0 0.599533 0.347240 0.050369 0.039219
0 0.703958 0.310075 0.054757 0.033600
0 0.712463 0.337542 0.043937 0.040436
0 0.608014 0.400736 0.045829 0.037695
0 0.698403 0.284124 0.045686 0.036230