0 0.382490 0.770613 0.068486 0.054764
0 0.376539 0.831636 0.068424 0.057072
0 0.375380 0.714926 0.076202 0.055013
0 0.402881 0.615800 0.069563 0.055574
0 0.378818 0.663334 0.052892 0.049703
0 0.822620 0.767455 0.081861 0.053117
0 0.798465 0.665826 0.057919 0.044162
0 0.770056 0.580571 0.061642 0.046409
0 0.833007 0.825831 0.071465 0.059289
0 0.759448 0.540274 0.070018 0.041836
0 0.775784 0.624679 0.067002 0.045662
0 0.565184 0.768976 0.071379 0.053771
0 0.555986 0.660330 0.065937 0.051306
0 0.806286 0.715421 0.060103 0.048932
0 0.546877 0.574000 0.066133 0.048172
0 0.752270 0.503743 0.063231 0.041949
0 0.646237 0.770976 0.061759 0.050302
0 0.408854 0.425767 0.062354 0.041551
0 0.746817 0.468821 0.059973 0.038441
0 0.565706 0.826570 0.080031 0.057763
0 0.409740 0.362219 0.057632 0.044715
0 0.628102 0.664982 0.056726 0.050070
0 0.601985 0.495632 0.064738 0.046383
0 0.547491 0.615822 0.066362 0.049082
0 0.373013 0.891547 0.091274 0.065203
0 0.406742 0.533866 0.061611 0.049810
0 0.403957 0.457263 0.056022 0.047041
0 0.846643 0.883059 0.074063 0.050256
0 0.738274 0.434543 0.058273 0.037362
0 0.730247 0.404784 0.056929 0.037804
0 0.610384 0.457858 0.056573 0.043800
0 0.652232 0.885122 0.059616 0.051513
0 0.417096 0.305562 0.038796 0.036450
0 0.584302 0.358371 0.055088 0.037255
0 0.609519 0.537265 0.054733 0.041977
0 0.401269 0.569388 0.051864 0.046141
0 0.619863 0.613478 0.074109 0.051675
0 0.403238 0.496566 0.061744 0.048193
0 0.718157 0.370679 0.057505 0.036745
0 0.637656 0.711727 0.070818 0.046008
0 0.538859 0.532656 0.048038 0.043951
0 0.534345 0.496823 0.057195 0.043138
0 0.649403 0.826175 0.056097 0.046486
0 0.853834 0.960438 0.077664 0.060188
0 0.559624 0.701941 0.073216 0.049604
0 0.593990 0.421644 0.054364 0.046404
0 0.696052 0.295980 0.042258 0.033923
0 0.537141 0.459752 0.050135 0.040335
0 0.533304 0.424242 0.056239 0.037692
0 0.590518 0.392842 0.052671 0.039036
0 0.574547 0.879939 0.069849 0.053113
0 0.708507 0.341850 0.048889 0.033393
0 0.706228 0.323075 0.046384 0.027865
0 0.615530 0.575458 0.066082 0.038235
0 0.576743 0.947366 0.079076 0.055101
0 0.585554 0.327850 0.050915 0.043820
0 0.666516 0.960737 0.085971 0.057592