0 0.654180 0.781410 0.074679 0.054030
0 0.389084 0.727754 0.069288 0.055404
0 0.558459 0.724525 0.069505 0.053385
0 0.394464 0.629753 0.070030 0.048164
0 0.387665 0.842070 0.072839 0.056237
0 0.393268 0.673486 0.067170 0.053991
0 0.855705 0.960540 0.083372 0.060013
0 0.563481 0.779173 0.073941 0.053815
0 0.398800 0.585514 0.067600 0.050625
0 0.581417 0.970254 0.088494 0.053815
0 0.781823 0.633796 0.061623 0.048789
0 0.750510 0.513672 0.066784 0.045286
0 0.644251 0.724541 0.062088 0.049173
0 0.805757 0.728883 0.068841 0.046530
0 0.390020 0.783695 0.079570 0.058001
0 0.543902 0.441455 0.056615 0.042546
0 0.759360 0.551540 0.066931 0.044030
0 0.570388 0.832396 0.079891 0.055807
0 0.571415 0.897220 0.085599 0.060091
0 0.744397 0.476764 0.060104 0.042135
0 0.617025 0.551094 0.054744 0.043125
0 0.401693 0.542399 0.070035 0.050697
0 0.818839 0.776100 0.062079 0.053776
0 0.611847 0.510465 0.063598 0.045736
0 0.845914 0.896914 0.074492 0.055352
0 0.738548 0.446855 0.051645 0.037161
0 0.767585 0.588128 0.068676 0.046517
0 0.823327 0.834639 0.067990 0.049824
0 0.791461 0.680267 0.064431 0.048008
0 0.623238 0.590645 0.049054 0.040234
0 0.716385 0.359212 0.058403 0.035794
0 0.599844 0.379831 0.059887 0.043854
0 0.726988 0.415762 0.057977 0.042201
0 0.543216 0.507751 0.050955 0.038197
0 0.551443 0.589792 0.064839 0.047617
0 0.417678 0.377812 0.061884 0.047643
0 0.603366 0.441872 0.053893 0.041790
0 0.631788 0.631833 0.065937 0.047350
0 0.551584 0.544743 0.062717 0.049316
0 0.598963 0.413509 0.056094 0.038828
0 0.606055 0.474167 0.055530 0.038490
0 0.700940 0.307640 0.048355 0.032962
0 0.534082 0.378203 0.051905 0.039167
0 0.721543 0.387262 0.054275 0.037337
0 0.556241 0.670807 0.052795 0.048229
0 0.406319 0.505599 0.047665 0.041576
0 0.664651 0.897207 0.064727 0.055365
0 0.401141 0.435846 0.057292 0.048490
0 0.640716 0.675853 0.055113 0.048398
0 0.711970 0.333363 0.054436 0.031699
0 0.535237 0.410947 0.053832 0.037311
0 0.671925 0.966543 0.086315 0.061654
0 0.694970 0.282598 0.044774 0.035104
0 0.587339 0.276286 0.049349 0.038184
0 0.588711 0.305667 0.048550 0.039564
0 0.592470 0.349814 0.046259 0.035996
0 0.689905 0.240195 0.040738 0.037917