0 0.395840 0.701686 0.072088 0.050195
0 0.380378 0.819798 0.079479 0.059336
0 0.764071 0.546947 0.065642 0.042552
0 0.755232 0.510697 0.064874 0.039427
0 0.389219 0.754049 0.074436 0.055755
0 0.844967 0.836172 0.079128 0.050703
0 0.781354 0.635322 0.073047 0.047715
0 0.391005 0.646107 0.069692 0.053581
0 0.555779 0.574788 0.060334 0.044798
0 0.574308 0.769352 0.075239 0.051113
0 0.388526 0.881110 0.063155 0.057624
0 0.567350 0.667959 0.060569 0.044277
0 0.563270 0.619173 0.063286 0.045182
0 0.575770 0.823792 0.070829 0.052559
0 0.602609 0.316937 0.038793 0.037507
0 0.586120 0.196878 0.043108 0.032728
0 0.716938 0.370156 0.052114 0.037956
0 0.851994 0.893587 0.072209 0.051250
0 0.855349 0.960752 0.085178 0.059082
0 0.404674 0.367982 0.058698 0.045430
0 0.728136 0.399801 0.054171 0.042702
0 0.659141 0.773678 0.075009 0.055898
0 0.774236 0.587155 0.071337 0.049492
0 0.691673 0.261914 0.038876 0.032591
0 0.571636 0.715215 0.062040 0.048971
0 0.583941 0.884609 0.069870 0.057448
0 0.654937 0.717930 0.060855 0.048568
0 0.625391 0.587201 0.060590 0.047370
0 0.617105 0.508346 0.057804 0.041992
0 0.636649 0.630231 0.062917 0.044954
0 0.623668 0.547699 0.059288 0.044030
0 0.398904 0.527627 0.047756 0.037259
0 0.657576 0.832217 0.075013 0.055892
0 0.549143 0.459053 0.045924 0.042285
0 0.552109 0.498109 0.059644 0.042637
0 0.796994 0.685146 0.057773 0.047077
0 0.745605 0.464782 0.056393 0.040736
0 0.550714 0.534980 0.048424 0.041654
0 0.807112 0.734775 0.066853 0.056569
0 0.596111 0.957852 0.091780 0.067786
0 0.611547 0.472858 0.056046 0.040898
0 0.707637 0.316104 0.053581 0.041022
0 0.642556 0.672923 0.065807 0.046758
0 0.676569 0.975693 0.062652 0.048314
0 0.601506 0.353174 0.052300 0.035072
0 0.396886 0.563734 0.065135 0.047975
0 0.741773 0.432214 0.046558 0.040964
0 0.667409 0.892520 0.060694 0.053034
0 0.607029 0.440072 0.054249 0.039714
0 0.701647 0.290215 0.046862 0.033359
0 0.600694 0.379150 0.048498 0.034043
0 0.602027 0.406172 0.050061 0.041641
0 0.397276 0.604600 0.051428 0.043483