0 0.376305 0.722943 0.074418 0.053199
0 0.832870 0.852161 0.077314 0.055971
0 0.564403 0.746511 0.076183 0.054722
0 0.814213 0.750204 0.075656 0.050662
0 0.385711 0.673649 0.071434 0.051431
0 0.386804 0.625969 0.066646 0.048631
0 0.231285 0.740272 0.039011 0.075828
0 0.385418 0.547767 0.048875 0.047194
0 0.796304 0.698816 0.078618 0.053410
0 0.766253 0.567530 0.064571 0.043576
0 0.776636 0.606620 0.065483 0.053257
0 0.568166 0.793705 0.065930 0.047093
0 0.575884 0.856327 0.073226 0.052984
0 0.832706 0.797764 0.063207 0.055023
0 0.864111 0.971901 0.091422 0.052377
0 0.671313 0.913986 0.062004 0.057482
0 0.640050 0.688804 0.060445 0.054591
0 0.657698 0.856505 0.057691 0.054175
0 0.759955 0.529269 0.060820 0.041308
0 0.564081 0.690749 0.067107 0.048693
0 0.628312 0.640418 0.065999 0.049642
0 0.387660 0.477464 0.066094 0.050080
0 0.652215 0.791551 0.077848 0.052253
0 0.743711 0.462713 0.063543 0.043998
0 0.387475 0.511717 0.054778 0.038458
0 0.852630 0.909198 0.077958 0.056750
0 0.621123 0.598505 0.062542 0.043817
0 0.542121 0.517517 0.049370 0.043784
0 0.592831 0.263071 0.046329 0.040307
0 0.610383 0.328755 0.048214 0.037412
0 0.553185 0.634477 0.058144 0.049649
0 0.643953 0.739027 0.067222 0.054321
0 0.754729 0.493590 0.051161 0.041685
0 0.403042 0.380405 0.057653 0.043200
0 0.367925 0.853682 0.063337 0.048322
0 0.549612 0.556908 0.061660 0.038744
0 0.727593 0.403801 0.052353 0.040533
0 0.542006 0.480219 0.056513 0.040464
0 0.679454 0.973150 0.080412 0.050142
0 0.702815 0.294691 0.048391 0.035018
0 0.591926 0.910329 0.081517 0.053461
0 0.590081 0.360419 0.047103 0.040627
0 0.544761 0.449625 0.057850 0.037357
0 0.610804 0.520032 0.065518 0.042568
0 0.610212 0.481833 0.053348 0.046351
0 0.550433 0.592755 0.047985 0.041636
0 0.719669 0.374469 0.058163 0.038910
0 0.714076 0.342490 0.055394 0.036714
0 0.601826 0.419618 0.050088 0.040571
0 0.607507 0.452891 0.053750 0.041634
0 0.615960 0.558105 0.056876 0.048601
0 0.691175 0.252671 0.049599 0.038097
0 0.382312 0.923803 0.081798 0.056340
0 0.389406 0.439904 0.049245 0.040064
0 0.591396 0.976913 0.067608 0.044872
0 0.700738 0.317208 0.045907 0.032552
0 0.685296 0.227689 0.048411 0.033804