0 0.589898 0.970807 0.088815 0.051888
0 0.402140 0.619544 0.066094 0.049661
0 0.577711 0.841403 0.073668 0.059733
0 0.400501 0.670921 0.073060 0.057103
0 0.666610 0.898786 0.062266 0.052415
0 0.399084 0.725654 0.073299 0.060983
0 0.680712 0.963604 0.076163 0.056530
0 0.658809 0.841240 0.079457 0.057181
0 0.401845 0.533477 0.057769 0.043737
0 0.395662 0.789574 0.064779 0.053913
0 0.527611 0.386188 0.056402 0.041634
0 0.575291 0.783978 0.071615 0.052435
0 0.551378 0.579053 0.066940 0.048900
0 0.805441 0.733138 0.071810 0.052318
0 0.581858 0.216608 0.048498 0.035443
0 0.541684 0.498395 0.054601 0.046243
0 0.639158 0.729460 0.073212 0.055781
0 0.400773 0.574613 0.066155 0.048249
0 0.387995 0.846419 0.082986 0.061289
0 0.739182 0.451260 0.060786 0.037637
0 0.593737 0.263483 0.049722 0.039661
0 0.579403 0.901914 0.075629 0.062734
0 0.798494 0.680820 0.058437 0.049297
0 0.557724 0.625013 0.052756 0.048503
0 0.837771 0.833385 0.085803 0.054883
0 0.629800 0.639310 0.054306 0.043828
0 0.560744 0.672087 0.071124 0.052507
0 0.620974 0.596253 0.057391 0.046751
0 0.781291 0.638066 0.064787 0.047852
0 0.744397 0.481592 0.061493 0.043366
0 0.848698 0.963206 0.086215 0.061608
0 0.646647 0.785163 0.064683 0.052721
0 0.750330 0.515081 0.062613 0.046660
0 0.762120 0.554541 0.067582 0.049342
0 0.614275 0.555273 0.062700 0.047096
0 0.841964 0.901302 0.073754 0.056602
0 0.811133 0.782349 0.060929 0.047597
0 0.689620 0.261442 0.053641 0.035085
0 0.635597 0.681309 0.054718 0.050690
0 0.406832 0.467503 0.056467 0.038288
0 0.604497 0.508792 0.057023 0.047012
0 0.733548 0.418506 0.054197 0.041868
0 0.559444 0.722529 0.073533 0.055267
0 0.410313 0.497617 0.049175 0.041445
0 0.534779 0.427542 0.054323 0.038496
0 0.588155 0.381628 0.052483 0.037279
0 0.597639 0.439049 0.058307 0.042031
0 0.538422 0.460010 0.053043 0.042025
0 0.384581 0.913141 0.087617 0.066895
0 0.714998 0.360990 0.054475 0.037214
0 0.603806 0.472087 0.054870 0.044329
0 0.605304 0.352933 0.054245 0.039069
0 0.722691 0.389948 0.057266 0.038906
0 0.703802 0.312985 0.052031 0.033353
0 0.591990 0.408506 0.049874 0.036061
0 0.598320 0.325993 0.053021 0.035254
0 0.597526 0.298079 0.041406 0.035534
0 0.697721 0.287803 0.043689 0.030059
0 0.686363 0.236553 0.038116 0.029160
0 0.711660 0.337500 0.053173 0.032852
0 0.553112 0.545221 0.066267 0.037044