0 0.813683 0.741986 0.080531 0.051075
0 0.657271 0.846026 0.059170 0.052351
0 0.636695 0.688478 0.071466 0.047107
0 0.790326 0.644543 0.063325 0.048111
0 0.569800 0.787919 0.071953 0.053866
0 0.577862 0.845334 0.064369 0.054191
0 0.652035 0.789028 0.064327 0.049329
0 0.579765 0.905916 0.075675 0.055259
0 0.841769 0.846969 0.070560 0.048617
0 0.627665 0.639819 0.064620 0.053189
0 0.577403 0.972664 0.089480 0.048218
0 0.797364 0.687218 0.078272 0.050936
0 0.614886 0.560502 0.058574 0.051417
0 0.691262 0.250133 0.044671 0.034322
0 0.661076 0.916331 0.058651 0.052700
0 0.747691 0.494167 0.064745 0.051949
0 0.624366 0.598908 0.056757 0.047576
0 0.741627 0.457399 0.065958 0.045007
0 0.641372 0.735146 0.063561 0.051288
0 0.597908 0.453475 0.053469 0.043232
0 0.769197 0.566442 0.067641 0.047405
0 0.781923 0.603033 0.060870 0.046379
0 0.662723 0.979916 0.063820 0.034885
0 0.558765 0.681299 0.067367 0.053624
0 0.599247 0.485298 0.052732 0.042930
0 0.819281 0.792287 0.067334 0.051989
0 0.841797 0.908779 0.070947 0.058844
0 0.757035 0.528836 0.066412 0.048510
0 0.731336 0.397203 0.057803 0.048860
0 0.864201 0.974258 0.085594 0.045578
0 0.402344 0.845553 0.063435 0.055088
0 0.567191 0.736003 0.069278 0.051332