0 0.662754 0.833096 0.075872 0.053861
0 0.380339 0.960993 0.084193 0.063717
0 0.389403 0.755205 0.080707 0.053796
0 0.579716 0.821270 0.070768 0.052083
0 0.592161 0.959971 0.084731 0.058236
0 0.856660 0.899352 0.071567 0.049785
0 0.835981 0.831644 0.071241 0.050605
0 0.379714 0.883001 0.089019 0.063047
0 0.589355 0.884063 0.077765 0.058151
0 0.392279 0.809801 0.061372 0.053496
0 0.741673 0.436224 0.061897 0.040430
0 0.833047 0.769053 0.082960 0.053092
0 0.388872 0.519766 0.063429 0.044753
0 0.724006 0.375150 0.056875 0.037487
0 0.388974 0.651901 0.064666 0.049102
0 0.398713 0.416833 0.060638 0.039538
0 0.537689 0.378089 0.040161 0.035931
0 0.780206 0.621045 0.072322 0.046257
0 0.389809 0.480326 0.066172 0.045065
0 0.603053 0.302305 0.050109 0.040013
0 0.389086 0.563770 0.049562 0.043529
0 0.390052 0.608968 0.067543 0.044564
0 0.571450 0.754020 0.072257 0.054473
0 0.817639 0.715039 0.066745 0.046576
0 0.650445 0.763034 0.068806 0.051471
0 0.869251 0.963522 0.065508 0.050169
0 0.385306 0.697751 0.053390 0.048535
0 0.643066 0.710202 0.070864 0.052122
0 0.627606 0.614017 0.054952 0.043828
0 0.752474 0.477601 0.057786 0.039238
0 0.597567 0.396562 0.056584 0.038086
0 0.560538 0.699020 0.071406 0.050345
0 0.557066 0.640391 0.060651 0.049036
0 0.668772 0.966722 0.060998 0.053040
0 0.548943 0.553610 0.063286 0.042129
0 0.792754 0.667210 0.062166 0.046178
0 0.594996 0.364674 0.050946 0.037513
0 0.670851 0.894857 0.062656 0.055404
0 0.607216 0.459020 0.054336 0.038887
0 0.544444 0.515355 0.053307 0.040527
0 0.756984 0.513506 0.059523 0.040645
0 0.554006 0.594801 0.050000 0.044043
0 0.769425 0.581875 0.067305 0.044271
0 0.635911 0.659886 0.065043 0.046999
0 0.542192 0.413262 0.045191 0.037344
0 0.760540 0.547868 0.064310 0.043978
0 0.618019 0.572565 0.059761 0.045130
0 0.542704 0.446117 0.055217 0.040501
0 0.605217 0.427204 0.054210 0.036738
0 0.712715 0.344915 0.042313 0.036732
0 0.611022 0.492930 0.054102 0.044297
0 0.535462 0.479779 0.052365 0.040208
0 0.614481 0.534574 0.058546 0.041400
0 0.394653 0.450270 0.045243 0.037376
0 0.733631 0.406289 0.046497 0.036146
0 0.704293 0.317305 0.044635 0.036146
0 0.587428 0.198564 0.037652 0.029108
0 0.681478 0.219655 0.038876 0.030573
0 0.698618 0.289329 0.052201 0.036732
0 0.601979 0.264538 0.037283 0.034688
0 0.683717 0.244219 0.047444 0.028854
0 0.594000 0.239678 0.046593 0.032871
0 0.593340 0.218766 0.041862 0.028600
0 0.686862 0.266657 0.048455 0.029056