0 0.400553 0.672415 0.074032 0.056901
0 0.590208 0.971820 0.088498 0.049720
0 0.395940 0.790573 0.065360 0.050651
0 0.577977 0.843408 0.072830 0.057520
0 0.681391 0.966090 0.076315 0.056829
0 0.551547 0.580990 0.065994 0.046927
0 0.396888 0.622168 0.075252 0.057214
0 0.666736 0.900531 0.061892 0.053014
0 0.400716 0.575726 0.067812 0.046413
0 0.398878 0.724867 0.074614 0.057480
0 0.527988 0.386650 0.056089 0.040384
0 0.659373 0.842546 0.078668 0.056875
0 0.772769 0.596956 0.068741 0.046882
0 0.402498 0.534596 0.057244 0.043841
0 0.738411 0.452327 0.057326 0.037793
0 0.636120 0.683424 0.055148 0.051042
0 0.639627 0.731432 0.074019 0.054128
0 0.805028 0.734619 0.069032 0.050293
0 0.541747 0.498509 0.053685 0.042253
0 0.630341 0.640498 0.053268 0.042819
0 0.647259 0.786719 0.065438 0.053242
0 0.560638 0.674180 0.069132 0.051419
0 0.614653 0.557507 0.064106 0.046706
0 0.410454 0.499707 0.050056 0.039961
0 0.762027 0.555296 0.067743 0.048757
0 0.604564 0.473158 0.054440 0.045026
0 0.837813 0.838249 0.087083 0.061706
0 0.622956 0.597865 0.060191 0.046875
0 0.744023 0.482923 0.059609 0.042174
0 0.540141 0.536331 0.049944 0.046660
0 0.575573 0.785182 0.070747 0.053477
0 0.579839 0.902510 0.074679 0.060085
0 0.558136 0.626064 0.052530 0.050059
0 0.798993 0.682565 0.058290 0.050690
0 0.782485 0.639072 0.066801 0.049486
0 0.388255 0.847607 0.083394 0.060280
0 0.850020 0.964932 0.085326 0.060710
0 0.407830 0.468330 0.056354 0.037676
0 0.587906 0.382822 0.052600 0.035332
0 0.535113 0.428538 0.053264 0.037858
0 0.605119 0.510576 0.059301 0.047415
0 0.538550 0.461784 0.052622 0.042435
0 0.843479 0.903057 0.073451 0.059147
0 0.750299 0.518174 0.061806 0.045306
0 0.809729 0.783447 0.058069 0.048522
0 0.559922 0.725114 0.073698 0.055645
0 0.597977 0.440618 0.057917 0.041536
0 0.691730 0.264173 0.053355 0.033359
0 0.593485 0.265628 0.049627 0.038965
0 0.733672 0.419779 0.053220 0.041992
0 0.715093 0.362747 0.053572 0.036510
0 0.385150 0.915895 0.088563 0.066895
0 0.592059 0.409538 0.050543 0.034648
0 0.703637 0.313740 0.050243 0.033431
0 0.598652 0.327699 0.051905 0.033978
0 0.604651 0.355365 0.055994 0.037721
0 0.697806 0.288955 0.041975 0.030150
0 0.722823 0.391546 0.056350 0.038522
0 0.597619 0.299854 0.041871 0.036061
0 0.709570 0.338447 0.048915 0.033262
0 0.685885 0.240085 0.039800 0.028568
0 0.581686 0.216836 0.046940 0.032292
0 0.586606 0.240094 0.047717 0.033626
0 0.407821 0.407217 0.061354 0.046582
0 0.678730 0.220055 0.037305 0.028118