0 0.814883 0.782119 0.083559 0.053678
0 0.563741 0.902770 0.084488 0.061530
0 0.561237 0.723770 0.072656 0.057161
0 0.392146 0.846953 0.065760 0.053398
0 0.663882 0.899411 0.088173 0.065254
0 0.629323 0.634818 0.067405 0.050625
0 0.559933 0.672555 0.078338 0.056061
0 0.599093 0.386133 0.053759 0.039596
0 0.551250 0.627103 0.063594 0.048034
0 0.401708 0.549603 0.063789 0.046615
0 0.401597 0.510661 0.063767 0.045996
0 0.638149 0.729808 0.062166 0.052155
0 0.644197 0.783815 0.072483 0.058242
0 0.543006 0.508796 0.059614 0.041641
0 0.752465 0.518486 0.064245 0.041751
0 0.403869 0.678861 0.055464 0.051198
0 0.616630 0.550951 0.057148 0.043750
0 0.577758 0.969333 0.074067 0.054303
0 0.746697 0.482168 0.064627 0.043867
0 0.863739 0.969222 0.084596 0.055007
0 0.399047 0.729616 0.078216 0.058672
0 0.796037 0.677962 0.057839 0.048281
0 0.646211 0.838880 0.077639 0.056211
0 0.726957 0.415316 0.061155 0.043001
0 0.809023 0.726761 0.079227 0.049707
0 0.631235 0.680553 0.054006 0.049023
0 0.401471 0.627917 0.064184 0.055469
0 0.614555 0.513646 0.060725 0.046094
0 0.552344 0.587891 0.066033 0.044102
0 0.778331 0.589902 0.070187 0.053932
0 0.567695 0.776553 0.070781 0.052428
0 0.546656 0.546637 0.061324 0.042038
0 0.837617 0.831556 0.084401 0.055990
0 0.403411 0.588721 0.061432 0.047858
0 0.845684 0.897051 0.071914 0.054948
0 0.699204 0.284473 0.048589 0.034141
0 0.569635 0.835404 0.070113 0.058698
0 0.669080 0.970758 0.084340 0.053600
0 0.621098 0.593177 0.050599 0.040221
0 0.537448 0.441842 0.051285 0.037357
0 0.539119 0.411514 0.055946 0.037650
0 0.596712 0.330609 0.050022 0.038418
0 0.397029 0.784062 0.059692 0.057904
0 0.766430 0.551536 0.065447 0.044674
0 0.739421 0.447881 0.055898 0.039212
0 0.580575 0.214554 0.047391 0.039915
0 0.689648 0.240033 0.048550 0.030482
0 0.406319 0.377324 0.054714 0.038112
0 0.405890 0.441543 0.061467 0.040742
0 0.593759 0.303343 0.050833 0.037285
0 0.711582 0.335368 0.047635 0.038210
0 0.603095 0.476335 0.055599 0.038581
0 0.719931 0.386774 0.050417 0.032546
0 0.541302 0.378564 0.045477 0.041322
0 0.693142 0.261172 0.046684 0.028151
0 0.536500 0.474017 0.052166 0.038424
0 0.406257 0.407689 0.053598 0.040937
0 0.602153 0.445160 0.046042 0.036113
0 0.706461 0.310098 0.053381 0.030742
0 0.402914 0.471947 0.058711 0.043789
0 0.585744 0.258031 0.041237 0.038743