0 0.395630 0.547633 0.066343 0.044543
0 0.386953 0.633354 0.066281 0.052024
0 0.382107 0.682501 0.070521 0.049497
0 0.388998 0.731912 0.063046 0.052927
0 0.649307 0.789798 0.078656 0.056259
0 0.640600 0.733402 0.070886 0.055303
0 0.572495 0.840096 0.073380 0.054684
0 0.659308 0.847530 0.067300 0.055926
0 0.548737 0.515596 0.061464 0.042497
0 0.778270 0.601338 0.076919 0.045594
0 0.568259 0.784854 0.063214 0.059077
0 0.388717 0.785356 0.057467 0.049743
0 0.559117 0.639205 0.066295 0.050143
0 0.550738 0.553620 0.059534 0.051403
0 0.788931 0.645882 0.070560 0.046606
0 0.666418 0.911464 0.060754 0.053895
0 0.809616 0.742808 0.078261 0.052028
0 0.540254 0.477097 0.057459 0.040279
0 0.553961 0.593567 0.049052 0.047047
0 0.632428 0.642864 0.057392 0.046283
0 0.635692 0.686528 0.065783 0.046716
0 0.621533 0.555946 0.063949 0.048644
0 0.564256 0.732248 0.068821 0.048094
0 0.828917 0.793456 0.072679 0.054373
0 0.748932 0.491527 0.064527 0.041820
0 0.557086 0.683059 0.052802 0.044919
0 0.403366 0.476871 0.058998 0.041875
0 0.623705 0.598978 0.060037 0.048195
0 0.799484 0.694769 0.074730 0.052073
0 0.584909 0.973375 0.088266 0.048391
0 0.756100 0.527086 0.066008 0.037460
0 0.612567 0.514830 0.050681 0.042779
0 0.762884 0.564077 0.065177 0.045521
0 0.739630 0.452476 0.060376 0.040970
0 0.731477 0.423380 0.056595 0.038154
0 0.610719 0.484097 0.052361 0.037569
0 0.397995 0.511042 0.049445 0.038888
0 0.547276 0.442178 0.047516 0.039815
0 0.542985 0.379182 0.049245 0.038812
0 0.388154 0.849935 0.081798 0.056340
0 0.407581 0.441374 0.051870 0.039369
0 0.832506 0.848418 0.069035 0.054713
0 0.674939 0.981079 0.065751 0.033444
0 0.608659 0.453050 0.054783 0.043820
0 0.580255 0.907563 0.075419 0.061188
0 0.405072 0.406249 0.042080 0.041204
0 0.548699 0.411119 0.054512 0.032574
0 0.604533 0.414777 0.048495 0.036686
0 0.600253 0.381807 0.047140 0.039035
0 0.595301 0.270479 0.038280 0.035749
0 0.712649 0.340506 0.055402 0.035680
0 0.729117 0.390450 0.047576 0.036308
0 0.596559 0.358505 0.050584 0.044790
0 0.597087 0.306073 0.052888 0.034789
0 0.381060 0.923803 0.087640 0.063852
0 0.406517 0.379808 0.060096 0.047576
0 0.414864 0.346004 0.040064 0.037560
0 0.531300 0.352264 0.042568 0.030048
0 0.594735 0.335988 0.049245 0.035056
0 0.589310 0.244591 0.046741 0.035056
0 0.581380 0.205153 0.034221 0.031300
0 0.572199 0.151943 0.044237 0.030048
0 0.858073 0.913787 0.073451 0.051332
0 0.868924 0.977539 0.085136 0.043620
0 0.721605 0.366662 0.049245 0.026292
0 0.709502 0.319712 0.053419 0.027544
0 0.702407 0.294671 0.052584 0.027544
0 0.692808 0.271509 0.051749 0.028796
0 0.691556 0.248973 0.039229 0.026292
0 0.687800 0.229567 0.045072 0.027544
0 0.674863 0.208283 0.044237 0.027544
0 0.673611 0.188877 0.038395 0.026292