0 0.565080 0.737961 0.076609 0.056092
0 0.874967 0.972061 0.088528 0.050591
0 0.644202 0.732849 0.069653 0.052879
0 0.791368 0.650299 0.075194 0.052420
0 0.648715 0.781952 0.063704 0.055283
0 0.320397 0.908951 0.071493 0.058365
0 0.776459 0.556659 0.062912 0.047175
0 0.737911 0.412295 0.055886 0.040112
0 0.331787 0.782955 0.074977 0.060146
0 0.767478 0.518324 0.057144 0.045196
0 0.632343 0.686819 0.072444 0.046830
0 0.800880 0.690524 0.059563 0.048386
0 0.788803 0.604745 0.072800 0.047958
0 0.748125 0.446292 0.065031 0.040652
0 0.823274 0.785921 0.063106 0.054637
0 0.724203 0.370488 0.052407 0.040058
0 0.573298 0.788913 0.072274 0.052156
0 0.655879 0.845262 0.063637 0.053188
0 0.539119 0.390780 0.055729 0.040163
0 0.850348 0.909471 0.069132 0.051398
0 0.335133 0.715023 0.075696 0.052911
0 0.844983 0.843156 0.082908 0.048977
0 0.365058 0.461726 0.055296 0.041363
0 0.354299 0.578154 0.064533 0.050563
0 0.548319 0.473891 0.045621 0.039156
0 0.552053 0.630512 0.061129 0.044010
0 0.554693 0.680882 0.069305 0.050742
0 0.695863 0.265779 0.040018 0.038983
0 0.581917 0.255292 0.044042 0.035986
0 0.805218 0.739147 0.069765 0.052564
0 0.372009 0.426804 0.055692 0.040779
0 0.572463 0.840330 0.077154 0.053069
0 0.621209 0.594220 0.065018 0.051257
0 0.334304 0.848928 0.067168 0.053668
0 0.680739 0.974359 0.062651 0.046398
0 0.553723 0.513437 0.061353 0.043758
0 0.358205 0.499464 0.063179 0.041283
0 0.340643 0.666679 0.054809 0.048163
0 0.624967 0.554983 0.051363 0.043399
0 0.551426 0.554140 0.065205 0.045117
0 0.345576 0.534719 0.071148 0.042789
0 0.762279 0.481350 0.064829 0.040493
0 0.610736 0.481811 0.056468 0.039665
0 0.712277 0.344507 0.043874 0.035613
0 0.334613 0.618742 0.074141 0.050893
0 0.618008 0.515866 0.057360 0.041524
0 0.579412 0.210107 0.041250 0.036381
0 0.667716 0.910060 0.059762 0.052576
0 0.593398 0.359385 0.046111 0.039045
0 0.611078 0.447707 0.044446 0.037645
0 0.596665 0.386288 0.046715 0.042692
0 0.578664 0.973256 0.086520 0.049220
0 0.599060 0.415561 0.046523 0.039868
0 0.579191 0.909471 0.073861 0.058251
0 0.630208 0.641059 0.067769 0.044545
0 0.548352 0.445747 0.053302 0.037692