0 0.391699 0.781947 0.073720 0.054727
0 0.206569 0.760501 0.045438 0.107852
0 0.388127 0.663773 0.067930 0.051855
0 0.387092 0.915661 0.073950 0.057845
0 0.257148 0.583317 0.034661 0.064850
0 0.388869 0.714694 0.068468 0.055638
0 0.827237 0.782913 0.079171 0.050866
0 0.587363 0.905231 0.076888 0.058210
0 0.583607 0.841322 0.073837 0.057865
0 0.850373 0.900924 0.072526 0.056107
0 0.404345 0.384232 0.058976 0.043203
0 0.812181 0.725977 0.071619 0.049036
0 0.841276 0.838997 0.070903 0.056654
0 0.559060 0.674004 0.069692 0.050781
0 0.807645 0.675130 0.077400 0.048529
0 0.650588 0.784854 0.069110 0.054030
0 0.660768 0.843203 0.064818 0.055508
0 0.392151 0.616885 0.064484 0.049785
0 0.392619 0.569622 0.062140 0.047904
0 0.548422 0.576536 0.061549 0.044284
0 0.778919 0.585120 0.071181 0.046829
0 0.573220 0.722725 0.071476 0.053301
0 0.571740 0.779857 0.067708 0.053633
0 0.393939 0.847109 0.082661 0.055326
0 0.546259 0.534307 0.054965 0.042754
0 0.593819 0.971390 0.077023 0.052871
0 0.634579 0.672191 0.067708 0.051465
0 0.553570 0.622360 0.058633 0.049368
0 0.717823 0.389492 0.057418 0.040586
0 0.602448 0.432982 0.056137 0.041211
0 0.403296 0.422471 0.051845 0.041074
0 0.621213 0.581738 0.066714 0.045872
0 0.544210 0.488854 0.062604 0.046380
0 0.789763 0.633669 0.072496 0.046426
0 0.610801 0.501139 0.055985 0.045143
0 0.625495 0.625664 0.063681 0.048503
0 0.600017 0.285430 0.050530 0.039779
0 0.741339 0.458691 0.066523 0.046888
0 0.578442 0.215387 0.044236 0.032741
0 0.671882 0.967637 0.064614 0.057331
0 0.682561 0.250036 0.039002 0.033040
0 0.644204 0.722425 0.058433 0.050879
0 0.536801 0.415879 0.045139 0.038464
0 0.587934 0.369922 0.052274 0.038516
0 0.767539 0.542028 0.060877 0.042246
0 0.593665 0.401742 0.055221 0.037467
0 0.875371 0.971344 0.083529 0.053900
0 0.616918 0.541117 0.059323 0.043613
0 0.754247 0.502581 0.061237 0.042051
0 0.728991 0.424414 0.048798 0.035599
0 0.663171 0.903203 0.063433 0.051615
0 0.391738 0.528962 0.066784 0.047676
0 0.536725 0.451341 0.054622 0.042357
0 0.402496 0.457305 0.044991 0.039297
0 0.692452 0.277816 0.043533 0.038470
0 0.396973 0.492523 0.062261 0.042520
0 0.708861 0.359395 0.048103 0.033698
0 0.600883 0.315221 0.052461 0.038503
0 0.608320 0.466882 0.045833 0.036107
0 0.710454 0.333630 0.054527 0.034395
0 0.599175 0.342493 0.053906 0.038255