0 0.384698 0.849480 0.079010 0.068765
0 0.391158 0.910988 0.077765 0.059158
0 0.391945 0.785685 0.076952 0.058385
0 0.776103 0.596973 0.065449 0.046210
0 0.600467 0.978791 0.081185 0.041116
0 0.401957 0.733477 0.054706 0.047644
0 0.587652 0.855613 0.070136 0.062688
0 0.790135 0.639846 0.062426 0.046820
0 0.612688 0.557606 0.059069 0.042960
0 0.589390 0.910330 0.074214 0.060847
0 0.817963 0.742441 0.058519 0.044178
0 0.671811 0.915627 0.067895 0.054291
0 0.748469 0.471697 0.060621 0.041050
0 0.857889 0.908642 0.069933 0.051888
0 0.609918 0.520943 0.057234 0.037268
0 0.625766 0.643486 0.069770 0.049533
0 0.731511 0.430099 0.056141 0.040486
0 0.616392 0.597949 0.060359 0.046693
0 0.628754 0.689972 0.062832 0.046702
0 0.577854 0.785828 0.059637 0.056850
0 0.665788 0.854149 0.076726 0.057836
0 0.802265 0.688048 0.068214 0.050575
0 0.571589 0.725445 0.053804 0.047745
0 0.831380 0.794163 0.075087 0.052469
0 0.756484 0.511081 0.071301 0.039690
0 0.847543 0.844905 0.060848 0.056162
0 0.770536 0.549030 0.067163 0.046668
0 0.647149 0.793240 0.064609 0.048119
0 0.689887 0.978791 0.080963 0.041116
0 0.637303 0.744141 0.055923 0.047576
0 0.880192 0.974509 0.075955 0.047576