0 0.401542 0.464205 0.060866 0.046098
0 0.406524 0.503264 0.064114 0.042547
0 0.406526 0.433644 0.057575 0.040064
0 0.601824 0.248395 0.038452 0.038650
0 0.793172 0.644385 0.070380 0.045126
0 0.555663 0.462448 0.055130 0.043626
0 0.591827 0.227482 0.038964 0.033851
0 0.406792 0.544393 0.056207 0.046430
0 0.763562 0.549538 0.051502 0.042348
0 0.740771 0.473359 0.060117 0.039613
0 0.649507 0.671427 0.058265 0.045946
0 0.607324 0.339722 0.051754 0.035634
0 0.567150 0.543352 0.062223 0.045755
0 0.699486 0.293419 0.041733 0.030048
0 0.553877 0.431857 0.052091 0.034416
0 0.561456 0.502343 0.057121 0.041041
0 0.752310 0.511595 0.057952 0.041123
0 0.689539 0.245104 0.050382 0.037690
0 0.619887 0.464641 0.061563 0.046455
0 0.388791 0.725987 0.070173 0.049696
0 0.838691 0.845458 0.080708 0.056437
0 0.720121 0.379240 0.051807 0.038989
0 0.371180 0.838618 0.078221 0.058941
0 0.785806 0.597388 0.060813 0.043155
0 0.592103 0.835637 0.073498 0.052386
0 0.400598 0.373545 0.058739 0.043499
0 0.633448 0.586948 0.056955 0.046456
0 0.671856 0.846587 0.064907 0.053553
0 0.805445 0.691056 0.063947 0.050473
0 0.714002 0.349381 0.054434 0.036802
0 0.729019 0.405860 0.052056 0.039579
0 0.823969 0.791843 0.070882 0.050708
0 0.709919 0.323001 0.049245 0.039130
0 0.819622 0.738877 0.061640 0.050919
0 0.626771 0.506684 0.055285 0.046728
0 0.382414 0.779300 0.067880 0.051752
0 0.582199 0.777307 0.074108 0.049816
0 0.609934 0.365700 0.047399 0.030301
0 0.641811 0.625379 0.067372 0.049535
0 0.576998 0.719006 0.065376 0.051943
0 0.631942 0.543807 0.060323 0.049305
0 0.567370 0.622804 0.049819 0.044549
0 0.609716 0.394059 0.051317 0.032485
0 0.372530 0.904995 0.087526 0.059942
0 0.661417 0.787437 0.070124 0.050054
0 0.598074 0.904397 0.072616 0.062600
0 0.597656 0.973783 0.083467 0.051132
0 0.686131 0.977013 0.066774 0.042568
0 0.681123 0.919421 0.058427 0.050080
0 0.577624 0.672776 0.068443 0.050080
0 0.562600 0.585762 0.054253 0.043820
0 0.617271 0.431140 0.050915 0.042568
0 0.679871 0.220803 0.039229 0.030048
0 0.691974 0.275265 0.048411 0.028796
0 0.738715 0.439278 0.046741 0.038812
0 0.857238 0.910657 0.068443 0.055088
0 0.881861 0.971279 0.089310 0.056140