0 0.385020 0.844721 0.081389 0.060936
0 0.391003 0.910162 0.077639 0.060449
0 0.392921 0.785193 0.078941 0.054561
0 0.790898 0.639823 0.064237 0.044270
0 0.773547 0.597068 0.068891 0.046400
0 0.391434 0.681779 0.067119 0.047999
0 0.814627 0.741512 0.060182 0.044824
0 0.601439 0.977102 0.085918 0.037738
0 0.397782 0.472693 0.062130 0.036793
0 0.397769 0.556176 0.067812 0.042658
0 0.577653 0.785522 0.060039 0.054958
0 0.399345 0.634039 0.069433 0.047725
0 0.800714 0.692998 0.074653 0.047955
0 0.586655 0.851813 0.070414 0.055088
0 0.570305 0.728886 0.053033 0.050541
0 0.401386 0.391328 0.057368 0.045782
0 0.702127 0.313452 0.053144 0.035056
0 0.587200 0.913161 0.069324 0.055088
0 0.400841 0.734059 0.055070 0.046951
0 0.397314 0.592468 0.050612 0.039625
0 0.396651 0.509857 0.065954 0.044989
0 0.560531 0.678503 0.059227 0.048643
0 0.879825 0.974572 0.076688 0.047702
0 0.551673 0.634335 0.063588 0.044330
0 0.830725 0.795047 0.074728 0.051733
0 0.540214 0.547576 0.054789 0.042568
0 0.588519 0.382133 0.055000 0.042925
0 0.747495 0.470664 0.064239 0.046496
0 0.756393 0.509220 0.063136 0.045984
0 0.545883 0.591380 0.063481 0.045104
0 0.770543 0.548778 0.067226 0.047780
0 0.859915 0.910200 0.074774 0.051670
0 0.540411 0.440927 0.054394 0.038018
0 0.689052 0.978265 0.075955 0.040064
0 0.544655 0.507512 0.055923 0.045072
0 0.539647 0.473082 0.045907 0.033804
0 0.601830 0.356646 0.040064 0.033804
0 0.606420 0.414864 0.050915 0.037560
0 0.597656 0.443660 0.045072 0.042568
0 0.603916 0.484350 0.054253 0.038812
0 0.609342 0.520032 0.058427 0.042568
0 0.611428 0.560096 0.060931 0.045072
0 0.613932 0.600160 0.059261 0.047576
0 0.623948 0.646484 0.062600 0.050080
0 0.630208 0.691556 0.063435 0.050080
0 0.636051 0.744141 0.058427 0.050080
0 0.647736 0.797351 0.065104 0.048828
0 0.664847 0.858699 0.070947 0.056340
0 0.669855 0.916291 0.069278 0.053836
0 0.846805 0.847431 0.062600 0.051332
0 0.731203 0.432392 0.055088 0.037560
0 0.727865 0.397336 0.060096 0.035056
0 0.720770 0.363532 0.055923 0.037560
0 0.687800 0.238957 0.045072 0.031300
0 0.697399 0.289663 0.052584 0.030048
0 0.696147 0.264623 0.048411 0.030048