0 0.855111 0.902669 0.071610 0.050378
0 0.396452 0.803236 0.078546 0.056758
0 0.875851 0.970518 0.086467 0.052793
0 0.377418 0.931914 0.083411 0.066133
0 0.392622 0.727689 0.069462 0.055443
0 0.397654 0.632786 0.063529 0.047122
0 0.571675 0.790863 0.072431 0.056973
0 0.542094 0.556019 0.059848 0.043079
0 0.395868 0.677607 0.071571 0.051465
0 0.591246 0.915732 0.076337 0.059447
0 0.821523 0.743193 0.071554 0.050436
0 0.738446 0.447243 0.062743 0.040944
0 0.385273 0.863594 0.072622 0.058867
0 0.405286 0.591566 0.057917 0.042663
0 0.750597 0.482624 0.060082 0.045065
0 0.841480 0.793568 0.066042 0.051888
0 0.774045 0.557331 0.056042 0.042044
0 0.573709 0.846286 0.069787 0.058288
0 0.775401 0.597187 0.057652 0.042812
0 0.792253 0.637708 0.073385 0.049583
0 0.634154 0.677021 0.071962 0.053913
0 0.394082 0.506315 0.050334 0.039844
0 0.551539 0.643613 0.069214 0.049180
0 0.807105 0.694154 0.068299 0.050547
0 0.618997 0.620189 0.067734 0.049622
0 0.548160 0.598242 0.063724 0.043672
0 0.654983 0.845120 0.066441 0.053118
0 0.596736 0.316514 0.037622 0.038158
0 0.581662 0.220680 0.042552 0.034056
0 0.394779 0.547474 0.067830 0.055065
0 0.594586 0.973148 0.070977 0.048574
0 0.612756 0.573148 0.063915 0.047181
0 0.605215 0.532207 0.057808 0.045924
0 0.647144 0.785228 0.062378 0.051354
0 0.640881 0.733923 0.070738 0.055033
0 0.563496 0.688581 0.065690 0.049128
0 0.665684 0.903672 0.057062 0.053802
0 0.763759 0.522109 0.053524 0.042891
0 0.574655 0.735811 0.058251 0.051217
0 0.592222 0.423906 0.054132 0.038490
0 0.600126 0.492363 0.062734 0.044375
0 0.595280 0.455527 0.053503 0.043255
0 0.670990 0.974990 0.061545 0.045280