0 0.356236 0.651688 0.071127 0.052468
0 0.358856 0.754603 0.055009 0.050563
0 0.639903 0.730836 0.063281 0.050896
0 0.359500 0.806349 0.074761 0.057577
0 0.775774 0.591264 0.064116 0.056223
0 0.370526 0.561828 0.065915 0.049881
0 0.802797 0.682659 0.056686 0.050617
0 0.654916 0.845256 0.065719 0.053827
0 0.745641 0.471290 0.064826 0.040462
0 0.785636 0.639300 0.064768 0.045473
0 0.762339 0.544001 0.062828 0.043104
0 0.636076 0.681208 0.061712 0.045616
0 0.568179 0.841537 0.072040 0.057823
0 0.724314 0.411344 0.053187 0.040645
0 0.651869 0.789537 0.075203 0.050728
0 0.808893 0.735310 0.065446 0.044853
0 0.625079 0.634168 0.062001 0.048979
0 0.752478 0.508055 0.066343 0.038925
0 0.566339 0.725021 0.068390 0.052927
0 0.554509 0.668435 0.060583 0.048270
0 0.585012 0.972436 0.087681 0.049800
0 0.667752 0.904090 0.059024 0.051528
0 0.848806 0.841549 0.081968 0.057096
0 0.540592 0.500140 0.050695 0.040345
0 0.832214 0.788933 0.065493 0.051131
0 0.620643 0.587713 0.056942 0.049908
0 0.551383 0.580732 0.063339 0.046327
0 0.602338 0.444465 0.055169 0.038661
0 0.400803 0.471935 0.058294 0.045471
0 0.374315 0.516397 0.062606 0.045734
0 0.692602 0.231011 0.040567 0.035369
0 0.853581 0.906550 0.069777 0.054358
0 0.549529 0.624802 0.062975 0.052270
0 0.712227 0.345684 0.050628 0.039750
0 0.406968 0.384503 0.059178 0.045105
0 0.619799 0.549945 0.056930 0.042757
0 0.707300 0.320157 0.047757 0.032300
0 0.720097 0.378079 0.052908 0.036010
0 0.400390 0.434777 0.058315 0.041697
0 0.382300 0.875344 0.076813 0.060611
0 0.868499 0.972088 0.089506 0.049630
0 0.591158 0.355293 0.048415 0.040430
0 0.699249 0.291873 0.051300 0.034870
0 0.611896 0.511873 0.056932 0.046197
0 0.587956 0.279155 0.037764 0.036576
0 0.607657 0.477904 0.051011 0.035287
0 0.701084 0.271128 0.043545 0.028033
0 0.573195 0.191230 0.040576 0.028493
0 0.577856 0.901384 0.066311 0.054071
0 0.540064 0.469952 0.053419 0.037560
0 0.669020 0.980669 0.055923 0.037360
0 0.587223 0.326598 0.039229 0.036308
0 0.584719 0.257111 0.035891 0.032552
0 0.585136 0.238331 0.031717 0.035056
0 0.581798 0.215169 0.045072 0.028796