0 0.387412 0.730133 0.069373 0.056427
0 0.389725 0.679012 0.051317 0.048353
0 0.399396 0.468191 0.060775 0.038047
0 0.607722 0.472672 0.058030 0.039499
0 0.391143 0.588415 0.068185 0.040237
0 0.565206 0.629942 0.062797 0.044885
0 0.619417 0.511686 0.063801 0.043537
0 0.330173 0.478170 0.026439 0.052030
0 0.410572 0.435650 0.059734 0.034928
0 0.547153 0.497755 0.050759 0.041951
0 0.781733 0.604120 0.068316 0.044479
0 0.256180 0.515454 0.049724 0.123549
0 0.637943 0.689202 0.061131 0.047480
0 0.385462 0.630831 0.068340 0.055448
0 0.547989 0.433499 0.052411 0.033293
0 0.768811 0.560019 0.060832 0.043192
0 0.402963 0.508977 0.058849 0.039177
0 0.646681 0.736125 0.065021 0.045320
0 0.382377 0.543953 0.049849 0.041348
0 0.551506 0.542306 0.061651 0.042780
0 0.570840 0.735312 0.066687 0.050936
0 0.610740 0.435531 0.046827 0.034496
0 0.617412 0.557185 0.054495 0.044235
0 0.790871 0.647926 0.065206 0.046279
0 0.566909 0.677289 0.065402 0.047247
0 0.543936 0.467158 0.051237 0.038528
0 0.735246 0.440387 0.056229 0.040079
0 0.561230 0.584627 0.047364 0.043141
0 0.384629 0.910952 0.071296 0.061333
0 0.382152 0.971530 0.073916 0.051670
0 0.755206 0.517379 0.069207 0.041062
0 0.742320 0.473153 0.057502 0.042102
0 0.696334 0.339812 0.050101 0.033512
0 0.389824 0.852439 0.080128 0.053836
0 0.393997 0.786709 0.066774 0.057592
0 0.403178 0.387946 0.055923 0.041316
0 0.411525 0.352264 0.042568 0.037560
0 0.571364 0.791717 0.063435 0.050080
0 0.582215 0.845553 0.075120 0.050080
0 0.588058 0.902519 0.080128 0.058844
0 0.601830 0.965745 0.082632 0.062600
0 0.550497 0.399840 0.053419 0.035056
0 0.543403 0.373548 0.052584 0.035056
0 0.644398 0.786083 0.057592 0.051332
0 0.658587 0.844927 0.064269 0.048828
0 0.666934 0.900641 0.055923 0.055088
0 0.676950 0.975761 0.060931 0.045072
0 0.641476 0.642728 0.066774 0.045072
0 0.628539 0.600160 0.057592 0.045072
0 0.609759 0.411108 0.048411 0.037560
0 0.603082 0.382312 0.055088 0.037560
0 0.601830 0.354142 0.047576 0.033804
0 0.603916 0.325972 0.048411 0.035056
0 0.600578 0.296549 0.043403 0.031300
0 0.595152 0.266501 0.037560 0.028796
0 0.595987 0.245217 0.045907 0.026292
0 0.591396 0.226437 0.043403 0.023788
0 0.591396 0.205153 0.048411 0.026292
0 0.589321 0.185300 0.039229 0.026292
0 0.581980 0.163657 0.044753 0.027875
0 0.727447 0.366662 0.053419 0.033804
0 0.724943 0.399840 0.053419 0.040064
0 0.805071 0.695939 0.060096 0.043820
0 0.812583 0.740385 0.075120 0.055088
0 0.827608 0.820513 0.081798 0.052584
0 0.840962 0.881861 0.073451 0.050080
0 0.861829 0.946339 0.073451 0.058844
0 0.714927 0.319086 0.041733 0.036308
0 0.706581 0.290915 0.051749 0.037560
0 0.697817 0.269005 0.049245 0.026292
0 0.692391 0.247095 0.050080 0.027544
0 0.684462 0.223933 0.050915 0.033804
0 0.680288 0.198893 0.050915 0.028796
0 0.676532 0.180739 0.043403 0.025040