0 0.578147 0.971208 0.087891 0.050397
0 0.650341 0.777057 0.074527 0.056042
0 0.578079 0.832038 0.071523 0.055833
0 0.372292 0.769928 0.076563 0.060299
0 0.364364 0.828734 0.075308 0.060645
0 0.649013 0.723421 0.063815 0.050488
0 0.790313 0.633418 0.073420 0.051667
0 0.755362 0.505560 0.059579 0.043997
0 0.236083 0.698219 0.062305 0.048548
0 0.835582 0.831312 0.071042 0.053600
0 0.373748 0.711178 0.074128 0.058099
0 0.732763 0.433467 0.062947 0.043848
0 0.781055 0.586309 0.072726 0.049935
0 0.641430 0.671800 0.073016 0.052832
0 0.589429 0.894023 0.092209 0.069492
0 0.633709 0.574554 0.062131 0.046686
0 0.567823 0.667676 0.068832 0.049453
0 0.402702 0.386361 0.057739 0.044948
0 0.794421 0.679443 0.069666 0.050358
0 0.354948 0.974613 0.084219 0.045215
0 0.656686 0.834639 0.063390 0.052480
0 0.664010 0.893809 0.059974 0.051406
0 0.765792 0.545016 0.064909 0.044876
0 0.365395 0.911432 0.076476 0.058216
0 0.573694 0.718418 0.068099 0.050990
0 0.850940 0.900739 0.072218 0.054837
0 0.809232 0.726699 0.065095 0.053555
0 0.385532 0.541706 0.067374 0.044766
0 0.875000 0.966302 0.091328 0.060443
0 0.585686 0.283568 0.048880 0.036003
0 0.377882 0.623623 0.068785 0.048301
0 0.743691 0.470882 0.050768 0.044824
0 0.812778 0.775241 0.061389 0.048268
0 0.671710 0.968014 0.084957 0.058984
0 0.715877 0.368617 0.055260 0.041126
0 0.721304 0.401579 0.053060 0.037116
0 0.375176 0.664251 0.056176 0.048659
0 0.557298 0.538011 0.055595 0.046100
0 0.548895 0.427520 0.044345 0.041341
0 0.568624 0.621038 0.059575 0.044902
0 0.378709 0.577624 0.051194 0.045898
0 0.616237 0.492959 0.056641 0.048249
0 0.703984 0.343848 0.052318 0.034362
0 0.608503 0.459115 0.057014 0.041771
0 0.552661 0.498281 0.058550 0.042917
0 0.636044 0.618760 0.066141 0.048379
0 0.547769 0.464424 0.053229 0.039004
0 0.604286 0.396468 0.047079 0.037402
0 0.588270 0.310143 0.047713 0.033529
0 0.606578 0.426637 0.053242 0.038757
0 0.599768 0.365124 0.053077 0.041680
0 0.701378 0.317979 0.052617 0.034707
0 0.689544 0.264821 0.051094 0.035137
0 0.692595 0.292601 0.044444 0.035658
0 0.682079 0.243063 0.049488 0.032376
0 0.593160 0.335527 0.054028 0.037917