0 0.393136 0.850215 0.081497 0.056510
0 0.387728 0.919567 0.073598 0.058887
0 0.443735 0.784359 0.072122 0.056048
0 0.583585 0.845758 0.073559 0.061973
0 0.826905 0.787178 0.077318 0.053470
0 0.572884 0.784303 0.066914 0.053971
0 0.651782 0.787539 0.069536 0.053737
0 0.588670 0.910277 0.074440 0.059850
0 0.851356 0.904583 0.071437 0.059857
0 0.572643 0.726491 0.068976 0.053880
0 0.813349 0.729437 0.070560 0.053379
0 0.842936 0.843288 0.067912 0.056094
0 0.636157 0.675426 0.067452 0.052116
0 0.661128 0.847275 0.064653 0.055254
0 0.645150 0.724701 0.060456 0.049336
0 0.595067 0.974805 0.077148 0.048060
0 0.673670 0.970902 0.064162 0.053561
0 0.661304 0.908610 0.059944 0.051165
0 0.878038 0.973499 0.087587 0.050579
0 0.692613 0.281361 0.044410 0.038893