0 0.690104 0.950286 0.075000 0.053568
0 0.399460 0.740645 0.065187 0.051198
0 0.670273 0.884349 0.061571 0.052214
0 0.790562 0.632943 0.074683 0.048229
0 0.401402 0.633991 0.068212 0.050182
0 0.395382 0.798369 0.078003 0.060645
0 0.652405 0.667259 0.070747 0.049922
0 0.393468 0.853138 0.063134 0.052995
0 0.815605 0.731377 0.076706 0.051829
0 0.588579 0.879906 0.076228 0.056725
0 0.655065 0.717155 0.072700 0.054128
0 0.382711 0.915433 0.063607 0.053691
0 0.390519 0.679434 0.072348 0.055430
0 0.830421 0.839652 0.072986 0.053405
0 0.558038 0.524007 0.064323 0.045241
0 0.666960 0.827539 0.068997 0.055117
0 0.804286 0.683698 0.068598 0.051823
0 0.556515 0.482812 0.053064 0.043672
0 0.643900 0.620462 0.056793 0.045898
0 0.849171 0.898945 0.085694 0.062630
0 0.747161 0.474694 0.061389 0.042839
0 0.823852 0.778548 0.070820 0.049362
0 0.617227 0.464749 0.055095 0.040150
0 0.637917 0.581032 0.057613 0.045449
0 0.630875 0.539206 0.057461 0.049544
0 0.393646 0.577262 0.062439 0.050137
0 0.574319 0.650752 0.069401 0.048210
0 0.574607 0.748132 0.064171 0.051810
0 0.568919 0.601449 0.060486 0.048027
0 0.394008 0.502939 0.059831 0.042988
0 0.396009 0.540762 0.066923 0.045898
0 0.756764 0.507174 0.062600 0.046888
0 0.873103 0.956006 0.092500 0.060124
0 0.565647 0.558896 0.056250 0.045020
0 0.624429 0.499909 0.056766 0.045365
0 0.601443 0.948906 0.062322 0.056849
0 0.577528 0.695846 0.068112 0.051615
0 0.611973 0.430736 0.055942 0.041940
0 0.396087 0.469740 0.046801 0.039492
0 0.397387 0.432588 0.045868 0.043783
0 0.554920 0.442852 0.046619 0.043594
0 0.550410 0.413708 0.050534 0.038079
0 0.776975 0.585798 0.058238 0.050033
0 0.766263 0.547383 0.064106 0.047083
0 0.740816 0.439808 0.054201 0.043574
0 0.578867 0.811341 0.078255 0.060599
0 0.729967 0.412109 0.059666 0.038802
0 0.705937 0.311602 0.048177 0.031107
0 0.603468 0.372845 0.053785 0.043424
0 0.583036 0.221009 0.041628 0.036445
0 0.720258 0.365677 0.040734 0.040326
0 0.712478 0.336992 0.043325 0.032513
0 0.684701 0.242607 0.047717 0.031322
0 0.695519 0.264001 0.045525 0.031022
0 0.599362 0.343480 0.049731 0.036908
0 0.608142 0.401374 0.046866 0.036445
0 0.697999 0.286253 0.044531 0.033327