0 0.690295 0.950169 0.075191 0.053581
0 0.790438 0.632614 0.074566 0.047754
0 0.399375 0.740677 0.065477 0.051198
0 0.670132 0.884352 0.061723 0.052259
0 0.401385 0.634115 0.068273 0.050234
0 0.395404 0.796898 0.077917 0.057637
0 0.652552 0.667204 0.070321 0.049720
0 0.393487 0.853190 0.063598 0.053529
0 0.815291 0.731074 0.077023 0.051159
0 0.588411 0.879619 0.076319 0.056400
0 0.654918 0.717015 0.072899 0.054069
0 0.390586 0.679528 0.072092 0.055840
0 0.382602 0.915384 0.063442 0.053125
0 0.830204 0.839290 0.073438 0.052578
0 0.558214 0.523831 0.064640 0.045384
0 0.666997 0.827370 0.068733 0.054596
0 0.556519 0.482917 0.053325 0.043385
0 0.804147 0.683496 0.068694 0.051628
0 0.849349 0.898688 0.085408 0.062871
0 0.617144 0.464922 0.055321 0.040260
0 0.746970 0.474779 0.061276 0.043021
0 0.643900 0.619935 0.056853 0.046185
0 0.630820 0.539072 0.057543 0.049069
0 0.823589 0.778509 0.071285 0.048372
0 0.574026 0.650459 0.068537 0.047897
0 0.569015 0.601081 0.060686 0.047839
0 0.637867 0.580609 0.057539 0.045306
0 0.393294 0.577181 0.062222 0.050352
0 0.574538 0.748376 0.064128 0.052415
0 0.873034 0.955924 0.092465 0.059336
0 0.393980 0.503418 0.059939 0.042240
0 0.396048 0.540911 0.066732 0.045938
0 0.624434 0.500160 0.057409 0.045371
0 0.756777 0.507135 0.062548 0.047083
0 0.577376 0.696003 0.067747 0.051471
0 0.565716 0.559176 0.056432 0.044251
0 0.601250 0.948672 0.062344 0.057240
0 0.397500 0.432546 0.045477 0.044036
0 0.395933 0.470215 0.046580 0.040026
0 0.611836 0.430381 0.056076 0.042298
0 0.602962 0.371292 0.052973 0.044499
0 0.550373 0.413584 0.050573 0.038496
0 0.554922 0.443346 0.046450 0.042865
0 0.776992 0.585618 0.058142 0.049831
0 0.578733 0.811315 0.078438 0.059310
0 0.766291 0.547565 0.064058 0.047266
0 0.740833 0.439860 0.054688 0.042663
0 0.729944 0.412103 0.059826 0.038242
0 0.582854 0.220433 0.040890 0.035879
0 0.705614 0.311217 0.049171 0.031797
0 0.720139 0.365566 0.041536 0.041237
0 0.712381 0.336738 0.043945 0.032344
0 0.684957 0.242477 0.047917 0.030736
0 0.695660 0.263779 0.045295 0.030475
0 0.698155 0.285651 0.044826 0.033177
0 0.608162 0.401250 0.046159 0.035807