0 0.590150 0.971937 0.088919 0.049082
0 0.681137 0.966253 0.075616 0.056204
0 0.399026 0.727751 0.073494 0.052480
0 0.395864 0.790791 0.065243 0.051217
0 0.578197 0.843584 0.073615 0.057793
0 0.666829 0.900866 0.061879 0.053724
0 0.551654 0.581240 0.065903 0.047051
0 0.397250 0.622223 0.075456 0.056777
0 0.400610 0.575749 0.067895 0.046224
0 0.527917 0.386924 0.055747 0.040736
0 0.646979 0.787161 0.065677 0.053164
0 0.659631 0.843060 0.078030 0.057135
0 0.402656 0.534613 0.057179 0.043796
0 0.772828 0.597080 0.068555 0.046842
0 0.639622 0.731514 0.073863 0.053913
0 0.630026 0.640622 0.052361 0.042129
0 0.636196 0.683223 0.055343 0.051328
0 0.541862 0.498571 0.053898 0.042676
0 0.560397 0.674202 0.069397 0.051426
0 0.738355 0.452660 0.057257 0.038353
0 0.804850 0.734564 0.068763 0.050534
0 0.614939 0.557627 0.063724 0.046895
0 0.622832 0.598291 0.059961 0.047155
0 0.837550 0.838249 0.087305 0.060326
0 0.762164 0.555628 0.067652 0.048796
0 0.580054 0.902370 0.075386 0.059609
0 0.604295 0.473249 0.054371 0.044935
0 0.410582 0.500150 0.049384 0.039401
0 0.558177 0.625801 0.052517 0.050143
0 0.798926 0.682337 0.057452 0.050781
0 0.744036 0.483206 0.059392 0.042051
0 0.575341 0.785303 0.070560 0.053509
0 0.540171 0.536628 0.049952 0.046406
0 0.387739 0.847679 0.082552 0.060501
0 0.849889 0.964831 0.085994 0.061289
0 0.782448 0.639342 0.066380 0.049193
0 0.588006 0.383053 0.052600 0.035534
0 0.407832 0.469043 0.056766 0.039036
0 0.605332 0.510889 0.059796 0.048066
0 0.844086 0.903229 0.075230 0.059245
0 0.811467 0.784053 0.061137 0.049382
0 0.535035 0.428646 0.053316 0.038828
0 0.750202 0.518714 0.062062 0.045228
0 0.538596 0.462438 0.052799 0.042702
0 0.559939 0.724313 0.073134 0.053613
0 0.598177 0.441094 0.057014 0.041237
0 0.691621 0.264395 0.053364 0.033294
0 0.593594 0.266208 0.049514 0.038665
0 0.733440 0.420101 0.054110 0.042624
0 0.385449 0.916439 0.087626 0.066016
0 0.591673 0.409661 0.051055 0.035078
0 0.604772 0.354980 0.055881 0.038984
0 0.715124 0.362897 0.053494 0.036120
0 0.703720 0.314248 0.050382 0.033092
0 0.598698 0.327858 0.051536 0.033568
0 0.697619 0.289225 0.042556 0.030378
0 0.597813 0.300059 0.042613 0.035534
0 0.722285 0.391755 0.054614 0.038639
0 0.686128 0.240592 0.039540 0.028464
0 0.407546 0.408271 0.061775 0.047884
0 0.581612 0.216950 0.046905 0.032363
0 0.710200 0.338923 0.049748 0.032884
0 0.586680 0.240511 0.047543 0.033197
0 0.678924 0.220374 0.037899 0.028652