0 0.775809 0.593011 0.064972 0.058566
0 0.655204 0.845800 0.065790 0.056725
0 0.356290 0.701663 0.073299 0.053464
0 0.762515 0.546031 0.062864 0.048245
0 0.752859 0.509833 0.067224 0.041303
0 0.808117 0.738812 0.066999 0.049030
0 0.568101 0.840166 0.072205 0.057359
0 0.787079 0.642950 0.067011 0.046855
0 0.625429 0.635870 0.060832 0.054135
0 0.640359 0.731056 0.061092 0.051325
0 0.359404 0.753985 0.055318 0.052539
0 0.802864 0.685348 0.057479 0.044837
0 0.356300 0.650805 0.071771 0.052663
0 0.585201 0.972493 0.087947 0.048544
0 0.671682 0.909405 0.067292 0.061348
0 0.620050 0.587571 0.058950 0.052839
0 0.636121 0.682378 0.059190 0.048380
0 0.358929 0.806842 0.075224 0.058077
0 0.652301 0.785731 0.076821 0.052075
0 0.849969 0.841556 0.085707 0.054587
0 0.742890 0.472472 0.066771 0.041349
0 0.545536 0.535574 0.067166 0.049631
0 0.551636 0.581219 0.063576 0.047364
0 0.550541 0.623605 0.061935 0.047705
0 0.619737 0.550085 0.059266 0.045051
0 0.552747 0.668683 0.065883 0.046520
0 0.835804 0.787208 0.071795 0.046408
0 0.724214 0.410327 0.054043 0.037869
0 0.712804 0.346403 0.052003 0.041164
0 0.536922 0.457870 0.046980 0.039263
0 0.566907 0.728866 0.066823 0.054471
0 0.566289 0.776555 0.056269 0.051284
0 0.543154 0.498732 0.050776 0.040792
0 0.577820 0.229218 0.032995 0.038113
0 0.535180 0.421618 0.053271 0.038433
0 0.701885 0.295626 0.049922 0.029774
0 0.587916 0.281491 0.036173 0.037491
0 0.853360 0.907608 0.071169 0.057517
0 0.707944 0.319151 0.049465 0.030526
0 0.613032 0.511848 0.057680 0.045312
0 0.602766 0.443731 0.053020 0.043608
0 0.597892 0.410077 0.050041 0.036937
0 0.866114 0.971458 0.087416 0.052742
0 0.709913 0.268145 0.050927 0.044289
0 0.364458 0.607074 0.051043 0.038332
0 0.717485 0.377044 0.048056 0.034994
0 0.400485 0.472188 0.058087 0.044971
0 0.589600 0.388301 0.056176 0.035767
0 0.370508 0.563931 0.065582 0.047902
0 0.579960 0.900938 0.071167 0.063395
0 0.688707 0.208418 0.038252 0.034074
0 0.375019 0.515583 0.063269 0.046643
0 0.587292 0.328777 0.038739 0.032215
0 0.609614 0.481223 0.052874 0.043815
0 0.400405 0.434703 0.057921 0.041938
0 0.407142 0.383975 0.058694 0.043157
0 0.381894 0.877479 0.084302 0.052584
0 0.529631 0.389824 0.044237 0.033804
0 0.528796 0.359776 0.052584 0.038812
0 0.670690 0.980982 0.064269 0.036734
0 0.593066 0.358524 0.050915 0.033804
0 0.583884 0.255233 0.035891 0.032552
0 0.692808 0.233949 0.041733 0.030048
0 0.732873 0.441156 0.051749 0.036308