0 0.406535 0.376493 0.058468 0.043686
0 0.620003 0.522215 0.064151 0.042608
0 0.783642 0.628721 0.069746 0.046519
0 0.645522 0.697942 0.060770 0.047693
0 0.578961 0.752857 0.074019 0.053065
0 0.623689 0.561309 0.057757 0.045531
0 0.654862 0.753902 0.061930 0.046884
0 0.773869 0.583802 0.072213 0.048178
0 0.754307 0.498143 0.062339 0.044847
0 0.574002 0.695388 0.064926 0.048533
0 0.793115 0.675945 0.063350 0.048647
0 0.643032 0.647216 0.066515 0.050498
0 0.763533 0.538650 0.068236 0.043571
0 0.879229 0.960846 0.091554 0.056635
0 0.633201 0.602650 0.059726 0.044274
0 0.585783 0.803334 0.069184 0.050414
0 0.662454 0.808566 0.075405 0.056568
0 0.746011 0.461689 0.060039 0.039706
0 0.803899 0.725325 0.056599 0.047648
0 0.605352 0.316397 0.037930 0.035548
0 0.406147 0.894387 0.083520 0.053193
0 0.733707 0.428010 0.055088 0.041316
0 0.583050 0.888121 0.082632 0.062600
0 0.663595 0.899389 0.061765 0.057592
0 0.589727 0.968875 0.082632 0.058844
0 0.675280 0.970753 0.073451 0.055088
0 0.828442 0.791091 0.069278 0.053836
0 0.845970 0.846805 0.064269 0.055088
0 0.855569 0.905023 0.065104 0.053836