0 0.690150 0.950075 0.074926 0.053691
0 0.670260 0.884593 0.062023 0.052337
0 0.790328 0.633125 0.075256 0.048880
0 0.401463 0.633913 0.068290 0.050052
0 0.399290 0.740654 0.065291 0.051400
0 0.657509 0.775166 0.078359 0.052220
0 0.652448 0.667448 0.070634 0.050599
0 0.815640 0.731195 0.076428 0.051517
0 0.395184 0.797913 0.078025 0.059173
0 0.843455 0.901712 0.073924 0.056354
0 0.831072 0.839668 0.071823 0.053633
0 0.588392 0.880225 0.076324 0.057611
0 0.393394 0.853382 0.063411 0.052806
0 0.655056 0.717100 0.072717 0.054147
0 0.390642 0.679466 0.072656 0.056042
0 0.382793 0.915130 0.064692 0.053333
0 0.558255 0.524089 0.064670 0.045208
0 0.804104 0.683949 0.069266 0.052116
0 0.666391 0.825755 0.069970 0.057422
0 0.309993 0.855335 0.084206 0.055085
0 0.556510 0.482988 0.053273 0.044323
0 0.617129 0.464782 0.055265 0.040553
0 0.643639 0.620550 0.056740 0.046738
0 0.638407 0.580531 0.056528 0.045176
0 0.222613 0.685332 0.061215 0.159818
0 0.747331 0.474554 0.061684 0.042559
0 0.574000 0.650426 0.068016 0.047975
0 0.631018 0.538955 0.057878 0.049382
0 0.393464 0.576979 0.062778 0.050039
0 0.824006 0.778304 0.070260 0.048965
0 0.568991 0.601452 0.060638 0.048086
0 0.394208 0.503324 0.060135 0.041673
0 0.395972 0.540511 0.066927 0.046139
0 0.574733 0.747243 0.063971 0.051803
0 0.872782 0.956104 0.091988 0.060736
0 0.756871 0.506787 0.062786 0.046725
0 0.565755 0.559219 0.056259 0.044570
0 0.577177 0.696133 0.068459 0.052305
0 0.601345 0.948018 0.062457 0.055514
0 0.624358 0.500192 0.056918 0.044772
0 0.400245 0.399574 0.054171 0.042324
0 0.396202 0.469398 0.047674 0.040918
0 0.611916 0.429408 0.056359 0.043854
0 0.554816 0.442689 0.046549 0.044023
0 0.550306 0.413730 0.050239 0.037943
0 0.397719 0.432822 0.045456 0.042871
0 0.777068 0.586354 0.058329 0.051602
0 0.579069 0.809935 0.078876 0.060625
0 0.766202 0.547363 0.064063 0.047096
0 0.740809 0.440335 0.055117 0.043327
0 0.730065 0.412223 0.059479 0.038301
0 0.705916 0.311797 0.048984 0.031042
0 0.603579 0.372734 0.053911 0.043477
0 0.599852 0.345234 0.050226 0.035339
0 0.712691 0.336940 0.043359 0.032096
0 0.684818 0.243099 0.048394 0.030781
0 0.695703 0.264131 0.045747 0.030033
0 0.698264 0.286582 0.044436 0.031536
0 0.720564 0.365824 0.041224 0.040658
0 0.608594 0.400719 0.047865 0.037428