0 0.796994 0.677406 0.076419 0.048431
0 0.401057 0.632601 0.077140 0.052025
0 0.809863 0.726598 0.068077 0.053184
0 0.399002 0.783708 0.078533 0.051751
0 0.404512 0.846940 0.074154 0.054531
0 0.393544 0.724876 0.059544 0.051133
0 0.401884 0.586019 0.066684 0.049043
0 0.855649 0.966755 0.089883 0.057090
0 0.786437 0.633519 0.076910 0.048665
0 0.819646 0.779222 0.073711 0.051712
0 0.845618 0.896966 0.081107 0.060911
0 0.771141 0.591348 0.068325 0.046237
0 0.416317 0.376257 0.059484 0.046445
0 0.407372 0.437936 0.044379 0.039818
0 0.581159 0.968747 0.087231 0.057819
0 0.394301 0.679229 0.056319 0.048509
0 0.699134 0.311865 0.051176 0.034694
0 0.567982 0.836227 0.073932 0.055866
0 0.530419 0.508900 0.066419 0.049648
0 0.832405 0.834206 0.070712 0.050716
0 0.552763 0.630339 0.067166 0.049466
0 0.679286 0.968102 0.080065 0.057272
0 0.664742 0.903822 0.080872 0.059232
0 0.574494 0.900586 0.078494 0.060638
0 0.565692 0.722933 0.061645 0.053392
0 0.716356 0.359779 0.062122 0.038698
0 0.762318 0.552262 0.066649 0.045267
0 0.654164 0.840534 0.073728 0.057904
0 0.648472 0.784277 0.067352 0.051836
0 0.738385 0.449723 0.055799 0.037181
0 0.748431 0.480264 0.065690 0.043223
0 0.549262 0.587559 0.067595 0.046276
0 0.605920 0.507809 0.062457 0.045918
0 0.632886 0.676250 0.061189 0.049063
0 0.643390 0.728906 0.056163 0.046927
0 0.754049 0.517018 0.059835 0.040286
0 0.622819 0.589287 0.061263 0.046595
0 0.400330 0.543568 0.061892 0.046250
0 0.618537 0.548118 0.060937 0.045534
0 0.564970 0.778434 0.058056 0.053926
0 0.535124 0.411833 0.056115 0.037845
0 0.629970 0.632376 0.071068 0.049401
0 0.725577 0.389808 0.052144 0.040944
0 0.403490 0.508057 0.064227 0.040931
0 0.608279 0.474655 0.055751 0.044232
0 0.689878 0.240339 0.041953 0.036667
0 0.539577 0.475742 0.058338 0.038516
0 0.533956 0.377083 0.051463 0.043125
0 0.530176 0.441292 0.059336 0.043431
0 0.541886 0.548643 0.054918 0.043327