0 0.557268 0.729030 0.076063 0.051927
0 0.563294 0.782174 0.085825 0.061745
0 0.782389 0.634053 0.076359 0.049876
0 0.401615 0.631976 0.068655 0.053809
0 0.574540 0.841683 0.074661 0.055866
0 0.543655 0.507773 0.062135 0.043242
0 0.729980 0.412793 0.061437 0.042383
0 0.854954 0.965010 0.091029 0.060540
0 0.580148 0.900827 0.076424 0.061602
0 0.625482 0.633665 0.069071 0.050547
0 0.544366 0.631589 0.059583 0.048099
0 0.389442 0.784098 0.070317 0.055085
0 0.581489 0.962692 0.082500 0.062142
0 0.775508 0.590573 0.060842 0.048138
0 0.824996 0.780879 0.077431 0.053333
0 0.797858 0.682038 0.074041 0.053008
0 0.647591 0.780690 0.057665 0.048216
0 0.396795 0.682790 0.068424 0.051999
0 0.540990 0.585218 0.050556 0.045020
0 0.213665 0.742262 0.039631 0.079303
0 0.746840 0.481719 0.060738 0.037760
0 0.835651 0.837956 0.072865 0.053333
0 0.394188 0.846934 0.082439 0.058737
0 0.691096 0.967415 0.077990 0.056641
0 0.739622 0.447357 0.059193 0.041693
0 0.558225 0.677275 0.069401 0.048809
0 0.617413 0.546357 0.052726 0.046126
0 0.641128 0.727549 0.062795 0.049342
0 0.614462 0.510479 0.057795 0.046361
0 0.663798 0.899017 0.058507 0.047591
0 0.602112 0.443451 0.055812 0.040612
0 0.634412 0.677933 0.061506 0.047806
0 0.604499 0.475964 0.056853 0.038659
0 0.386942 0.730462 0.057912 0.054583
0 0.848166 0.897008 0.073034 0.057025
0 0.542572 0.544860 0.057652 0.045202
0 0.624230 0.588568 0.066758 0.049622
0 0.404197 0.435345 0.064575 0.049583
0 0.755345 0.514378 0.062635 0.044499
0 0.804720 0.728779 0.075525 0.053118
0 0.758466 0.552370 0.062999 0.046289
0 0.652598 0.835332 0.059249 0.054089
0 0.533492 0.409326 0.047122 0.037988
0 0.542849 0.474997 0.058754 0.037897
0 0.393976 0.911315 0.067361 0.056589
0 0.719813 0.384587 0.056901 0.037897
0 0.596970 0.411696 0.050790 0.037350
0 0.399199 0.473652 0.051098 0.043828
0 0.539078 0.442575 0.059206 0.040384
0 0.398375 0.543783 0.065569 0.050990
0 0.595964 0.380426 0.044262 0.039590
0 0.693058 0.285752 0.043659 0.030697
0 0.582934 0.257480 0.049861 0.040234
0 0.708234 0.333395 0.044792 0.035007
0 0.588913 0.304342 0.050438 0.037344
0 0.717567 0.360046 0.055881 0.033255
0 0.406986 0.508617 0.059518 0.043197
0 0.701163 0.309941 0.048099 0.036393
0 0.594757 0.354329 0.042552 0.038255
0 0.268605 0.743506 0.031176 0.082637
0 0.592585 0.327096 0.040647 0.034492