0 0.200907 0.758503 0.045165 0.083112
0 0.382826 0.699027 0.075755 0.053118
0 0.797337 0.677028 0.077114 0.053796
0 0.741213 0.557585 0.052930 0.041940
0 0.543702 0.616563 0.065226 0.045690
0 0.382018 0.647181 0.066467 0.049987
0 0.611636 0.586309 0.062335 0.047865
0 0.570738 0.831966 0.074948 0.055742
0 0.400286 0.587598 0.065408 0.046888
0 0.548574 0.662878 0.071063 0.051120
0 0.542255 0.571383 0.061862 0.043118
0 0.577166 0.899840 0.071345 0.060501
0 0.641938 0.783307 0.073772 0.053906
0 0.786736 0.633464 0.056068 0.043411
0 0.401708 0.545085 0.061020 0.041953
0 0.780365 0.593854 0.068872 0.045872
0 0.836213 0.831429 0.080786 0.059238
0 0.566024 0.773184 0.066016 0.052747
0 0.652027 0.841455 0.069592 0.057194
0 0.809544 0.728652 0.074219 0.048750
0 0.559488 0.723298 0.075729 0.050775
0 0.823841 0.775970 0.080373 0.054805
0 0.399290 0.430579 0.054787 0.043997
0 0.844349 0.900534 0.073056 0.057773
0 0.639249 0.729307 0.061458 0.050618
0 0.382930 0.947881 0.087144 0.065736
0 0.399701 0.504867 0.047361 0.039811
0 0.579058 0.971442 0.088802 0.054121
0 0.605662 0.546113 0.060647 0.044753
0 0.664468 0.915365 0.079718 0.065208
0 0.401315 0.466999 0.046658 0.039362
0 0.743557 0.436299 0.059701 0.042663
0 0.594358 0.350710 0.051788 0.036628
0 0.625004 0.679733 0.065000 0.053216
0 0.607604 0.474388 0.057335 0.043607
0 0.763761 0.522926 0.067556 0.045449
0 0.535447 0.531299 0.060321 0.042272
0 0.604195 0.507874 0.054492 0.045059
0 0.858746 0.969098 0.077691 0.057819
0 0.537405 0.461650 0.059670 0.040189
0 0.733322 0.403763 0.050438 0.038060
0 0.410629 0.369831 0.058993 0.043945
0 0.603333 0.435791 0.056328 0.047454
0 0.711037 0.315407 0.049227 0.033496
0 0.722255 0.374525 0.054813 0.035065
0 0.717311 0.344521 0.057305 0.035020
0 0.410069 0.402845 0.058550 0.044206
0 0.701558 0.287074 0.047830 0.035007
0 0.665640 0.980208 0.065846 0.037617
0 0.594863 0.323942 0.040942 0.035697
0 0.697118 0.260072 0.050503 0.036406