0 0.396491 0.803828 0.078902 0.057734
0 0.392895 0.727852 0.069540 0.057070
0 0.590193 0.916829 0.077626 0.058672
0 0.395632 0.678626 0.072591 0.051003
0 0.377869 0.931732 0.085226 0.065820
0 0.397773 0.633324 0.062543 0.048027
0 0.571530 0.791279 0.073251 0.056139
0 0.385729 0.865358 0.073681 0.056992
0 0.875323 0.970729 0.085404 0.053997
0 0.541428 0.556475 0.059184 0.043652
0 0.822174 0.744873 0.070226 0.050540
0 0.394264 0.590765 0.067982 0.044668
0 0.594905 0.973757 0.070226 0.047148
0 0.655621 0.847187 0.065790 0.054583
0 0.792405 0.639212 0.073698 0.052435
0 0.849275 0.846523 0.081016 0.053607
0 0.855601 0.903893 0.072192 0.052617
0 0.573279 0.848535 0.069839 0.058385
0 0.694586 0.287842 0.038867 0.033314
0 0.667142 0.904473 0.061220 0.053099
0 0.535955 0.517207 0.063273 0.042604
0 0.634269 0.677451 0.071827 0.053132
0 0.395588 0.436208 0.056332 0.046582
0 0.574332 0.736735 0.059592 0.052324
0 0.551536 0.643050 0.069462 0.048783
0 0.840345 0.797191 0.062947 0.045996
0 0.738819 0.446755 0.062847 0.041647
0 0.618346 0.620498 0.067717 0.049538
0 0.775805 0.597767 0.057747 0.043750
0 0.547919 0.598981 0.062791 0.044056
0 0.647172 0.787194 0.061628 0.051810
0 0.773027 0.557660 0.054058 0.041582
0 0.705423 0.318346 0.056194 0.038659
0 0.532901 0.477549 0.048129 0.041335
0 0.723674 0.411654 0.062296 0.042669
0 0.584386 0.381051 0.056350 0.045540
0 0.595655 0.455667 0.054531 0.042337
0 0.807559 0.696279 0.068277 0.053223
0 0.394034 0.508877 0.051289 0.043704
0 0.596947 0.316745 0.038685 0.038750
0 0.641233 0.735905 0.068264 0.054870
0 0.562161 0.688542 0.066137 0.049219
0 0.612214 0.574212 0.063819 0.046276
0 0.751191 0.483115 0.060343 0.044759
0 0.671777 0.976064 0.062348 0.045124
0 0.763815 0.521240 0.053003 0.044395
0 0.525571 0.411966 0.043060 0.040156
0 0.394575 0.474473 0.045799 0.039206
0 0.605812 0.533643 0.057057 0.044889
0 0.600664 0.492744 0.064245 0.044694
0 0.601441 0.351624 0.053967 0.039460
0 0.714099 0.348626 0.053919 0.040091
0 0.591751 0.424613 0.055846 0.038522
0 0.578121 0.199863 0.043142 0.031042
0 0.581819 0.223486 0.045226 0.034902
0 0.724230 0.381995 0.060265 0.034850