0 0.657430 0.846794 0.058968 0.054693
0 0.569739 0.788475 0.071856 0.051747
0 0.812605 0.742755 0.078423 0.051977
0 0.579306 0.906531 0.074840 0.055744
0 0.576660 0.845297 0.065233 0.054737
0 0.789987 0.644567 0.062975 0.048102
0 0.651837 0.788857 0.064402 0.048320
0 0.637127 0.687246 0.071300 0.049268
0 0.795930 0.688434 0.074547 0.053218
0 0.627161 0.640747 0.064076 0.052929
0 0.577311 0.972629 0.089614 0.048316
0 0.614829 0.559414 0.058626 0.049914
0 0.661121 0.916400 0.059235 0.052425
0 0.598447 0.452098 0.053496 0.039787
0 0.747426 0.494671 0.065092 0.052919
0 0.643930 0.735427 0.058902 0.050208
0 0.740451 0.458057 0.063814 0.043681
0 0.623363 0.599276 0.058286 0.048395
0 0.842061 0.849262 0.070973 0.053129
0 0.600540 0.485564 0.054719 0.044706
0 0.781701 0.602338 0.060254 0.047862
0 0.691276 0.250684 0.045022 0.034892
0 0.769619 0.567043 0.065146 0.048707
0 0.662622 0.979912 0.064198 0.034865
0 0.567304 0.734660 0.075878 0.053208
0 0.818821 0.794767 0.070619 0.052185
0 0.533938 0.676053 0.064377 0.054817
0 0.732009 0.396166 0.056700 0.049916
0 0.758270 0.527645 0.066893 0.048383
0 0.840756 0.907655 0.072401 0.053706
0 0.403596 0.843049 0.064269 0.062600
0 0.863547 0.978070 0.085697 0.042557