0 0.765540 0.581282 0.066658 0.042521
0 0.398140 0.692913 0.067330 0.052619
0 0.403487 0.415325 0.057761 0.040026
0 0.417284 0.366639 0.056088 0.037382
0 0.392357 0.635160 0.065045 0.049967
0 0.793380 0.667424 0.056414 0.043142
0 0.878575 0.948975 0.090304 0.055824
0 0.780824 0.622321 0.061482 0.049644
0 0.681996 0.238509 0.045357 0.031521
0 0.706960 0.312122 0.051825 0.034900
0 0.692857 0.265431 0.048507 0.038449
0 0.632230 0.657990 0.056970 0.046544
0 0.403405 0.749381 0.065327 0.053723
0 0.733820 0.430903 0.049998 0.041107
0 0.717401 0.370612 0.052524 0.038423
0 0.392604 0.555868 0.065330 0.043485
0 0.537757 0.456238 0.055025 0.042901
0 0.726077 0.404296 0.057681 0.039969
0 0.410865 0.808598 0.077440 0.052038
0 0.576844 0.885312 0.075228 0.055698
0 0.715391 0.345227 0.056850 0.038511
0 0.653729 0.828609 0.063134 0.053921
0 0.560871 0.650615 0.070757 0.048138
0 0.815791 0.718376 0.073856 0.048383
0 0.391419 0.445538 0.043551 0.041316
0 0.537375 0.492577 0.051844 0.043167
0 0.548123 0.607921 0.048701 0.041602
0 0.389932 0.508391 0.065623 0.047138
0 0.536109 0.394804 0.053176 0.036844
0 0.228315 0.641476 0.065939 0.147736
0 0.576245 0.823036 0.065684 0.055050
0 0.599275 0.428010 0.046843 0.033804
0 0.537231 0.424398 0.049419 0.034343
0 0.602056 0.491161 0.055316 0.043476
0 0.655749 0.890469 0.072450 0.060408
0 0.639330 0.711097 0.068563 0.051064
0 0.533849 0.535546 0.054745 0.045338
0 0.545248 0.571901 0.047668 0.040238
0 0.588627 0.365062 0.054784 0.045628
0 0.755883 0.501306 0.056472 0.047203
0 0.602027 0.257222 0.051354 0.045294
0 0.850110 0.879770 0.071015 0.054262
0 0.413612 0.871845 0.060931 0.055088
0 0.399840 0.938201 0.081798 0.065104
0 0.389406 0.597030 0.052584 0.043820
0 0.392745 0.473708 0.047576 0.042568
0 0.568860 0.709085 0.052584 0.050080
0 0.571364 0.766051 0.069278 0.051332
0 0.590562 0.960111 0.082632 0.058844
0 0.668603 0.953225 0.056757 0.057592
0 0.645650 0.768555 0.057592 0.053836
0 0.619358 0.620192 0.063435 0.042568
0 0.613098 0.576998 0.055923 0.043820
0 0.603499 0.532552 0.056757 0.042568
0 0.604751 0.461814 0.052584 0.041316
0 0.594735 0.401718 0.052584 0.036308
0 0.604334 0.340370 0.053419 0.038812
0 0.603916 0.312826 0.054253 0.036308
0 0.602247 0.285281 0.037560 0.033804
0 0.704494 0.289663 0.053419 0.030048
0 0.752905 0.470578 0.046741 0.036308
0 0.821765 0.767929 0.075955 0.055088
0 0.835537 0.823017 0.065104 0.055088