0 0.606395 0.469837 0.045957 0.043590
0 0.826919 0.723044 0.080670 0.044196
0 0.812916 0.670467 0.072729 0.055218
0 0.683785 0.208575 0.043845 0.031211
0 0.594416 0.270586 0.046544 0.041910
0 0.611820 0.526838 0.065448 0.048577
0 0.619211 0.572108 0.059894 0.046807
0 0.783690 0.564361 0.061571 0.042803
0 0.739017 0.461849 0.055061 0.046904
0 0.765548 0.522828 0.062866 0.048677
0 0.708672 0.303255 0.052514 0.034059
0 0.717706 0.355821 0.053976 0.042480
0 0.620439 0.625084 0.057094 0.047269
0 0.796542 0.609400 0.065277 0.041882
0 0.732894 0.424104 0.057269 0.038795
0 0.591640 0.235873 0.036132 0.032372
0 0.835332 0.783221 0.068268 0.055034
0 0.723816 0.393632 0.057007 0.038708
0 0.870026 0.965143 0.090314 0.062043
0 0.622332 0.670935 0.056591 0.046056
0 0.386838 0.720112 0.054104 0.046642
0 0.858521 0.902343 0.069440 0.050888
0 0.373480 0.899653 0.083135 0.057226
0 0.840175 0.843024 0.070504 0.051452
0 0.390911 0.669340 0.053734 0.045639
0 0.380667 0.766813 0.072476 0.049317
0 0.392570 0.629647 0.059510 0.044765
0 0.627762 0.724264 0.063637 0.051441
0 0.639690 0.785901 0.070333 0.047384
0 0.376052 0.836789 0.060931 0.053836
0 0.549245 0.661508 0.065104 0.053836
0 0.557592 0.715345 0.068443 0.048828
0 0.559679 0.783579 0.072616 0.057592
0 0.565939 0.841171 0.075120 0.050080
0 0.578042 0.906275 0.075955 0.060096
0 0.653162 0.850561 0.060931 0.056340
0 0.651910 0.911909 0.061765 0.058844
0 0.663595 0.973257 0.061765 0.051332
0 0.606838 0.441782 0.046741 0.037560