0 0.654223 0.782051 0.075000 0.054714
0 0.558800 0.724368 0.069136 0.053164
0 0.563713 0.779495 0.074136 0.053952
0 0.855740 0.960801 0.083103 0.059544
0 0.579809 0.970557 0.090677 0.053483
0 0.394607 0.630098 0.069362 0.047305
0 0.781712 0.634401 0.061749 0.049388
0 0.750540 0.514548 0.067001 0.045501
0 0.388889 0.728493 0.069809 0.056882
0 0.571113 0.899316 0.085846 0.064154
0 0.387398 0.842715 0.072956 0.055794
0 0.393398 0.673717 0.068698 0.054102
0 0.644052 0.724727 0.062201 0.048763
0 0.805736 0.729463 0.068945 0.046296
0 0.551552 0.545781 0.063207 0.044076
0 0.759351 0.552054 0.066940 0.044225
0 0.616895 0.551214 0.054136 0.042259
0 0.399974 0.584997 0.068168 0.054538
0 0.744023 0.477793 0.060486 0.042357
0 0.570373 0.832884 0.078984 0.056276
0 0.845553 0.897220 0.074414 0.055026
0 0.663980 0.838408 0.073854 0.055423
0 0.767478 0.589049 0.068403 0.047995
0 0.818539 0.776634 0.062305 0.053060
0 0.738401 0.447607 0.052088 0.037337
0 0.791562 0.682109 0.064939 0.048542
0 0.823086 0.835570 0.068264 0.049551
0 0.600237 0.380010 0.058451 0.042663
0 0.622977 0.591370 0.049071 0.040762
0 0.611298 0.511016 0.063012 0.046706
0 0.390627 0.783770 0.075273 0.056107
0 0.726825 0.416432 0.058155 0.042656
0 0.631250 0.633187 0.066285 0.047012
0 0.716378 0.359821 0.058451 0.036296
0 0.556115 0.671592 0.052240 0.048288
0 0.401671 0.543480 0.069653 0.049551
0 0.598843 0.414704 0.055438 0.039186
0 0.550890 0.587865 0.062622 0.044844
0 0.417858 0.378568 0.060621 0.048021
0 0.665974 0.897477 0.065256 0.053952
0 0.549004 0.629840 0.060369 0.046230
0 0.406224 0.506494 0.047439 0.041452
0 0.670692 0.967051 0.084779 0.060404
0 0.701135 0.308190 0.047878 0.032773
0 0.606649 0.475013 0.054609 0.038841
0 0.721450 0.387949 0.054323 0.038112
0 0.603138 0.442559 0.054071 0.041927
0 0.640599 0.676842 0.054748 0.047201
0 0.380875 0.912594 0.083242 0.060684
0 0.712118 0.334092 0.054271 0.031829
0 0.695289 0.283203 0.045378 0.035456
0 0.690002 0.240026 0.040404 0.039935