0 0.210148 0.825475 0.092847 0.063646
0 0.381864 0.767913 0.077296 0.061934
0 0.762274 0.537021 0.063003 0.045449
0 0.641797 0.674733 0.072630 0.049388
0 0.659616 0.825368 0.079970 0.060241
0 0.803594 0.673740 0.077274 0.049772
0 0.776719 0.578118 0.068064 0.044987
0 0.224918 0.720586 0.068377 0.050286
0 0.194599 0.897044 0.094023 0.058359
0 0.213336 0.768516 0.064865 0.053529
0 0.666124 0.890638 0.063976 0.052344
0 0.543683 0.538382 0.064718 0.048626
0 0.631293 0.614756 0.064062 0.049108
0 0.861042 0.970251 0.074366 0.053353
0 0.641063 0.722054 0.076415 0.058366
0 0.391404 0.965755 0.074379 0.060521
0 0.754358 0.499876 0.059262 0.041602
0 0.732487 0.433008 0.058325 0.043841
0 0.558247 0.724108 0.068663 0.052057
0 0.582266 0.968548 0.087986 0.057565
0 0.846526 0.902389 0.072765 0.052383
0 0.379217 0.573672 0.074162 0.059440
0 0.389253 0.899290 0.079497 0.064492
0 0.652289 0.775596 0.058051 0.048743
0 0.677250 0.959847 0.079588 0.057259
0 0.602632 0.399098 0.055603 0.041270
0 0.812595 0.730231 0.061467 0.052168
0 0.745703 0.465710 0.054688 0.042734
0 0.399052 0.414056 0.053338 0.038568
0 0.602485 0.431852 0.055395 0.041387
0 0.540692 0.499180 0.058711 0.044206
0 0.575341 0.771273 0.074562 0.056973
0 0.550304 0.622598 0.065538 0.053281
0 0.381823 0.533102 0.067569 0.045046
0 0.607096 0.494740 0.056901 0.045404
0 0.381165 0.710358 0.077418 0.065365
0 0.380154 0.622458 0.066168 0.052116
0 0.558804 0.676637 0.069596 0.052845
0 0.577680 0.895820 0.071576 0.056497
0 0.830050 0.835524 0.064423 0.047533
0 0.722105 0.398499 0.056554 0.042520
0 0.393665 0.450124 0.049683 0.042461
0 0.620245 0.569548 0.055621 0.049551
0 0.784557 0.617380 0.058611 0.049290
0 0.388192 0.486868 0.049110 0.044922
0 0.386719 0.839004 0.067326 0.060742
0 0.609010 0.533092 0.060660 0.047292
0 0.537326 0.464570 0.049462 0.038815
0 0.712919 0.369661 0.052218 0.035352
0 0.825380 0.778050 0.068572 0.053118
0 0.701986 0.313493 0.047938 0.035918
0 0.708479 0.342435 0.055334 0.036029
0 0.672274 0.211797 0.049818 0.036745
0 0.586678 0.283122 0.048971 0.035241
0 0.692405 0.285693 0.046363 0.035853
0 0.383733 0.664645 0.058507 0.049238
0 0.686367 0.263685 0.051085 0.031315
0 0.594631 0.333242 0.054418 0.040091
0 0.589698 0.355199 0.043694 0.040957
0 0.590493 0.307568 0.050898 0.035632
0 0.679280 0.236559 0.040599 0.034876