0 0.652880 0.715186 0.067648 0.048296
0 0.658959 0.771646 0.071123 0.048232
0 0.597541 0.272212 0.050310 0.039911
0 0.729094 0.406588 0.054384 0.042600
0 0.849644 0.881007 0.072147 0.051239
0 0.667575 0.830005 0.075842 0.054570
0 0.594204 0.222127 0.041338 0.029760
0 0.568963 0.702154 0.073073 0.052095
0 0.401363 0.786155 0.073373 0.052250
0 0.405030 0.373957 0.059045 0.045995
0 0.583656 0.805580 0.069542 0.053082
0 0.650577 0.663674 0.059291 0.048222
0 0.717521 0.370830 0.058098 0.041328
0 0.750752 0.505846 0.064210 0.039707
0 0.601252 0.250116 0.042889 0.036526
0 0.816664 0.758588 0.073517 0.049785
0 0.836113 0.819459 0.072043 0.049459
0 0.665648 0.894149 0.068387 0.054290
0 0.706544 0.336838 0.042580 0.037657
0 0.603916 0.389824 0.052584 0.040064
0 0.587074 0.942808 0.081620 0.056041
0 0.769756 0.584188 0.070656 0.046381
0 0.790780 0.636996 0.067334 0.045358
0 0.609777 0.456278 0.051300 0.035957
0 0.398607 0.732255 0.064090 0.047507
0 0.617595 0.493921 0.055548 0.043802
0 0.615206 0.422254 0.052324 0.041468
0 0.556190 0.519315 0.054568 0.040112
0 0.582315 0.869631 0.079101 0.055998
0 0.401509 0.549454 0.065104 0.046324
0 0.396084 0.592648 0.050915 0.045072
0 0.397753 0.685296 0.055923 0.045072
0 0.559261 0.607046 0.053419 0.041316
0 0.568443 0.651492 0.063435 0.045072
0 0.560513 0.563226 0.060931 0.043820
0 0.622696 0.538186 0.060096 0.046324
0 0.630626 0.576998 0.057592 0.041316
0 0.636886 0.618314 0.063435 0.048828
0 0.666934 0.958859 0.060096 0.056340
0 0.603499 0.362906 0.040064 0.036308
0 0.800481 0.682792 0.058427 0.050080