0 0.394532 0.733868 0.074044 0.057655
0 0.388560 0.677240 0.070048 0.056039
0 0.394679 0.586220 0.066859 0.050812
0 0.388381 0.789955 0.057803 0.051283
0 0.756911 0.525653 0.069135 0.041745
0 0.740713 0.457480 0.055857 0.042518
0 0.627840 0.596879 0.066680 0.054361
0 0.395940 0.626063 0.061490 0.048297
0 0.655592 0.847536 0.067222 0.054490
0 0.750861 0.492317 0.063731 0.041635
0 0.396647 0.542903 0.047808 0.043844
0 0.572681 0.841699 0.064814 0.059284
0 0.558410 0.733292 0.067251 0.051791
0 0.639183 0.736230 0.059991 0.049406
0 0.620623 0.516913 0.059884 0.041917
0 0.772105 0.563025 0.062454 0.042979
0 0.784622 0.602740 0.060465 0.046278
0 0.554215 0.552477 0.064131 0.045008
0 0.730725 0.395547 0.060452 0.037995
0 0.627094 0.553925 0.064728 0.050240
0 0.733346 0.425285 0.057158 0.043529
0 0.551010 0.512885 0.060485 0.046342
0 0.631559 0.641507 0.066253 0.057470
0 0.614884 0.480946 0.054225 0.043115
0 0.723798 0.365556 0.056210 0.036693
0 0.391581 0.848327 0.085189 0.057462
0 0.611336 0.450831 0.055342 0.039702
0 0.399630 0.507644 0.066109 0.042967
0 0.661670 0.905433 0.060138 0.051462
0 0.561169 0.632617 0.066520 0.050201
0 0.713988 0.345229 0.054464 0.031003
0 0.597776 0.385513 0.055437 0.039213
0 0.603474 0.414405 0.050185 0.039791
0 0.637844 0.689281 0.060179 0.050668
0 0.555859 0.592158 0.063313 0.042579
0 0.561733 0.779691 0.071986 0.049315
0 0.586641 0.349075 0.046829 0.048352
0 0.584266 0.974070 0.087327 0.046807
0 0.821347 0.790437 0.075325 0.050267
0 0.557873 0.677026 0.053411 0.050073
0 0.800647 0.688387 0.058976 0.043990
0 0.705951 0.295018 0.043364 0.030807
0 0.642891 0.785511 0.056025 0.042901
0 0.548000 0.478026 0.063802 0.038935
0 0.785702 0.646892 0.065594 0.046761
0 0.815777 0.739295 0.059848 0.050200
0 0.696702 0.267643 0.050554 0.032327
0 0.834759 0.839841 0.068303 0.059987
0 0.582632 0.911909 0.066774 0.060096
0 0.670272 0.983173 0.056757 0.032352
0 0.570947 0.170723 0.041733 0.030048
0 0.685714 0.225185 0.040899 0.028796
0 0.691556 0.247721 0.049245 0.026292
0 0.710754 0.321590 0.050915 0.031300
0 0.849726 0.913787 0.070112 0.053836
0 0.859742 0.977013 0.081798 0.040064