0 0.792296 0.646253 0.070972 0.048066
0 0.376608 0.778057 0.076897 0.055749
0 0.377624 0.668867 0.072287 0.052799
0 0.838663 0.839834 0.069470 0.048913
0 0.372476 0.912673 0.082426 0.058913
0 0.548539 0.537852 0.059336 0.044141
0 0.557116 0.672904 0.068260 0.049492
0 0.387613 0.431709 0.061363 0.043587
0 0.554282 0.580052 0.061688 0.042865
0 0.404967 0.370055 0.058494 0.045892
0 0.368394 0.841286 0.088533 0.068991
0 0.380358 0.715898 0.058173 0.051354
0 0.382103 0.583665 0.065612 0.045911
0 0.780117 0.602747 0.066328 0.046979
0 0.622493 0.347952 0.048711 0.035488
0 0.823832 0.781257 0.076910 0.050378
0 0.629900 0.638437 0.057057 0.043945
0 0.554774 0.622409 0.068342 0.046016
0 0.586387 0.970944 0.085820 0.055378
0 0.617758 0.556113 0.060195 0.047734
0 0.746079 0.475186 0.064336 0.042129
0 0.538830 0.464007 0.050959 0.040931
0 0.380853 0.625078 0.051992 0.045013
0 0.726992 0.408796 0.055260 0.042070
0 0.571289 0.786403 0.076545 0.052975
0 0.632862 0.684762 0.065352 0.049616
0 0.881057 0.964863 0.090629 0.060573
0 0.768709 0.559818 0.065247 0.053646
0 0.854627 0.894834 0.064809 0.050931
0 0.651719 0.787819 0.062726 0.053737
0 0.603969 0.478506 0.062565 0.043861
0 0.658179 0.844769 0.077600 0.056400
0 0.627756 0.597881 0.057231 0.043444
0 0.580271 0.901549 0.070777 0.059128
0 0.667663 0.975104 0.061471 0.047943
0 0.387546 0.542542 0.064874 0.045892
0 0.572858 0.838535 0.071454 0.055143
0 0.806597 0.734033 0.060651 0.048704
0 0.602574 0.382988 0.048325 0.037891
0 0.384388 0.468330 0.057778 0.041009
0 0.565135 0.723913 0.057604 0.052669
0 0.756228 0.514206 0.059583 0.042552
0 0.641647 0.735026 0.055942 0.049284
0 0.666139 0.902786 0.062383 0.055013
0 0.683754 0.231322 0.050373 0.030781
0 0.548303 0.501803 0.048707 0.039544
0 0.792459 0.693551 0.067626 0.050514
0 0.736929 0.440280 0.047331 0.039792
0 0.710115 0.322559 0.053095 0.033594
0 0.612973 0.518844 0.056875 0.043483
0 0.382671 0.502327 0.058841 0.044251
0 0.717498 0.350618 0.057044 0.036055
0 0.606109 0.413584 0.053824 0.039004
0 0.539260 0.428167 0.060612 0.042559
0 0.541929 0.366637 0.040595 0.036348
0 0.696738 0.286429 0.042808 0.038145
0 0.604605 0.443757 0.051441 0.043125
0 0.543980 0.397396 0.055703 0.037396
0 0.688930 0.255508 0.050907 0.036927
0 0.727229 0.380049 0.044891 0.037624