0 0.810589 0.735319 0.080953 0.049149
0 0.789753 0.646009 0.068642 0.049145
0 0.805459 0.688299 0.075427 0.045712
0 0.839133 0.847919 0.069823 0.049823
0 0.753678 0.478360 0.059884 0.040594
0 0.650331 0.786150 0.062316 0.047262
0 0.766043 0.516313 0.070660 0.043409
0 0.398661 0.550690 0.048865 0.039703
0 0.543565 0.379158 0.053543 0.037154
0 0.651721 0.846817 0.077280 0.052708
0 0.643887 0.687772 0.070593 0.050831
0 0.626307 0.560549 0.061510 0.045595
0 0.857085 0.905918 0.088461 0.058038
0 0.401577 0.442972 0.050319 0.041150
0 0.640450 0.734201 0.053789 0.041886
0 0.570008 0.729098 0.068028 0.050059
0 0.774280 0.555024 0.067060 0.049858
0 0.575265 0.847673 0.071973 0.052690
0 0.632075 0.637089 0.061188 0.049265
0 0.561716 0.591029 0.050283 0.044113
0 0.553107 0.511876 0.057069 0.036978
0 0.553504 0.548158 0.054991 0.045702
0 0.613322 0.477316 0.054990 0.042529
0 0.618856 0.514408 0.059158 0.049794
0 0.568736 0.680399 0.066456 0.046254
0 0.725016 0.367026 0.059990 0.041145
0 0.594299 0.355451 0.048361 0.038712
0 0.658799 0.907668 0.062636 0.050367
0 0.816880 0.787405 0.062274 0.050631
0 0.746773 0.438633 0.058132 0.038957
0 0.604423 0.411279 0.048546 0.028584
0 0.735258 0.405727 0.051808 0.037329
0 0.591699 0.331244 0.040470 0.032554
0 0.415479 0.383498 0.054825 0.043403
0 0.402153 0.517704 0.052540 0.039976
0 0.313444 0.682749 0.074622 0.047971
0 0.391874 0.682749 0.056347 0.045687
0 0.388067 0.731291 0.073099 0.051398
0 0.338572 0.776978 0.065485 0.053682
0 0.335526 0.847222 0.059393 0.054825
0 0.331719 0.904902 0.062439 0.060535
0 0.582237 0.911184 0.063962 0.057109
0 0.590232 0.974575 0.086044 0.049114
0 0.674373 0.973433 0.062439 0.051398
0 0.609649 0.444604 0.051779 0.044545
0 0.593659 0.306401 0.044164 0.035408
0 0.589851 0.280131 0.048733 0.033123
0 0.587567 0.255574 0.044164 0.034265
0 0.580333 0.228733 0.046449 0.030839
0 0.578810 0.211029 0.043403 0.029697
0 0.575764 0.185330 0.034265 0.028554
0 0.571196 0.167626 0.041880 0.027412
0 0.670565 0.152778 0.042641 0.025128
0 0.671707 0.172766 0.040357 0.023986
0 0.678941 0.191041 0.045687 0.023986
0 0.682368 0.216169 0.041880 0.030839
0 0.696074 0.262998 0.044926 0.042261
0 0.710542 0.318394 0.051017 0.031981
0 0.711684 0.344664 0.050256 0.031981
0 0.862451 0.974575 0.073099 0.049114
0 0.059950 0.964271 0.097856 0.066993