0 0.389635 0.755579 0.080859 0.055586
0 0.662767 0.834326 0.075647 0.054004
0 0.380497 0.961471 0.084232 0.063854
0 0.580343 0.822070 0.069575 0.052005
0 0.856552 0.901305 0.072018 0.051087
0 0.389321 0.652132 0.064987 0.050553
0 0.399086 0.418063 0.060916 0.042220
0 0.836124 0.832764 0.071172 0.051439
0 0.627470 0.614059 0.055017 0.043665
0 0.390221 0.480970 0.065998 0.045208
0 0.742116 0.437663 0.061480 0.040938
0 0.392600 0.809561 0.061467 0.055319
0 0.380015 0.883545 0.089822 0.063796
0 0.833164 0.770166 0.083168 0.053001
0 0.388743 0.565697 0.060647 0.046823
0 0.389327 0.520443 0.063464 0.046068
0 0.571168 0.753597 0.072960 0.053717
0 0.780015 0.622233 0.072600 0.045664
0 0.589664 0.885020 0.077687 0.058086
0 0.560577 0.698848 0.071076 0.049089
0 0.724314 0.376156 0.056493 0.035632
0 0.544123 0.514831 0.053420 0.041953
0 0.592214 0.961403 0.084731 0.059303
0 0.537873 0.379040 0.039939 0.036374
0 0.643216 0.709720 0.070321 0.049427
0 0.543338 0.446576 0.054861 0.040885
0 0.868681 0.965459 0.068151 0.051569
0 0.548915 0.553333 0.063307 0.041810
0 0.390380 0.608958 0.066923 0.045352
0 0.385530 0.698180 0.053420 0.048757
0 0.635870 0.659941 0.064258 0.046146
0 0.753019 0.478776 0.058112 0.038776
0 0.650506 0.763298 0.069128 0.050553
0 0.817917 0.716348 0.066450 0.046771
0 0.792617 0.667712 0.062405 0.046543
0 0.607020 0.459030 0.054240 0.038867
0 0.557587 0.639092 0.059861 0.047637
0 0.614358 0.534108 0.058307 0.041237
0 0.769881 0.583483 0.066567 0.043411
0 0.734045 0.406501 0.046102 0.035592
0 0.760510 0.548154 0.064492 0.043340
0 0.594253 0.364733 0.048663 0.036615
0 0.617895 0.570895 0.060035 0.044850
0 0.704143 0.315729 0.044857 0.036471
0 0.597962 0.396738 0.056662 0.037552
0 0.610836 0.492542 0.052244 0.044460
0 0.669288 0.967653 0.060807 0.052246
0 0.605176 0.427402 0.054701 0.038177
0 0.712635 0.345173 0.042483 0.036621
0 0.542967 0.414479 0.044544 0.037448
0 0.681921 0.221100 0.038572 0.030547
0 0.757559 0.514710 0.059423 0.039798
0 0.602569 0.264727 0.036979 0.034922
0 0.671009 0.896667 0.062886 0.060052
0 0.593900 0.219801 0.041558 0.029499
0 0.602491 0.304183 0.048030 0.041165
0 0.687650 0.268649 0.049397 0.033210
0 0.604900 0.335954 0.040382 0.038027
0 0.683733 0.245420 0.048290 0.029850
0 0.594694 0.240869 0.045543 0.031426