0 0.670999 0.916521 0.067640 0.056027
0 0.589307 0.853071 0.071387 0.053048
0 0.814949 0.741218 0.056842 0.045608
0 0.589571 0.913445 0.071071 0.060137
0 0.789739 0.640455 0.061727 0.047842
0 0.630994 0.692294 0.065341 0.043813
0 0.647174 0.795006 0.065273 0.047767
0 0.858175 0.910033 0.070044 0.052252
0 0.637458 0.743257 0.059940 0.051397
0 0.830876 0.796554 0.074317 0.050272
0 0.616421 0.599198 0.059815 0.044712
0 0.611259 0.979673 0.062084 0.034441
0 0.686877 0.978293 0.084088 0.038608
0 0.879717 0.975722 0.076249 0.044309
0 0.776195 0.599284 0.065212 0.043509
0 0.805662 0.688986 0.065935 0.045209
0 0.847698 0.847663 0.064333 0.051917
0 0.586874 0.190856 0.041075 0.029465
0 0.626044 0.644038 0.065784 0.048789
0 0.578654 0.783253 0.058909 0.047088
0 0.392067 0.786869 0.076950 0.053556
0 0.390241 0.916917 0.075955 0.060096