0 0.775417 0.591855 0.068396 0.047910
0 0.744861 0.473988 0.065334 0.042745
0 0.786238 0.643590 0.065766 0.045660
0 0.642460 0.732399 0.065641 0.052278
0 0.763015 0.546564 0.063623 0.045844
0 0.807678 0.739196 0.066619 0.049130
0 0.651729 0.784836 0.073813 0.052573
0 0.568392 0.841245 0.073899 0.055222
0 0.802840 0.685989 0.058065 0.044295
0 0.566775 0.730697 0.069372 0.051906
0 0.725397 0.411914 0.058354 0.035416
0 0.751710 0.512151 0.066917 0.045579
0 0.623922 0.633964 0.059315 0.048828
0 0.692662 0.232447 0.039964 0.035253
0 0.654492 0.846821 0.067502 0.052948
0 0.358672 0.807252 0.073541 0.057350
0 0.356254 0.650491 0.070994 0.049140
0 0.708181 0.321791 0.048079 0.032104
0 0.712918 0.346638 0.051845 0.041321
0 0.669375 0.905867 0.060090 0.054153
0 0.831016 0.790363 0.065799 0.051128
0 0.566369 0.782718 0.055537 0.064296
0 0.584965 0.973007 0.087155 0.048515
0 0.550333 0.623905 0.060802 0.045889
0 0.576638 0.164215 0.031655 0.029664
0 0.636290 0.678511 0.061287 0.044871
0 0.865012 0.970817 0.087952 0.053963
0 0.555709 0.669240 0.060253 0.047240
0 0.622104 0.594506 0.061281 0.050039
0 0.550920 0.581012 0.062819 0.045181
0 0.356165 0.702921 0.072295 0.049457
0 0.720444 0.378453 0.051567 0.034009
0 0.598922 0.412891 0.053122 0.040979
0 0.734662 0.437940 0.048946 0.037535
0 0.374511 0.516049 0.063268 0.046144
0 0.400730 0.435152 0.058890 0.041138
0 0.613028 0.512388 0.055816 0.039160
0 0.359554 0.753706 0.055335 0.049757
0 0.369478 0.612150 0.059053 0.047384
0 0.849170 0.841909 0.082909 0.056563
0 0.602580 0.444696 0.053535 0.038838
0 0.400919 0.473127 0.058667 0.043433
0 0.370521 0.564066 0.066824 0.047536
0 0.853981 0.908398 0.071517 0.053097
0 0.609002 0.479955 0.053804 0.039993
0 0.618357 0.547686 0.053704 0.037533
0 0.406637 0.384618 0.059688 0.044978
0 0.379808 0.878105 0.081798 0.058844
0 0.582632 0.908779 0.078459 0.060096
0 0.672776 0.978478 0.073451 0.041742