0 0.372695 0.912930 0.082118 0.059714
0 0.365490 0.972673 0.082196 0.049551
0 0.377515 0.668620 0.072435 0.052865
0 0.792127 0.645299 0.070972 0.047917
0 0.376406 0.776712 0.076571 0.054232
0 0.404588 0.369622 0.058021 0.045326
0 0.554082 0.579287 0.061723 0.042806
0 0.381951 0.583145 0.065525 0.046237
0 0.380276 0.715791 0.058103 0.050840
0 0.838620 0.838822 0.069314 0.048932
0 0.548379 0.537305 0.059397 0.044010
0 0.557066 0.673083 0.068594 0.048822
0 0.629800 0.637725 0.057127 0.044134
0 0.823950 0.780758 0.076215 0.050579
0 0.779896 0.602008 0.066606 0.047728
0 0.538685 0.463099 0.050903 0.041055
0 0.586354 0.970830 0.085894 0.055488
0 0.380768 0.624593 0.051970 0.045254
0 0.387231 0.431735 0.061276 0.043066
0 0.617569 0.555710 0.059835 0.047682
0 0.746189 0.474691 0.064427 0.042025
0 0.727235 0.408011 0.054618 0.041296
0 0.571165 0.785915 0.076749 0.052012
0 0.854130 0.893610 0.065126 0.051048
0 0.632858 0.683874 0.065022 0.050117
0 0.603848 0.477861 0.062721 0.044121
0 0.599080 0.354619 0.052509 0.034251
0 0.627576 0.596872 0.057496 0.043053
0 0.768526 0.559974 0.065369 0.055990
0 0.657980 0.844085 0.078190 0.056934
0 0.387426 0.542386 0.064983 0.046296
0 0.881521 0.964248 0.089501 0.061074
0 0.806508 0.732799 0.061324 0.048581
0 0.565176 0.723027 0.057695 0.051875
0 0.599885 0.291224 0.049223 0.033932
0 0.579931 0.901243 0.070764 0.059805
0 0.572969 0.838232 0.070660 0.054876
0 0.792287 0.692041 0.067326 0.049902
0 0.756228 0.513171 0.059887 0.043516
0 0.665757 0.902236 0.062218 0.055150
0 0.548220 0.501214 0.048238 0.039342
0 0.667667 0.974775 0.061610 0.048757
0 0.382420 0.501842 0.058997 0.044362
0 0.384147 0.467835 0.057938 0.041009
0 0.602246 0.382894 0.048390 0.035527
0 0.641584 0.734261 0.056042 0.049043
0 0.649705 0.783936 0.061797 0.054811
0 0.736545 0.439287 0.047569 0.039342
0 0.606274 0.412965 0.052973 0.038626
0 0.541953 0.365957 0.040260 0.037253
0 0.717413 0.349544 0.057101 0.035872
0 0.683305 0.230729 0.050109 0.030794
0 0.612561 0.518063 0.056493 0.043470
0 0.710445 0.322393 0.054023 0.033743
0 0.539303 0.427161 0.060013 0.042747
0 0.607326 0.314906 0.039132 0.033470
0 0.604117 0.442230 0.050647 0.043066
0 0.543743 0.396436 0.054900 0.037936
0 0.696474 0.286266 0.042713 0.037051
0 0.727151 0.378880 0.045490 0.037513
0 0.688652 0.255020 0.050638 0.036563