0 0.406007 0.434615 0.056109 0.039503
0 0.400612 0.375599 0.058066 0.042998
0 0.611177 0.370448 0.053318 0.035491
0 0.397228 0.668410 0.075951 0.057392
0 0.713243 0.350923 0.051410 0.040521
0 0.404373 0.617077 0.059569 0.046242
0 0.606978 0.341020 0.051150 0.032204
0 0.389824 0.727239 0.070112 0.048828
0 0.383146 0.788587 0.060096 0.048828
0 0.370626 0.841171 0.076790 0.056340
0 0.373130 0.910031 0.086806 0.063852
0 0.548828 0.397336 0.044237 0.042568
0 0.553001 0.434270 0.055923 0.038812
0 0.553419 0.468074 0.055088 0.043820
0 0.560096 0.504382 0.056757 0.038812
0 0.568026 0.547576 0.062600 0.047576
0 0.563017 0.588266 0.052584 0.043820
0 0.575538 0.673402 0.067608 0.048828
0 0.576790 0.721605 0.071782 0.052584
0 0.582632 0.777945 0.071782 0.057592
0 0.586388 0.841797 0.070947 0.052584
0 0.598074 0.906275 0.075955 0.066356
0 0.600995 0.975035 0.091814 0.048628
0 0.616436 0.434270 0.054253 0.036308
0 0.620610 0.468700 0.064269 0.045072
0 0.628122 0.510016 0.057592 0.045072
0 0.633964 0.550080 0.059261 0.042568
0 0.635216 0.587640 0.055088 0.045072
0 0.642728 0.629582 0.073451 0.048828
0 0.650658 0.673402 0.060931 0.053836
0 0.661926 0.734751 0.070112 0.051332
0 0.661508 0.792343 0.067608 0.051332
0 0.672359 0.851813 0.060931 0.055088
0 0.679871 0.918169 0.062600 0.047576
0 0.687800 0.975135 0.071782 0.046324
0 0.605168 0.317834 0.041733 0.031300
0 0.601830 0.253355 0.043403 0.040064
0 0.689470 0.249599 0.055088 0.037560
0 0.694478 0.278395 0.048411 0.030048
0 0.699069 0.301557 0.044237 0.033804
0 0.728699 0.409230 0.051749 0.038812
0 0.738715 0.443034 0.043403 0.041316
0 0.744558 0.475586 0.066774 0.041316
0 0.754157 0.511894 0.060931 0.046324
0 0.765007 0.553210 0.052584 0.046324
0 0.778779 0.598908 0.071782 0.047576
0 0.793386 0.647736 0.067608 0.047576
0 0.804654 0.695312 0.058427 0.047576
0 0.819261 0.741011 0.059261 0.048828
0 0.826773 0.796099 0.069278 0.051332
0 0.840128 0.848683 0.082632 0.056340
0 0.856821 0.912535 0.075955 0.056340
0 0.880609 0.970653 0.095152 0.057392