0 0.368220 0.669772 0.072498 0.050324
0 0.794922 0.712642 0.071404 0.048302
0 0.371211 0.721123 0.062244 0.051485
0 0.381570 0.496968 0.059546 0.041979
0 0.373154 0.769131 0.069369 0.053861
0 0.370435 0.825747 0.062104 0.054163
0 0.766715 0.525121 0.074263 0.042278
0 0.374790 0.615625 0.054578 0.049014
0 0.384200 0.417031 0.056759 0.046872
0 0.573919 0.267606 0.036590 0.029276
0 0.377652 0.571511 0.066913 0.052530
0 0.770744 0.568768 0.067758 0.044589
0 0.746159 0.450353 0.057736 0.044930
0 0.734679 0.419491 0.064113 0.051182
0 0.609668 0.491705 0.059672 0.046764
0 0.754717 0.488328 0.058128 0.043170
0 0.782197 0.607914 0.082702 0.056225
0 0.817739 0.760747 0.073984 0.049550
0 0.624969 0.660427 0.064785 0.050943
0 0.560960 0.760544 0.077242 0.053720
0 0.789337 0.656436 0.056302 0.044745
0 0.647994 0.819630 0.061633 0.050533
0 0.724308 0.386230 0.060345 0.043390
0 0.550262 0.661786 0.063872 0.046128
0 0.567907 0.814153 0.068158 0.054129
0 0.380146 0.533214 0.060199 0.040166
0 0.643581 0.761997 0.074045 0.053242
0 0.564008 0.709604 0.067220 0.048652
0 0.599540 0.454650 0.053535 0.047390
0 0.583034 0.359903 0.043754 0.036806
0 0.607651 0.530603 0.060407 0.047757
0 0.616938 0.611832 0.065340 0.048271
0 0.687608 0.247174 0.042174 0.028060
0 0.704487 0.332132 0.051602 0.032441
0 0.546208 0.613841 0.061852 0.044539
0 0.531051 0.495946 0.046883 0.041492
0 0.822468 0.818564 0.072685 0.044854
0 0.835864 0.880165 0.069297 0.052933
0 0.655880 0.878194 0.059616 0.052417
0 0.716352 0.359823 0.057104 0.035805
0 0.596903 0.419329 0.047754 0.037909
0 0.610529 0.571174 0.056485 0.041106
0 0.634594 0.709820 0.054290 0.042067
0 0.848351 0.941781 0.076402 0.051653
0 0.533029 0.459366 0.043031 0.039726
0 0.591822 0.390690 0.037752 0.031199
0 0.659324 0.151631 0.040718 0.029796
0 0.670384 0.950695 0.080331 0.057617
0 0.573034 0.878105 0.084302 0.057592
0 0.585136 0.953851 0.083467 0.066356