0 0.379759 0.791598 0.075655 0.059759
0 0.833698 0.784342 0.082969 0.052682
0 0.388318 0.736149 0.078294 0.053770
0 0.400972 0.587542 0.066250 0.045501
0 0.383876 0.852542 0.072622 0.056842
0 0.400113 0.543636 0.064618 0.047181
0 0.227778 0.659362 0.036545 0.069740
0 0.872496 0.972497 0.084028 0.049486
0 0.404629 0.461344 0.052365 0.040723
0 0.326128 0.586019 0.068325 0.047598
0 0.399850 0.498923 0.057539 0.046556
0 0.400536 0.633568 0.062192 0.047734
0 0.776888 0.577686 0.075764 0.054056
0 0.395647 0.679548 0.071823 0.053952
0 0.847220 0.847135 0.079709 0.053841
0 0.208223 0.765664 0.041437 0.080924
0 0.859629 0.910443 0.072148 0.054570
0 0.595712 0.912152 0.074566 0.059525
0 0.378702 0.911120 0.076875 0.067083
0 0.551573 0.439486 0.057661 0.040846
0 0.621997 0.580498 0.063524 0.047441
0 0.820128 0.727682 0.060890 0.047409
0 0.577322 0.844199 0.067934 0.058828
0 0.568438 0.728906 0.074444 0.055977
0 0.743594 0.459837 0.061545 0.043229
0 0.646560 0.723818 0.067704 0.051335
0 0.572079 0.784886 0.063064 0.054108
0 0.763049 0.536019 0.069266 0.047103
0 0.668685 0.913678 0.061059 0.056562
0 0.789256 0.627764 0.069154 0.052077
0 0.806706 0.672620 0.077127 0.055410
0 0.330011 0.545465 0.054874 0.041243
0 0.550269 0.504066 0.054479 0.043353
0 0.544049 0.372910 0.051293 0.038789
0 0.652370 0.778978 0.070868 0.052422
0 0.615571 0.438385 0.055647 0.040951
0 0.662142 0.836260 0.078468 0.060124
0 0.409128 0.378083 0.057465 0.044473
0 0.591736 0.971882 0.069965 0.051563
0 0.553607 0.581885 0.064983 0.046660
0 0.563550 0.675846 0.065295 0.051211
0 0.622457 0.540384 0.063646 0.046589
0 0.717077 0.332301 0.049978 0.037116
0 0.611895 0.472699 0.061923 0.041751
0 0.669099 0.976904 0.061966 0.045397
0 0.556688 0.625443 0.064384 0.050872
0 0.634360 0.624792 0.064102 0.046497
0 0.635964 0.671520 0.063168 0.050645
0 0.607064 0.327119 0.051558 0.040749
0 0.545747 0.406745 0.048976 0.039258
0 0.750595 0.498506 0.068203 0.044941
0 0.552604 0.541781 0.060729 0.042129
0 0.606675 0.407077 0.051901 0.041693
0 0.408655 0.414629 0.057335 0.039674
0 0.546124 0.471598 0.056224 0.041725
0 0.592257 0.227025 0.049557 0.035820
0 0.699154 0.280257 0.049618 0.033548
0 0.616513 0.506556 0.051246 0.037409
0 0.736404 0.422236 0.047079 0.044030
0 0.685942 0.227852 0.046233 0.032526
0 0.603550 0.299850 0.047934 0.032318
0 0.606165 0.353590 0.050082 0.037480
0 0.693770 0.253135 0.051523 0.033275
0 0.596102 0.254515 0.048125 0.032897
0 0.722969 0.368304 0.056727 0.039967
0 0.606508 0.379714 0.045343 0.035521
0 0.707031 0.305547 0.046519 0.033516
0 0.600655 0.276670 0.045573 0.031126
0 0.728505 0.391797 0.047270 0.032383
0 0.586986 0.206214 0.041723 0.025553