0 0.791200 0.679271 0.077921 0.049427
0 0.722750 0.658571 0.039605 0.086543
0 0.833585 0.836670 0.078637 0.054447
0 0.724868 0.387048 0.053424 0.037559
0 0.624015 0.552370 0.062266 0.045560
0 0.562600 0.783206 0.068290 0.054121
0 0.585054 0.971689 0.077938 0.051243
0 0.623257 0.590413 0.057209 0.044941
0 0.810742 0.724951 0.062552 0.046439
0 0.857031 0.966221 0.085686 0.059772
0 0.389961 0.846992 0.087005 0.059635
0 0.548997 0.546898 0.063811 0.043171
0 0.845271 0.895570 0.072687 0.054473
0 0.391526 0.722591 0.071489 0.057969
0 0.769058 0.594092 0.070408 0.044694
0 0.628811 0.633232 0.060330 0.048288
0 0.734961 0.418848 0.058611 0.039779
0 0.405013 0.506016 0.061901 0.045326
0 0.635634 0.678252 0.061259 0.049030
0 0.235128 0.700514 0.053069 0.155820
0 0.552960 0.584430 0.064010 0.049863
0 0.642565 0.782858 0.073941 0.052370
0 0.570143 0.837217 0.082535 0.056686
0 0.746317 0.515723 0.062530 0.044701
0 0.396908 0.628206 0.072530 0.054967
0 0.636693 0.728389 0.056806 0.048757
0 0.667689 0.975326 0.062036 0.044740
0 0.664562 0.901396 0.076059 0.061751
0 0.397860 0.674759 0.073099 0.057487
0 0.578622 0.900586 0.073503 0.058802
0 0.599844 0.415635 0.060677 0.043197
0 0.788023 0.629131 0.075994 0.046634
0 0.554351 0.628783 0.060421 0.047786
0 0.739314 0.451276 0.052457 0.036784
0 0.700636 0.310680 0.052418 0.034147
0 0.539668 0.508444 0.060221 0.044141
0 0.740768 0.478949 0.057622 0.040931
0 0.405827 0.583350 0.065317 0.053314
0 0.404512 0.544382 0.063008 0.044023
0 0.594555 0.382025 0.055395 0.041836
0 0.822309 0.778750 0.062925 0.045820
0 0.389885 0.777425 0.079310 0.063887
0 0.558585 0.675654 0.073898 0.053105
0 0.656803 0.836097 0.064293 0.051686
0 0.529742 0.380648 0.055534 0.049238
0 0.536493 0.474368 0.050920 0.040234
0 0.761254 0.551185 0.055825 0.045781
0 0.535872 0.442357 0.052856 0.038685
0 0.584039 0.279557 0.041168 0.036302
0 0.409219 0.420677 0.044540 0.043099
0 0.712641 0.333652 0.051020 0.034089
0 0.603188 0.445303 0.055716 0.038704
0 0.561278 0.724385 0.076272 0.055306
0 0.717728 0.359980 0.053112 0.035547
0 0.608516 0.477852 0.056840 0.039479
0 0.610356 0.508874 0.062760 0.052109
0 0.409299 0.471068 0.047773 0.040286
0 0.697233 0.285286 0.052504 0.031641
0 0.592046 0.352077 0.043112 0.036003
0 0.579514 0.248874 0.039071 0.039883
0 0.696124 0.265003 0.051189 0.033796
0 0.593118 0.327585 0.042313 0.036667