0 0.573522 0.726090 0.075560 0.051947
0 0.659191 0.837790 0.073433 0.053783
0 0.567928 0.780664 0.070169 0.056146
0 0.567140 0.839258 0.072804 0.056784
0 0.246204 0.639238 0.070534 0.050169
0 0.646176 0.773978 0.071276 0.055065
0 0.394230 0.727956 0.072912 0.058906
0 0.829214 0.838011 0.081354 0.053770
0 0.774703 0.592718 0.062843 0.043600
0 0.231929 0.733271 0.085881 0.057793
0 0.587810 0.971605 0.085352 0.051842
0 0.848778 0.895866 0.073034 0.054336
0 0.788650 0.632314 0.070009 0.046986
0 0.854787 0.964658 0.087049 0.057337
0 0.387493 0.617839 0.064787 0.053411
0 0.746161 0.479046 0.060412 0.044668
0 0.396827 0.429421 0.061137 0.042227
0 0.400074 0.673444 0.061866 0.054531
0 0.637689 0.676325 0.061194 0.047988
0 0.568212 0.676995 0.068672 0.049642
0 0.575877 0.897266 0.069054 0.057383
0 0.661806 0.895794 0.062326 0.054727
0 0.236612 0.683659 0.061532 0.047995
0 0.643861 0.722533 0.062860 0.051276
0 0.762559 0.550625 0.065655 0.043802
0 0.379204 0.918848 0.076628 0.057630
0 0.820362 0.773835 0.060647 0.054948
0 0.396819 0.782917 0.058021 0.053555
0 0.556929 0.578734 0.057201 0.046673
0 0.609590 0.442930 0.057834 0.043867
0 0.724954 0.392676 0.056931 0.045690
0 0.383579 0.973968 0.084605 0.047272
0 0.382622 0.855547 0.071076 0.059714
0 0.393644 0.538050 0.050299 0.041283
0 0.702209 0.309645 0.053403 0.039694
0 0.692435 0.275306 0.055339 0.039818
0 0.625662 0.589645 0.064049 0.046569
0 0.751921 0.517660 0.064735 0.039993
0 0.714355 0.356510 0.058459 0.041198
0 0.628149 0.628236 0.056549 0.051628
0 0.619136 0.548122 0.061094 0.049082
0 0.550692 0.536820 0.056176 0.047585
0 0.546519 0.500889 0.058160 0.043236
0 0.616877 0.510088 0.064258 0.044460
0 0.604939 0.411507 0.054444 0.037858
0 0.547220 0.463011 0.064683 0.046855
0 0.395686 0.466820 0.048863 0.043496
0 0.394763 0.577373 0.064822 0.047467
0 0.541780 0.429782 0.056406 0.044043
0 0.590378 0.307259 0.051910 0.038971
0 0.602951 0.381888 0.041589 0.037396
0 0.589108 0.329684 0.043876 0.034447
0 0.685406 0.973262 0.074891 0.050195
0 0.545495 0.372956 0.042682 0.041432
0 0.583739 0.255221 0.044032 0.032852
0 0.587303 0.279147 0.048841 0.036289
0 0.594269 0.357520 0.049457 0.034609