0 0.661695 0.880798 0.075603 0.055293
0 0.381523 0.692689 0.080191 0.064792
0 0.390534 0.750641 0.074010 0.060124
0 0.816840 0.727399 0.075946 0.051634
0 0.386608 0.636113 0.065126 0.053568
0 0.564575 0.703874 0.073585 0.057760
0 0.794505 0.630267 0.062248 0.049740
0 0.777782 0.585501 0.069887 0.050560
0 0.809972 0.676214 0.078155 0.051335
0 0.736009 0.431686 0.057270 0.040065
0 0.564586 0.826022 0.071697 0.055951
0 0.389425 0.802923 0.062365 0.053711
0 0.756309 0.501527 0.063954 0.042207
0 0.546921 0.605371 0.058103 0.045000
0 0.577450 0.884554 0.074180 0.058027
0 0.744544 0.466650 0.058715 0.040033
0 0.538388 0.562419 0.069926 0.051725
0 0.842140 0.839915 0.083411 0.053190
0 0.626888 0.629219 0.059931 0.046732
0 0.827663 0.777956 0.064553 0.050521
0 0.865751 0.895137 0.087977 0.057135
0 0.555547 0.650508 0.072986 0.054076
0 0.638967 0.722751 0.055165 0.045410
0 0.389240 0.591764 0.064470 0.049505
0 0.571035 0.758958 0.076723 0.058125
0 0.656133 0.823275 0.066727 0.053919
0 0.377830 0.923337 0.076727 0.060137
0 0.712129 0.335622 0.057365 0.037520
0 0.876628 0.968193 0.083655 0.057402
0 0.764492 0.538770 0.062257 0.047682
0 0.649905 0.771699 0.067283 0.055703
0 0.671122 0.952220 0.062852 0.053841
0 0.589692 0.957520 0.084757 0.063958
0 0.633396 0.673636 0.067444 0.050449
0 0.393220 0.473135 0.058672 0.043470
0 0.547018 0.522103 0.060451 0.042734
0 0.720202 0.364349 0.059310 0.039154
0 0.730766 0.396383 0.057365 0.040150
0 0.619944 0.588926 0.065122 0.048503
0 0.624132 0.549753 0.065530 0.048164
0 0.584672 0.233561 0.047826 0.036979
0 0.394774 0.544727 0.062231 0.052227
0 0.378490 0.855153 0.064063 0.057168
0 0.396163 0.508516 0.062005 0.042487
0 0.584972 0.267038 0.048034 0.035456
0 0.542270 0.445970 0.051901 0.038984
0 0.590510 0.382367 0.057747 0.040124
0 0.610095 0.472350 0.055425 0.043802
0 0.618687 0.509196 0.062999 0.047051
0 0.594562 0.350661 0.052665 0.038965
0 0.537977 0.415918 0.044236 0.036966
0 0.543882 0.482793 0.055178 0.042826
0 0.599225 0.414798 0.058364 0.045612
0 0.586704 0.293154 0.047747 0.033027
0 0.702046 0.292256 0.049232 0.031335
0 0.594638 0.317666 0.040308 0.038066
0 0.694915 0.269681 0.050473 0.030234
0 0.705972 0.311149 0.044141 0.029902
0 0.689881 0.239219 0.041654 0.033945