0 0.661452 0.881380 0.074379 0.055130
0 0.817201 0.728369 0.076024 0.052090
0 0.564750 0.704632 0.074345 0.058874
0 0.390844 0.751133 0.073780 0.060768
0 0.778012 0.586185 0.069887 0.049792
0 0.736224 0.432793 0.057170 0.040182
0 0.842096 0.839723 0.083168 0.051621
0 0.834297 0.782314 0.069132 0.056322
0 0.794625 0.631120 0.062383 0.049427
0 0.874763 0.969326 0.088173 0.054850
0 0.389707 0.803177 0.062990 0.054714
0 0.564753 0.827500 0.071007 0.056458
0 0.756385 0.502448 0.064384 0.042070
0 0.810017 0.676003 0.077708 0.050391
0 0.865436 0.895664 0.089492 0.056029
0 0.555525 0.651273 0.072786 0.053092
0 0.547172 0.606393 0.058069 0.045417
0 0.626979 0.630202 0.056866 0.045078
0 0.744774 0.467448 0.058047 0.039076
0 0.570673 0.759502 0.075911 0.057806
0 0.764651 0.540244 0.061957 0.047962
0 0.386753 0.636781 0.065616 0.053600
0 0.548596 0.560290 0.060855 0.047116
0 0.671109 0.952520 0.062947 0.051862
0 0.578112 0.884443 0.075590 0.057988
0 0.388553 0.592288 0.068294 0.051270
0 0.656024 0.824674 0.065165 0.052904
0 0.649538 0.772184 0.067140 0.055332
0 0.712107 0.336618 0.056593 0.038027
0 0.638589 0.723864 0.053498 0.043327
0 0.381760 0.693210 0.080430 0.061927
0 0.590645 0.958490 0.083963 0.062513
0 0.396239 0.437858 0.057227 0.040729
0 0.377507 0.924567 0.077253 0.060202
0 0.619084 0.588652 0.060260 0.048203
0 0.720304 0.365736 0.059687 0.039740
0 0.393676 0.472829 0.058932 0.043079
0 0.394800 0.544658 0.062656 0.054408
0 0.632665 0.673942 0.065043 0.049707
0 0.730339 0.397939 0.057986 0.040397
0 0.595182 0.351374 0.051823 0.038529
0 0.547585 0.522129 0.060447 0.042826
0 0.625406 0.550052 0.064119 0.047643
0 0.618641 0.508610 0.060321 0.045658
0 0.378034 0.857422 0.065816 0.058763
0 0.594761 0.316813 0.039253 0.039303
0 0.396144 0.508984 0.061801 0.042982
0 0.610254 0.472803 0.053442 0.042454
0 0.542771 0.446449 0.051740 0.038040
0 0.537591 0.415690 0.042865 0.035872
0 0.599390 0.413288 0.056879 0.042448
0 0.544735 0.481943 0.053707 0.041816
0 0.590441 0.382445 0.057261 0.037116
0 0.610395 0.442279 0.045547 0.036732
0 0.702817 0.293011 0.048490 0.032025
0 0.690953 0.238577 0.038798 0.037507
0 0.695506 0.270941 0.050221 0.030241
0 0.705892 0.312510 0.043806 0.029993