0 0.655764 0.820498 0.076487 0.056629
0 0.653734 0.741505 0.061456 0.055352
0 0.857109 0.920186 0.085359 0.053875
0 0.741662 0.450511 0.062494 0.039357
0 0.367609 0.742802 0.072808 0.057766
0 0.734679 0.415410 0.054814 0.038971
0 0.372723 0.634135 0.072163 0.048826
0 0.683099 0.208568 0.048777 0.033910
0 0.751544 0.489858 0.057375 0.042820
0 0.378510 0.591948 0.059480 0.044340
0 0.729951 0.384816 0.055923 0.040064
0 0.382659 0.548402 0.063726 0.050482
0 0.368159 0.683225 0.070040 0.052681
0 0.586906 0.950530 0.083877 0.057677
0 0.575655 0.736082 0.065845 0.050353
0 0.631533 0.552572 0.060579 0.041052
0 0.604146 0.326375 0.047335 0.034532
0 0.781073 0.597512 0.061889 0.043621
0 0.372589 0.809704 0.058512 0.052322
0 0.601322 0.273494 0.051096 0.034843
0 0.640283 0.595588 0.063355 0.047064
0 0.838445 0.791386 0.065575 0.049029
0 0.571499 0.818650 0.076307 0.056404
0 0.840001 0.854069 0.071201 0.053864
0 0.365999 0.873237 0.061516 0.053939
0 0.623755 0.514448 0.054986 0.042133
0 0.569825 0.886103 0.079554 0.056619
0 0.768346 0.558128 0.060002 0.042199
0 0.721052 0.359187 0.045342 0.028722
0 0.636477 0.640733 0.056199 0.045160
0 0.592234 0.182865 0.050909 0.031797
0 0.608429 0.354723 0.053575 0.035145
0 0.364640 0.930762 0.073319 0.057264
0 0.547458 0.403596 0.052012 0.036629
0 0.700738 0.287785 0.052584 0.036308
0 0.615409 0.477560 0.061145 0.043172
0 0.611906 0.443814 0.053035 0.040680
0 0.383721 0.478663 0.055575 0.034606
0 0.593802 0.227559 0.046102 0.036048
0 0.763806 0.523515 0.049224 0.038639
0 0.607878 0.411145 0.047999 0.042495
0 0.401912 0.415719 0.055690 0.038877
0 0.391699 0.448535 0.055401 0.036984
0 0.397956 0.377438 0.056648 0.041934
0 0.819976 0.740604 0.060757 0.046188
0 0.387344 0.511376 0.050356 0.035335
0 0.652416 0.881856 0.069228 0.052927
0 0.562732 0.542923 0.057646 0.041860
0 0.610520 0.384816 0.056069 0.037560
0 0.601830 0.252103 0.040064 0.040064
0 0.556145 0.505856 0.054734 0.040870
0 0.550807 0.469724 0.050216 0.035050
0 0.644098 0.687900 0.064034 0.052384
0 0.565700 0.580340 0.048239 0.040475
0 0.550231 0.435833 0.052060 0.032856
0 0.668603 0.965745 0.063435 0.052584
0 0.571364 0.680288 0.055923 0.052584
0 0.567608 0.636468 0.065104 0.047576
0 0.800063 0.694686 0.065939 0.048828
0 0.794638 0.647110 0.061765 0.051332
0 0.604334 0.302809 0.053419 0.036308
0 0.595570 0.203901 0.045907 0.033804
0 0.693226 0.241461 0.039229 0.028796
0 0.696982 0.263997 0.050080 0.028796
0 0.707415 0.316582 0.042568 0.038812