0 0.530102 0.375543 0.054430 0.037979
0 0.407713 0.899697 0.078921 0.057594
0 0.414563 0.705995 0.067411 0.049661
0 0.414485 0.825285 0.057513 0.052710
0 0.635189 0.580683 0.055729 0.050993
0 0.610769 0.350317 0.052241 0.039050
0 0.414406 0.615268 0.065935 0.052081
0 0.559574 0.499993 0.061975 0.043181
0 0.587691 0.785960 0.074764 0.051100
0 0.572138 0.629530 0.064068 0.043745
0 0.641844 0.631398 0.063422 0.044464
0 0.565832 0.543853 0.054774 0.041204
0 0.588645 0.841262 0.073111 0.058662
0 0.747475 0.473798 0.059416 0.042486
0 0.419726 0.760943 0.059077 0.051817
0 0.602270 0.410845 0.059662 0.041103
0 0.737647 0.442950 0.058353 0.038653
0 0.591584 0.206660 0.037337 0.032635
0 0.594525 0.380722 0.053440 0.034602
0 0.550149 0.433741 0.053534 0.037785
0 0.657631 0.728902 0.060653 0.048576
0 0.413540 0.455695 0.062456 0.048546
0 0.673626 0.842622 0.066744 0.058446
0 0.649027 0.677930 0.070017 0.049897
0 0.585694 0.728546 0.066356 0.051622
0 0.668236 0.784278 0.064262 0.049905
0 0.418023 0.574584 0.057524 0.041582
0 0.416467 0.422956 0.059513 0.039468
0 0.612267 0.441453 0.055193 0.040133
0 0.751599 0.509686 0.061413 0.045558
0 0.403058 0.956565 0.055866 0.049732
0 0.775069 0.588904 0.072410 0.045245
0 0.609367 0.304228 0.037409 0.039159
0 0.630984 0.546282 0.058545 0.050165
0 0.729392 0.406439 0.058936 0.040494
0 0.413482 0.499331 0.056183 0.041402
0 0.411198 0.659795 0.069322 0.051990
0 0.715508 0.350346 0.047416 0.032933
0 0.600802 0.243756 0.036748 0.031050
0 0.334575 0.600107 0.055985 0.042892
0 0.555586 0.470657 0.047415 0.036150
0 0.601389 0.273177 0.046560 0.038805
0 0.582444 0.901864 0.070109 0.055535
0 0.416047 0.532160 0.047714 0.044288
0 0.790033 0.636920 0.068316 0.047724
0 0.344773 0.759502 0.079235 0.054665
0 0.811742 0.734627 0.074920 0.051959
0 0.601830 0.971279 0.078459 0.056140
0 0.680706 0.975661 0.064269 0.047376
0 0.671107 0.903145 0.081798 0.062600
0 0.679036 0.215169 0.047576 0.033804
0 0.683210 0.234575 0.044237 0.022536
0 0.683210 0.260867 0.039229 0.030048
0 0.704077 0.276517 0.044237 0.026292
0 0.703242 0.302183 0.054253 0.035056
0 0.715345 0.327850 0.053419 0.028796
0 0.724109 0.381060 0.060931 0.032552
0 0.768346 0.547576 0.055923 0.040064
0 0.833033 0.789213 0.066774 0.050080
0 0.847640 0.849309 0.084302 0.057592
0 0.853900 0.908779 0.075120 0.056340
0 0.878105 0.970653 0.088475 0.057392
0 0.322252 0.829168 0.079216 0.058492