0 0.379985 0.960977 0.083893 0.063320
0 0.392435 0.809622 0.061094 0.053542
0 0.856630 0.899749 0.071671 0.049538
0 0.386573 0.755677 0.077478 0.050443
0 0.835987 0.831644 0.071072 0.051165
0 0.388967 0.651699 0.064583 0.049792
0 0.602201 0.262318 0.036224 0.034844
0 0.548837 0.552399 0.063229 0.042598
0 0.663003 0.833590 0.075799 0.053548
0 0.580028 0.821986 0.070065 0.052383
0 0.537446 0.378112 0.040091 0.036784
0 0.583507 0.186712 0.042483 0.032174
0 0.380093 0.881960 0.089015 0.066641
0 0.390022 0.608760 0.067274 0.044980
0 0.627363 0.613333 0.055030 0.043281
0 0.730098 0.404108 0.055195 0.040625
0 0.869514 0.963590 0.066806 0.049824
0 0.833073 0.769030 0.082839 0.052943
0 0.592185 0.960794 0.084301 0.059544
0 0.589410 0.885286 0.077465 0.059453
0 0.752613 0.476982 0.058542 0.040046
0 0.543958 0.512923 0.053255 0.043151
0 0.554026 0.593128 0.049197 0.042689
0 0.817645 0.714984 0.067148 0.045905
0 0.389104 0.519993 0.063251 0.044193
0 0.570901 0.754173 0.073294 0.054336
0 0.792849 0.667096 0.061749 0.044753
0 0.398435 0.417357 0.061185 0.040755
0 0.390000 0.480609 0.065868 0.045944
0 0.385254 0.697591 0.053763 0.048919
0 0.614052 0.532637 0.058181 0.039987
0 0.606773 0.457565 0.054449 0.038633
0 0.650204 0.762881 0.069332 0.051217
0 0.642904 0.710088 0.070903 0.051126
0 0.557298 0.638262 0.059397 0.050299
0 0.560705 0.698236 0.071497 0.048945
0 0.388976 0.563809 0.049392 0.043542
0 0.724718 0.375400 0.057847 0.037038
0 0.535723 0.478473 0.053338 0.040007
0 0.610421 0.491357 0.052700 0.043913
0 0.597637 0.396504 0.056497 0.038906
0 0.617865 0.569066 0.059809 0.046100
0 0.594644 0.364355 0.049314 0.036432
0 0.542546 0.444619 0.054865 0.041048
0 0.769603 0.583167 0.066732 0.045124
0 0.635516 0.659281 0.064314 0.047090
0 0.780156 0.624541 0.061545 0.044629
0 0.668997 0.966631 0.059983 0.052207
0 0.760469 0.547327 0.064375 0.043040
0 0.542129 0.412581 0.044761 0.035983
0 0.605237 0.426501 0.053746 0.037754
0 0.712454 0.345257 0.042166 0.035996
0 0.394581 0.448818 0.045412 0.037897
0 0.670742 0.896413 0.063220 0.058854
0 0.756955 0.512985 0.060082 0.040449
0 0.603353 0.304196 0.050360 0.040059
0 0.681554 0.219756 0.038767 0.030788
0 0.698375 0.289463 0.052253 0.037103
0 0.703932 0.317096 0.044314 0.035586
0 0.604390 0.335700 0.047209 0.036999
0 0.683837 0.244551 0.048108 0.028607
0 0.687072 0.266963 0.049076 0.029043