0 0.389965 0.733455 0.064936 0.052858
0 0.383190 0.678673 0.072563 0.058333
0 0.649765 0.787781 0.079970 0.063328
0 0.640443 0.734001 0.071447 0.056585
0 0.572951 0.843129 0.073512 0.056729
0 0.386784 0.632150 0.066565 0.051369
0 0.659023 0.846454 0.067370 0.054026
0 0.568335 0.785090 0.062985 0.057858
0 0.776942 0.601358 0.073052 0.046142
0 0.809846 0.743201 0.078403 0.052462
0 0.564755 0.733575 0.070564 0.051169
0 0.558684 0.639585 0.065591 0.050176
0 0.827946 0.793504 0.070617 0.054561
0 0.633776 0.686981 0.062163 0.048497
0 0.390058 0.785379 0.056721 0.050467
0 0.395855 0.546479 0.066377 0.047880
0 0.548832 0.516638 0.060350 0.043035
0 0.550879 0.554521 0.059910 0.051780
0 0.632996 0.643322 0.057628 0.049596
0 0.554561 0.592956 0.048383 0.048490
0 0.748489 0.491061 0.064817 0.043003
0 0.557319 0.683282 0.054139 0.046716
0 0.788653 0.645962 0.070494 0.049316
0 0.548202 0.411595 0.056341 0.039090
0 0.531143 0.351241 0.041906 0.036894
0 0.622074 0.599841 0.062100 0.050743
0 0.666335 0.911533 0.063069 0.052959
0 0.753227 0.526377 0.060042 0.038912
0 0.403188 0.477026 0.059326 0.043584
0 0.621293 0.556279 0.066608 0.051595
0 0.798226 0.694322 0.072136 0.053632
0 0.764515 0.563223 0.066981 0.047480
0 0.740226 0.454058 0.059535 0.041992
0 0.391948 0.584076 0.066656 0.059181
0 0.390592 0.844636 0.081263 0.058847
0 0.579918 0.905127 0.072914 0.052791
0 0.731110 0.422511 0.056453 0.037828
0 0.398093 0.512557 0.050877 0.035599
0 0.584628 0.973628 0.088025 0.048483
0 0.604782 0.416374 0.050873 0.037834
0 0.601553 0.382362 0.046870 0.039511
0 0.613199 0.515139 0.054418 0.043575
0 0.594853 0.264624 0.036197 0.034609
0 0.406299 0.376844 0.060861 0.049519
0 0.406691 0.440117 0.053623 0.040940
0 0.612208 0.450273 0.055467 0.039561
0 0.723263 0.371414 0.054232 0.029308
0 0.587258 0.238227 0.044263 0.037898
0 0.597703 0.358659 0.050174 0.035326
0 0.597706 0.306216 0.048311 0.034504
0 0.711939 0.340075 0.055765 0.037306
0 0.611513 0.484470 0.054744 0.039538
0 0.831791 0.845142 0.069825 0.054767
0 0.404786 0.405365 0.042353 0.040798
0 0.414774 0.341178 0.041016 0.035470
0 0.584672 0.217838 0.040992 0.028467
0 0.854340 0.911349 0.067561 0.046192
0 0.547993 0.446164 0.047576 0.040064
0 0.674863 0.983173 0.067608 0.032352
0 0.595152 0.334736 0.051749 0.035056
0 0.583050 0.198893 0.037560 0.026292
0 0.579711 0.180739 0.042568 0.027544
0 0.578459 0.160707 0.041733 0.027544
0 0.572199 0.145057 0.042568 0.023788
0 0.871010 0.978265 0.084302 0.037560
0 0.728699 0.394832 0.050080 0.032552
0 0.708250 0.317834 0.050915 0.026292
0 0.700321 0.299053 0.048411 0.028796
0 0.690722 0.272135 0.052584 0.027544
0 0.690304 0.247095 0.041733 0.027544
0 0.687383 0.225811 0.045907 0.022536
0 0.676532 0.207657 0.045907 0.023788
0 0.673611 0.187625 0.046741 0.026292
0 0.671524 0.162585 0.047576 0.031300