0 0.765776 0.582113 0.066401 0.041844
0 0.398260 0.694605 0.067746 0.051455
0 0.417184 0.366617 0.055517 0.037548
0 0.403483 0.415613 0.058412 0.040777
0 0.559908 0.651693 0.068819 0.049679
0 0.725778 0.407352 0.054253 0.040064
0 0.391992 0.633350 0.065392 0.054775
0 0.393244 0.559711 0.066611 0.050851
0 0.878959 0.949963 0.091686 0.056375
0 0.654396 0.829993 0.063470 0.056159
0 0.390044 0.503357 0.066333 0.055887
0 0.780561 0.622804 0.061461 0.048783
0 0.682109 0.239049 0.044702 0.031976
0 0.632408 0.658532 0.056798 0.047386
0 0.793494 0.668686 0.056773 0.044146
0 0.715844 0.372026 0.052420 0.037021
0 0.401521 0.751087 0.061741 0.056220
0 0.537693 0.456706 0.053874 0.042873
0 0.690923 0.262291 0.051526 0.033780
0 0.638672 0.711380 0.066539 0.050497
0 0.410312 0.809679 0.075877 0.054220
0 0.576516 0.884080 0.076398 0.052241
0 0.707183 0.312636 0.051380 0.035928
0 0.413217 0.871151 0.060052 0.056475
0 0.714540 0.345207 0.056980 0.036130
0 0.548595 0.608560 0.048607 0.041977
0 0.575298 0.820608 0.068845 0.048522
0 0.390595 0.444913 0.041860 0.042567
0 0.656437 0.891387 0.074411 0.061075
0 0.537595 0.493542 0.051893 0.043065
0 0.228638 0.641285 0.063245 0.150622
0 0.544720 0.572637 0.047633 0.041765
0 0.602092 0.255433 0.051224 0.041715
0 0.815834 0.720986 0.074109 0.053822
0 0.756193 0.504782 0.051648 0.045524
0 0.392927 0.476838 0.046377 0.041316
0 0.588576 0.365538 0.053216 0.044076
0 0.537368 0.427170 0.048794 0.040491
0 0.602038 0.495856 0.055032 0.042143
0 0.599992 0.427712 0.045408 0.039407
0 0.390129 0.596404 0.052809 0.047576
0 0.533537 0.535455 0.053239 0.044894
0 0.401506 0.938721 0.083474 0.066569
0 0.536339 0.395088 0.053209 0.036864
0 0.850883 0.878097 0.070759 0.049327
0 0.753878 0.470081 0.044794 0.039806
0 0.590562 0.958233 0.084302 0.065104
0 0.570112 0.766677 0.070112 0.052584
0 0.568860 0.711589 0.054253 0.050080
0 0.603916 0.533804 0.054253 0.045072
0 0.612680 0.575120 0.056757 0.042568
0 0.620192 0.616436 0.063435 0.050080
0 0.646484 0.769181 0.057592 0.055088
0 0.665682 0.953225 0.062600 0.057592
0 0.603916 0.461188 0.052584 0.045072
0 0.596822 0.400466 0.050080 0.038812
0 0.603499 0.340996 0.050080 0.035056
0 0.600995 0.314704 0.053419 0.035056
0 0.600578 0.284029 0.037560 0.033804
0 0.833450 0.824269 0.069278 0.050080
0 0.823434 0.771685 0.075955 0.050080
0 0.733707 0.437400 0.050080 0.045072
0 0.704494 0.289663 0.048411 0.037560