0 0.652203 0.887754 0.060039 0.050790
0 0.775492 0.627607 0.064684 0.043086
0 0.563900 0.770998 0.070526 0.050743
0 0.798249 0.668377 0.057698 0.043582
0 0.576518 0.950249 0.076621 0.056066
0 0.667135 0.960211 0.080345 0.056825
0 0.853072 0.960841 0.074216 0.055649
0 0.845436 0.885623 0.072152 0.050696
0 0.574839 0.881763 0.070547 0.053068
0 0.804520 0.718787 0.057669 0.041586
0 0.565857 0.140441 0.041553 0.035139
0 0.376404 0.832118 0.067507 0.053989
0 0.677796 0.232522 0.044530 0.029807
0 0.388827 0.607433 0.055412 0.045550