0 0.380119 0.791364 0.074753 0.059069
0 0.833947 0.784824 0.083025 0.054362
0 0.385137 0.854277 0.071949 0.054935
0 0.847823 0.847627 0.079631 0.052962
0 0.378685 0.910462 0.077040 0.063021
0 0.388605 0.735671 0.077661 0.054440
0 0.400495 0.543682 0.064401 0.047441
0 0.872513 0.972861 0.084253 0.048939
0 0.777198 0.578467 0.074970 0.053639
0 0.228796 0.657786 0.035308 0.068724
0 0.595621 0.911198 0.074974 0.059479
0 0.859629 0.911175 0.072305 0.054121
0 0.401413 0.587946 0.066055 0.045514
0 0.326083 0.585990 0.069405 0.047174
0 0.405007 0.461478 0.052018 0.040742
0 0.744720 0.460540 0.063129 0.042396
0 0.400336 0.499281 0.057886 0.046204
0 0.568789 0.729391 0.074306 0.055293
0 0.401005 0.633470 0.062261 0.048021
0 0.208049 0.767549 0.041628 0.079069
0 0.820384 0.728496 0.060664 0.049557
0 0.330362 0.545000 0.055430 0.040534
0 0.572307 0.785101 0.063129 0.054590
0 0.635538 0.673854 0.063681 0.050456
0 0.577684 0.844766 0.068147 0.059414
0 0.668720 0.914600 0.060460 0.055632
0 0.395621 0.680023 0.072222 0.052415
0 0.652450 0.780176 0.070187 0.052122
0 0.564562 0.675885 0.065035 0.052318
0 0.806814 0.673727 0.077422 0.055527
0 0.763702 0.536536 0.068941 0.046549
0 0.646183 0.725531 0.067027 0.053040
0 0.544666 0.373483 0.051215 0.038281
0 0.789269 0.629118 0.067461 0.050332
0 0.661860 0.837422 0.078338 0.059857
0 0.553945 0.584450 0.064852 0.045280
0 0.409583 0.378542 0.057222 0.044844
0 0.669026 0.977113 0.061662 0.042845
0 0.552313 0.440091 0.058212 0.040430
0 0.550536 0.505700 0.054952 0.042233
0 0.622227 0.583932 0.062509 0.046302
0 0.557086 0.626833 0.064518 0.048770
0 0.592255 0.972083 0.070569 0.052630
0 0.622990 0.544378 0.063307 0.046361
0 0.616126 0.440573 0.055135 0.041250
0 0.409627 0.416579 0.058064 0.040384
0 0.751845 0.499134 0.068030 0.044518
0 0.593090 0.228405 0.050087 0.034974
0 0.552556 0.544603 0.060521 0.041719
0 0.546163 0.406986 0.049297 0.038385
0 0.728511 0.394359 0.049410 0.038496
0 0.607702 0.327474 0.051176 0.040651
0 0.694590 0.253831 0.051697 0.033158
0 0.546348 0.471257 0.055490 0.042734
0 0.606688 0.408232 0.051502 0.042064
0 0.687954 0.228187 0.039753 0.031517
0 0.707444 0.308753 0.046094 0.039395
0 0.699870 0.280947 0.049627 0.033691
0 0.612433 0.474928 0.062478 0.043607
0 0.616962 0.508861 0.052205 0.039935
0 0.736022 0.423613 0.045638 0.041836
0 0.603674 0.300270 0.047279 0.032207
0 0.720857 0.368236 0.051549 0.037552
0 0.596326 0.254762 0.047930 0.033392
0 0.606760 0.354232 0.049683 0.036797
0 0.587747 0.205508 0.041215 0.026185
0 0.600972 0.276992 0.044957 0.031159
0 0.607346 0.380273 0.045074 0.036471