0 0.541664 0.429010 0.060872 0.045208
0 0.795712 0.635319 0.070148 0.046445
0 0.398383 0.787210 0.079041 0.056947
0 0.400289 0.721276 0.069093 0.052083
0 0.625697 0.545332 0.061159 0.045586
0 0.395380 0.497497 0.059440 0.041777
0 0.557802 0.541989 0.059023 0.042858
0 0.247014 0.609020 0.038038 0.080632
0 0.769920 0.547679 0.068199 0.044720
0 0.391417 0.843411 0.062843 0.054414
0 0.397033 0.616143 0.066879 0.049967
0 0.381085 0.963438 0.084358 0.064349
0 0.393368 0.666279 0.077422 0.057663
0 0.674349 0.244375 0.050694 0.036797
0 0.593824 0.970260 0.084931 0.056549
0 0.571619 0.675850 0.069236 0.050540
0 0.556224 0.503096 0.058073 0.042363
0 0.850460 0.894600 0.073646 0.055671
0 0.571274 0.727210 0.064310 0.049707
0 0.799681 0.682757 0.067070 0.048522
0 0.625104 0.585000 0.056085 0.042852
0 0.748743 0.476878 0.062478 0.043965
0 0.597860 0.375674 0.056406 0.037194
0 0.564510 0.625094 0.064115 0.046712
0 0.408305 0.383773 0.058477 0.045671
0 0.840744 0.833281 0.069891 0.051263
0 0.590122 0.318258 0.047786 0.036283
0 0.655992 0.782428 0.073442 0.055690
0 0.589227 0.900560 0.078411 0.060547
0 0.405809 0.422845 0.043008 0.039570
0 0.782146 0.590293 0.057990 0.047044
0 0.572789 0.780052 0.077374 0.055508
0 0.734492 0.435840 0.059774 0.043893
0 0.385890 0.896546 0.062821 0.056009
0 0.562784 0.580908 0.048971 0.044616
0 0.584870 0.834215 0.069748 0.054772
0 0.624342 0.505921 0.063424 0.047324
0 0.650150 0.727699 0.062895 0.050098
0 0.831126 0.776940 0.067470 0.055299
0 0.872533 0.953688 0.089996 0.059264
0 0.630273 0.626087 0.062630 0.048789
0 0.666378 0.898805 0.061385 0.054316
0 0.704887 0.346517 0.052847 0.038437
0 0.583971 0.288656 0.038924 0.037949
0 0.811953 0.730781 0.072552 0.050703
0 0.398993 0.575999 0.065278 0.044030
0 0.641743 0.674753 0.056055 0.051628
0 0.662151 0.840654 0.064162 0.053405
0 0.758362 0.514141 0.063329 0.039974
0 0.552454 0.467507 0.047990 0.040104
0 0.679054 0.273252 0.047118 0.034694
0 0.397261 0.536390 0.049201 0.040801
0 0.690753 0.297067 0.052782 0.037272
0 0.719913 0.404063 0.053160 0.039948
0 0.606085 0.404772 0.050087 0.037461
0 0.713390 0.376572 0.051189 0.035866
0 0.671688 0.971006 0.068377 0.057077
0 0.611487 0.435876 0.053225 0.038835
0 0.618034 0.467988 0.052760 0.046016
0 0.699234 0.322096 0.049857 0.033138