0 0.567533 0.839948 0.071862 0.055456
0 0.246319 0.640218 0.070868 0.050397
0 0.659846 0.839668 0.074214 0.054023
0 0.646471 0.775505 0.071311 0.055488
0 0.574099 0.726859 0.076636 0.051986
0 0.803086 0.728747 0.080903 0.051556
0 0.394449 0.728877 0.072795 0.060306
0 0.568082 0.781458 0.069896 0.056120
0 0.830082 0.839860 0.083550 0.056243
0 0.788993 0.635039 0.070035 0.049089
0 0.231936 0.734684 0.085365 0.057910
0 0.774887 0.594066 0.063134 0.044043
0 0.588010 0.973047 0.085855 0.049622
0 0.855111 0.965114 0.087131 0.056908
0 0.387335 0.618695 0.065286 0.053639
0 0.849364 0.896589 0.072843 0.053711
0 0.562270 0.627913 0.050651 0.047012
0 0.400336 0.674443 0.062374 0.056634
0 0.575747 0.897988 0.069583 0.056276
0 0.746595 0.480290 0.060195 0.044928
0 0.557335 0.579795 0.057109 0.045605
0 0.638262 0.677809 0.060977 0.047832
0 0.236571 0.684922 0.061675 0.048294
0 0.643974 0.723574 0.062157 0.051628
0 0.794603 0.680664 0.073077 0.048060
0 0.736810 0.445264 0.063438 0.044421
0 0.568207 0.676380 0.068741 0.052161
0 0.397079 0.783965 0.058351 0.052747
0 0.820434 0.774639 0.061953 0.055397
0 0.379355 0.920046 0.077305 0.059857
0 0.384418 0.841354 0.084644 0.069570
0 0.762778 0.552174 0.066111 0.044883
0 0.675056 0.901774 0.076519 0.057402
0 0.702711 0.311351 0.052574 0.040618
0 0.397476 0.395583 0.054952 0.038118
0 0.725323 0.394554 0.056914 0.046035
0 0.714681 0.358610 0.058468 0.041230
0 0.550395 0.537262 0.056632 0.047038
0 0.628516 0.629173 0.055373 0.051198
0 0.397372 0.433258 0.061341 0.045970
0 0.625829 0.590749 0.063655 0.046719
0 0.383598 0.974714 0.084965 0.046224
0 0.752181 0.518604 0.064648 0.040684
0 0.393414 0.497809 0.062296 0.046087
0 0.546363 0.501400 0.058151 0.041784
0 0.619073 0.548848 0.059761 0.048281
0 0.393919 0.538203 0.051441 0.042747
0 0.692435 0.277025 0.055469 0.040000
0 0.616986 0.511175 0.063312 0.043965
0 0.547157 0.464014 0.064340 0.046048
0 0.587394 0.280381 0.048234 0.034551
0 0.395412 0.577998 0.066285 0.048717
0 0.610239 0.442803 0.057318 0.040996
0 0.605065 0.412201 0.053880 0.036432
0 0.590508 0.308431 0.051450 0.038437
0 0.545536 0.374648 0.043025 0.043281
0 0.542489 0.431302 0.058147 0.044115
0 0.602645 0.383255 0.043815 0.037044
0 0.615089 0.475566 0.050933 0.039375
0 0.685043 0.972816 0.075148 0.050462
0 0.594638 0.358402 0.050230 0.034863
0 0.589423 0.331178 0.044505 0.035221