0 0.564999 0.738400 0.076105 0.054999
0 0.875752 0.971180 0.089436 0.052428
0 0.334679 0.715488 0.075925 0.055205
0 0.790374 0.649603 0.075393 0.050762
0 0.776270 0.556824 0.063438 0.048643
0 0.644166 0.732278 0.069543 0.053649
0 0.738311 0.412023 0.055142 0.039445
0 0.767358 0.518053 0.056980 0.044276
0 0.724220 0.371564 0.052623 0.042922
0 0.631975 0.686121 0.072529 0.047606
0 0.789075 0.604420 0.072134 0.048115
0 0.843562 0.841680 0.079658 0.050593
0 0.696721 0.262221 0.041654 0.034670
0 0.823534 0.786391 0.061515 0.053584
0 0.801160 0.690084 0.059670 0.047862
0 0.334389 0.846402 0.066998 0.053185
0 0.748777 0.446148 0.064250 0.040732
0 0.552890 0.627257 0.062492 0.042944
0 0.320799 0.907795 0.072596 0.058923
0 0.546920 0.473366 0.043983 0.038106
0 0.365198 0.461526 0.055760 0.039345
0 0.553656 0.677093 0.069268 0.051213
0 0.539465 0.390372 0.056769 0.039720
0 0.850671 0.907758 0.070009 0.052540
0 0.647116 0.786228 0.061367 0.053907
0 0.580601 0.255211 0.048198 0.035824
0 0.354064 0.578712 0.064271 0.050820
0 0.628305 0.637018 0.065806 0.052339
0 0.805639 0.738986 0.067673 0.052136
0 0.711250 0.341616 0.050230 0.040585
0 0.340342 0.666541 0.054352 0.047695
0 0.371894 0.427530 0.055798 0.039534
0 0.552778 0.513186 0.059973 0.042407
0 0.573623 0.788007 0.073559 0.051701
0 0.579227 0.209939 0.039841 0.036022
0 0.621981 0.594398 0.064776 0.049114
0 0.550997 0.553972 0.064842 0.043452
0 0.609980 0.480955 0.053599 0.040789
0 0.704910 0.319266 0.044809 0.037771
0 0.358417 0.499027 0.063583 0.040427
0 0.761697 0.480682 0.064682 0.041645
0 0.680222 0.972574 0.063686 0.049680
0 0.345051 0.533417 0.071166 0.041305
0 0.623785 0.556170 0.052015 0.042253
0 0.592976 0.357028 0.045516 0.035518
0 0.334618 0.618265 0.074473 0.051665
0 0.617900 0.515935 0.056389 0.040630
0 0.610778 0.447486 0.045555 0.036131
0 0.574926 0.839936 0.073699 0.050473
0 0.595307 0.381582 0.045728 0.041276
0 0.658001 0.845509 0.065485 0.053682
0 0.332761 0.785248 0.076346 0.054231
0 0.599205 0.415989 0.043835 0.044666
0 0.578810 0.911184 0.071577 0.054825
0 0.575764 0.975717 0.085283 0.046829
0 0.544926 0.443462 0.047971 0.037692
0 0.668281 0.908900 0.060155 0.054825