0 0.574247 0.770915 0.075864 0.055280
0 0.576066 0.823529 0.071723 0.055807
0 0.657203 0.832380 0.076141 0.057871
0 0.781862 0.636641 0.073715 0.048086
0 0.388160 0.881410 0.064002 0.056673
0 0.583739 0.883330 0.069727 0.058535
0 0.377331 0.947428 0.084002 0.063633
0 0.567652 0.668900 0.061189 0.045482
0 0.765091 0.548258 0.066597 0.042832
0 0.380013 0.821071 0.079071 0.059824
0 0.845577 0.836758 0.078455 0.050247
0 0.852266 0.891243 0.071450 0.055430
0 0.389151 0.755270 0.075508 0.057493
0 0.550569 0.535052 0.049792 0.041953
0 0.396226 0.703083 0.073451 0.051439
0 0.623906 0.547962 0.061554 0.044596
0 0.797309 0.684899 0.058333 0.045163
0 0.856217 0.961097 0.083980 0.061335
0 0.597157 0.956702 0.093689 0.070215
0 0.666671 0.889489 0.059479 0.051139
0 0.659421 0.773145 0.074353 0.056888
0 0.774883 0.589329 0.071753 0.048177
0 0.555697 0.575850 0.060048 0.044642
0 0.728522 0.401790 0.054744 0.040195
0 0.404397 0.404437 0.056102 0.042871
0 0.717413 0.371563 0.051858 0.038529
0 0.571571 0.715957 0.062422 0.050000
0 0.833153 0.782861 0.068563 0.052350
0 0.643299 0.673171 0.068038 0.047995
0 0.390920 0.647988 0.069349 0.052344
0 0.755430 0.511683 0.063802 0.041283
0 0.617155 0.508991 0.057409 0.042643
0 0.676280 0.974710 0.057960 0.046777
0 0.746306 0.466842 0.056710 0.040156
0 0.808950 0.733027 0.068915 0.051042
0 0.637248 0.629766 0.063437 0.046224
0 0.404616 0.368438 0.058763 0.043867
0 0.742192 0.432396 0.048559 0.041146
0 0.602370 0.406338 0.051146 0.043587
0 0.397541 0.605049 0.051046 0.040280
0 0.562613 0.620420 0.062144 0.047012
0 0.655093 0.719681 0.060994 0.049362
0 0.625122 0.588535 0.059870 0.046536
0 0.611111 0.473919 0.054705 0.040234
0 0.606480 0.441296 0.053941 0.039518
0 0.603459 0.318242 0.037422 0.038229