0 0.831273 0.843657 0.080289 0.058834
0 0.374774 0.722942 0.072223 0.054460
0 0.385144 0.672822 0.072510 0.050070
0 0.568127 0.796086 0.066909 0.058476
0 0.562944 0.742668 0.075439 0.054077
0 0.385690 0.624210 0.067067 0.049907
0 0.574760 0.853918 0.073800 0.055768
0 0.403064 0.378855 0.055685 0.043220
0 0.639323 0.685011 0.063623 0.050907
0 0.865578 0.969588 0.094595 0.055048
0 0.367793 0.853360 0.063596 0.053932
0 0.812344 0.744168 0.077306 0.052477
0 0.387219 0.582913 0.049706 0.040320
0 0.626550 0.636272 0.065215 0.054115
0 0.831687 0.790640 0.063000 0.054590
0 0.773814 0.603446 0.067714 0.051759
0 0.794291 0.645382 0.062689 0.048908
0 0.619604 0.593249 0.063531 0.045340
0 0.765605 0.563353 0.066623 0.040736
0 0.679259 0.970541 0.080413 0.052465
0 0.412382 0.329773 0.049072 0.037590
0 0.791967 0.693098 0.081207 0.052759
0 0.669908 0.904559 0.059461 0.056793
0 0.551883 0.632086 0.059149 0.052417
0 0.562007 0.688508 0.071689 0.053853
0 0.643395 0.736428 0.067109 0.049679
0 0.614152 0.550705 0.057413 0.045875
0 0.599043 0.414854 0.049752 0.035666
0 0.548376 0.591039 0.050549 0.043892
0 0.607483 0.475767 0.053808 0.046163
0 0.851259 0.903785 0.077065 0.053264
0 0.656017 0.856358 0.061898 0.059170
0 0.609351 0.515675 0.065086 0.053786
0 0.758234 0.524624 0.061327 0.040784
0 0.361862 0.781281 0.078738 0.059537
0 0.587142 0.916069 0.072778 0.055895
0 0.600618 0.439599 0.048565 0.036312
0 0.547445 0.553645 0.065756 0.041927
0 0.735650 0.424459 0.055635 0.043409
0 0.743702 0.460069 0.062527 0.043255
0 0.725617 0.395705 0.052262 0.033310
0 0.580200 0.969624 0.051607 0.054799
0 0.752449 0.491282 0.053317 0.038262
0 0.651171 0.790465 0.078266 0.057592