0 0.573216 0.726481 0.074922 0.051986
0 0.567941 0.780706 0.069362 0.054225
0 0.567457 0.839043 0.072049 0.055013
0 0.802839 0.727839 0.080660 0.051003
0 0.659062 0.838320 0.073385 0.053164
0 0.788674 0.633356 0.070456 0.048392
0 0.646322 0.774316 0.071697 0.054336
0 0.637941 0.677025 0.059440 0.047044
0 0.780684 0.586999 0.070213 0.052760
0 0.395065 0.726849 0.070781 0.059870
0 0.646573 0.326904 0.049397 0.039642
0 0.848683 0.896344 0.073077 0.053991
0 0.562174 0.627321 0.050564 0.047663
0 0.746504 0.480052 0.059961 0.044961
0 0.829486 0.839489 0.083199 0.056504
0 0.855028 0.964349 0.087227 0.056862
0 0.587563 0.972461 0.085855 0.051159
0 0.557194 0.579460 0.056341 0.046693
0 0.567901 0.675859 0.068181 0.050365
0 0.736706 0.444958 0.063637 0.044512
0 0.644162 0.722842 0.061693 0.051257
0 0.575764 0.897354 0.069097 0.055827
0 0.618592 0.548138 0.059058 0.047734
0 0.819820 0.775371 0.061385 0.052695
0 0.384323 0.840319 0.084635 0.068802
0 0.396784 0.782399 0.058047 0.052559
0 0.675751 0.901833 0.075139 0.056009
0 0.387303 0.617913 0.065838 0.053457
0 0.399698 0.672380 0.061020 0.055046
0 0.378865 0.918682 0.076801 0.059355
0 0.393568 0.537419 0.049410 0.042624
0 0.208210 0.756339 0.069521 0.155322
0 0.616795 0.509827 0.063207 0.043314
0 0.801519 0.679574 0.061684 0.049382
0 0.550779 0.536517 0.055690 0.047370
0 0.383984 0.973789 0.084410 0.047695
0 0.626031 0.589437 0.064570 0.046061
0 0.628453 0.628473 0.054362 0.050762
0 0.546884 0.463441 0.063915 0.045970
0 0.762622 0.549030 0.065408 0.040169
0 0.725302 0.393249 0.054822 0.045143
0 0.546150 0.501286 0.057839 0.043861
0 0.396903 0.429525 0.061046 0.042852
0 0.752133 0.517741 0.064431 0.038906
0 0.392832 0.496686 0.060812 0.048073
0 0.394360 0.577939 0.065820 0.048587
0 0.614774 0.474189 0.049392 0.040111
0 0.610380 0.441501 0.056984 0.041100
0 0.602402 0.382467 0.044536 0.038958
0 0.683529 0.970423 0.079661 0.055195
0 0.396664 0.462181 0.051411 0.041810
0 0.604501 0.412311 0.052769 0.035964