0 0.309210 0.608581 0.072587 0.048529
0 0.380634 0.768141 0.076155 0.059212
0 0.388338 0.901582 0.075929 0.061615
0 0.639816 0.722796 0.074058 0.054668
0 0.775885 0.577897 0.069870 0.045430
0 0.733277 0.433776 0.057014 0.046016
0 0.641508 0.673831 0.073164 0.050540
0 0.631521 0.615898 0.063207 0.052500
0 0.858422 0.971117 0.079692 0.052897
0 0.846239 0.903311 0.073468 0.054772
0 0.386658 0.836471 0.068984 0.051992
0 0.379141 0.712699 0.075894 0.060592
0 0.762789 0.537181 0.061819 0.045573
0 0.660384 0.826143 0.078798 0.059264
0 0.392813 0.449499 0.048542 0.042161
0 0.532062 0.398880 0.051484 0.041745
0 0.373242 0.966312 0.095026 0.061257
0 0.381580 0.621546 0.063672 0.047480
0 0.651619 0.776908 0.057587 0.044596
0 0.580401 0.970322 0.090838 0.055501
0 0.381506 0.533001 0.064514 0.043385
0 0.398791 0.413398 0.053303 0.040339
0 0.378961 0.573923 0.073199 0.056270
0 0.552487 0.580964 0.051155 0.044115
0 0.224067 0.720062 0.068932 0.049642
0 0.802910 0.674193 0.078841 0.053138
0 0.557331 0.676654 0.071241 0.049805
0 0.666812 0.890521 0.064023 0.055078
0 0.387250 0.486979 0.047739 0.043971
0 0.679002 0.961458 0.082543 0.058659
0 0.828051 0.837614 0.066727 0.049264
0 0.213438 0.767194 0.065877 0.052214
0 0.541419 0.539701 0.065547 0.048672
0 0.825024 0.778327 0.068468 0.052839
0 0.574180 0.829694 0.079106 0.060169
0 0.753945 0.498711 0.055286 0.045417
0 0.784798 0.618268 0.057886 0.051719
0 0.605827 0.494681 0.054709 0.044844
0 0.574384 0.772783 0.077752 0.056387
0 0.539429 0.499421 0.058303 0.043802
0 0.602331 0.430160 0.054800 0.038405
0 0.548657 0.624049 0.066914 0.055703
0 0.380069 0.663708 0.062023 0.048822
0 0.535226 0.432611 0.051753 0.041719
0 0.557107 0.726064 0.068650 0.048874
0 0.621113 0.569925 0.054657 0.049616
0 0.577524 0.898551 0.072487 0.059095
0 0.812001 0.730072 0.061788 0.054896
0 0.609679 0.532744 0.059792 0.046895
0 0.708947 0.343327 0.055256 0.036562
0 0.671517 0.212594 0.048841 0.037689
0 0.600983 0.399222 0.053659 0.039993
0 0.536721 0.466543 0.049006 0.040195
0 0.400519 0.381725 0.044206 0.038555
0 0.702313 0.314665 0.046658 0.036061
0 0.722962 0.398620 0.054987 0.041081
0 0.589106 0.355713 0.042839 0.043913
0 0.586443 0.257708 0.047174 0.039349
0 0.586070 0.282803 0.048069 0.036191
0 0.691573 0.286569 0.045360 0.034609
0 0.607144 0.461774 0.049844 0.040762
0 0.713377 0.370355 0.052075 0.035775
0 0.686704 0.264173 0.050447 0.030430
0 0.593835 0.333509 0.053832 0.042318
0 0.584236 0.226914 0.050547 0.041068
0 0.677984 0.236367 0.040369 0.035482
0 0.589952 0.307562 0.050122 0.037116