0 0.201196 0.758128 0.045473 0.083691
0 0.543926 0.616266 0.065881 0.046152
0 0.383079 0.699095 0.076324 0.053620
0 0.400232 0.587731 0.065213 0.046543
0 0.548815 0.663047 0.071684 0.051354
0 0.797426 0.677949 0.076944 0.053997
0 0.612083 0.586533 0.063325 0.049030
0 0.542092 0.571390 0.061962 0.043535
0 0.382031 0.647220 0.066545 0.049740
0 0.577279 0.900046 0.072231 0.062096
0 0.570723 0.832640 0.074735 0.056868
0 0.410673 0.370078 0.060226 0.045964
0 0.559377 0.723021 0.076194 0.051198
0 0.652342 0.841934 0.070109 0.058737
0 0.383110 0.947965 0.087279 0.064863
0 0.401851 0.545501 0.061220 0.042005
0 0.824705 0.775882 0.081858 0.056048
0 0.786617 0.633766 0.057313 0.043796
0 0.780124 0.594248 0.069423 0.046139
0 0.642220 0.783874 0.073824 0.055417
0 0.836760 0.831130 0.081298 0.060137
0 0.844468 0.900433 0.073051 0.058145
0 0.809924 0.728805 0.073676 0.049564
0 0.639284 0.730553 0.062170 0.050951
0 0.566152 0.774411 0.065725 0.053626
0 0.399188 0.433480 0.055938 0.037910
0 0.664568 0.916410 0.079935 0.064173
0 0.625577 0.681585 0.065712 0.051178
0 0.763793 0.524388 0.066519 0.045573
0 0.858911 0.968923 0.077439 0.057025
0 0.604151 0.508314 0.055447 0.044909
0 0.579518 0.971644 0.089462 0.053665
0 0.399527 0.504880 0.047352 0.041296
0 0.605994 0.546855 0.060842 0.043880
0 0.733110 0.404014 0.050803 0.036921
0 0.743505 0.436442 0.059631 0.041986
0 0.401578 0.466969 0.045864 0.039564
0 0.537444 0.461829 0.059939 0.040885
0 0.535356 0.531696 0.060226 0.040684
0 0.607713 0.474857 0.058220 0.043672
0 0.596085 0.320990 0.040113 0.039076
0 0.594599 0.351833 0.052999 0.036204
0 0.603516 0.437718 0.057196 0.045059
0 0.665260 0.980423 0.064905 0.037487
0 0.701092 0.287074 0.047791 0.035788
0 0.710987 0.315596 0.049666 0.034004
0 0.717114 0.344704 0.057214 0.034525
0 0.722101 0.374906 0.053602 0.034551
0 0.697285 0.260498 0.051680 0.037207