0 0.615973 0.310610 0.037626 0.037486
0 0.611332 0.353045 0.051737 0.038670
0 0.704737 0.301444 0.055578 0.034792
0 0.739921 0.445365 0.056337 0.038042
0 0.747394 0.477410 0.059169 0.041553
0 0.560117 0.503244 0.059719 0.042618
0 0.413647 0.458273 0.062818 0.042496
0 0.557141 0.467788 0.049494 0.037675
0 0.415276 0.425538 0.061764 0.039327
0 0.414780 0.618182 0.065162 0.048942
0 0.729259 0.409935 0.058488 0.038686
0 0.601419 0.253204 0.038342 0.030827
0 0.406841 0.901453 0.078185 0.057677
0 0.595601 0.381793 0.056639 0.034643
0 0.405981 0.963222 0.065429 0.059147
0 0.418499 0.577580 0.058097 0.045578
0 0.683120 0.240376 0.045726 0.033470
0 0.715658 0.354808 0.047537 0.031395
0 0.752964 0.511769 0.060933 0.047601
0 0.635299 0.583119 0.055931 0.048167
0 0.416160 0.828162 0.060544 0.051113
0 0.715425 0.326379 0.052959 0.031042
0 0.602917 0.414104 0.056867 0.036173
0 0.413616 0.495905 0.057290 0.031896
0 0.725866 0.378685 0.047901 0.028242
0 0.775146 0.590451 0.072095 0.044921
0 0.565864 0.545673 0.056569 0.039581
0 0.612314 0.443665 0.054315 0.038751
0 0.648799 0.187419 0.021788 0.027091
0 0.624474 0.509994 0.046472 0.033179
0 0.419531 0.763913 0.058857 0.052643
0 0.415938 0.534681 0.048022 0.040237
0 0.411525 0.667768 0.068443 0.047576
0 0.414029 0.712841 0.065104 0.052584
0 0.570947 0.633338 0.068443 0.046324
0 0.579711 0.678410 0.050915 0.046324
0 0.585554 0.734751 0.069278 0.051332
0 0.587223 0.789213 0.074286 0.052584
0 0.590562 0.844927 0.072616 0.053836
0 0.582632 0.907527 0.071782 0.056340
0 0.600578 0.970653 0.077624 0.057392
0 0.573034 0.587640 0.064269 0.045072
0 0.641476 0.636468 0.060931 0.045072
0 0.650658 0.684670 0.067608 0.051332
0 0.658170 0.734751 0.059261 0.051332
0 0.666516 0.789213 0.062600 0.052584
0 0.676532 0.844927 0.070947 0.051332
0 0.669855 0.905649 0.082632 0.060096
0 0.680706 0.976287 0.059261 0.046124
0 0.630208 0.548202 0.058427 0.043820
0 0.620610 0.479342 0.050915 0.036308
0 0.684879 0.263997 0.042568 0.036308
0 0.766259 0.551958 0.051749 0.046324
0 0.789213 0.640850 0.069278 0.043820
0 0.809662 0.684044 0.061765 0.050080
0 0.811331 0.739759 0.073451 0.056340
0 0.833450 0.792343 0.067608 0.051332
0 0.842632 0.852439 0.084302 0.051332
0 0.852648 0.910657 0.074286 0.060096
0 0.877688 0.972005 0.090979 0.050080