0 0.827120 0.720300 0.080194 0.050768
0 0.611338 0.527498 0.065582 0.050602
0 0.600765 0.356361 0.050442 0.036832
0 0.813928 0.670514 0.072858 0.054438
0 0.594233 0.267626 0.048007 0.042297
0 0.739300 0.460265 0.053981 0.043938
0 0.617638 0.572325 0.060393 0.046451
0 0.606379 0.470169 0.048494 0.044255
0 0.835067 0.781281 0.068772 0.060260
0 0.622208 0.625742 0.060103 0.048382
0 0.782956 0.566794 0.062264 0.049911
0 0.840719 0.842176 0.071480 0.053052
0 0.592227 0.235940 0.036299 0.033620
0 0.716818 0.354565 0.052350 0.040870
0 0.796658 0.610029 0.065500 0.045339
0 0.732676 0.424634 0.056903 0.040150
0 0.765711 0.521969 0.062321 0.049042
0 0.582292 0.168672 0.040105 0.029959
0 0.708191 0.302817 0.053104 0.034851
0 0.858433 0.902127 0.069802 0.052733
0 0.652295 0.846825 0.058448 0.051365
0 0.724154 0.395247 0.056357 0.045432
0 0.639937 0.787076 0.070450 0.050971
0 0.870570 0.964120 0.092057 0.064082
0 0.622606 0.670616 0.058149 0.043873
0 0.627913 0.724266 0.064703 0.052549
0 0.386733 0.719836 0.054111 0.049020
0 0.578626 0.969511 0.086978 0.054573
0 0.391809 0.669871 0.052442 0.046093
0 0.377560 0.832228 0.060169 0.046358
0 0.653614 0.911225 0.059779 0.049093
0 0.382092 0.772312 0.073055 0.062598
0 0.660843 0.971994 0.058219 0.047744
0 0.372697 0.899267 0.084940 0.056516
0 0.396615 0.630277 0.059033 0.043682
0 0.549455 0.660839 0.071068 0.047811
0 0.555559 0.717120 0.068549 0.050286
0 0.558009 0.782327 0.075120 0.055088
0 0.569278 0.840545 0.065939 0.053836
0 0.575120 0.906275 0.072616 0.060096
0 0.607672 0.440530 0.049245 0.037560