0 0.640646 0.732693 0.071671 0.052154
0 0.385930 0.729995 0.083220 0.065374
0 0.383022 0.679756 0.071830 0.053300
0 0.386368 0.632600 0.065916 0.051299
0 0.809057 0.742550 0.076772 0.055219
0 0.634038 0.685971 0.060654 0.047978
0 0.550961 0.553022 0.060113 0.050018
0 0.632776 0.640581 0.057708 0.048106
0 0.394437 0.545805 0.067563 0.043607
0 0.622978 0.557813 0.067879 0.043010
0 0.749272 0.489261 0.063336 0.042839
0 0.390505 0.780394 0.053185 0.043717
0 0.604489 0.416377 0.053108 0.039541
0 0.602281 0.382558 0.047564 0.040655
0 0.573223 0.838237 0.072659 0.049431
0 0.788937 0.645677 0.070486 0.045926
0 0.598719 0.305940 0.051294 0.032552
0 0.754493 0.525117 0.063075 0.037803
0 0.568628 0.783440 0.061849 0.058831
0 0.548928 0.514073 0.059640 0.046203
0 0.659465 0.843422 0.066699 0.049243
0 0.559159 0.638717 0.065157 0.049611
0 0.764590 0.557830 0.066732 0.041063
0 0.797717 0.692190 0.069844 0.044027
0 0.619615 0.520484 0.066259 0.046672
0 0.540552 0.378342 0.043100 0.038420
0 0.727728 0.393343 0.061498 0.035418
0 0.742263 0.451261 0.059526 0.042221
0 0.613448 0.483191 0.051884 0.038625
0 0.564397 0.732473 0.067167 0.048690
0 0.629796 0.598835 0.063266 0.048084
0 0.417340 0.344784 0.045050 0.032396
0 0.711552 0.340747 0.055508 0.040016
0 0.580435 0.184805 0.046255 0.038715
0 0.731193 0.421568 0.055109 0.033441
0 0.532998 0.349105 0.038571 0.031809
0 0.547825 0.414238 0.056259 0.041316
0 0.599973 0.283403 0.048786 0.032552
0 0.558405 0.683599 0.053069 0.046734
0 0.834202 0.843243 0.064993 0.050277
0 0.575222 0.162592 0.041937 0.031287
0 0.588475 0.241461 0.046741 0.036308
0 0.666412 0.910806 0.060668 0.051462
0 0.388340 0.848057 0.081426 0.057592
0 0.397753 0.440530 0.045907 0.041316
0 0.404013 0.478716 0.056757 0.040064
0 0.399005 0.585136 0.053419 0.042568
0 0.391493 0.923177 0.078459 0.062600
0 0.583050 0.908779 0.075955 0.053836
0 0.586388 0.972631 0.085971 0.051332
0 0.677367 0.981921 0.059261 0.034856
0 0.610594 0.452424 0.047576 0.040064
0 0.599326 0.361028 0.050080 0.032552
0 0.596822 0.263371 0.035056 0.027544
0 0.587223 0.218299 0.037560 0.027544
0 0.571782 0.144431 0.040064 0.022536
0 0.855569 0.910657 0.071782 0.050080
0 0.872262 0.976913 0.086806 0.044872
0 0.708250 0.315956 0.049245 0.030048
0 0.701573 0.293419 0.047576 0.027544
0 0.693226 0.270883 0.050915 0.030048
0 0.689470 0.243965 0.041733 0.028796
0 0.677367 0.206405 0.045907 0.028796
0 0.671524 0.185121 0.045907 0.028796
0 0.670690 0.159455 0.042568 0.030048