0 0.367307 0.714243 0.069102 0.051083
0 0.725579 0.401883 0.054592 0.042114
0 0.742706 0.468760 0.059270 0.045950
0 0.373833 0.766174 0.080392 0.055336
0 0.557577 0.765474 0.074745 0.052639
0 0.370238 0.657747 0.070942 0.051860
0 0.628145 0.653579 0.069994 0.045489
0 0.788556 0.673128 0.058905 0.047027
0 0.749863 0.501831 0.047998 0.037967
0 0.783099 0.625648 0.071446 0.045446
0 0.734862 0.436535 0.054830 0.035684
0 0.649301 0.769757 0.058240 0.050621
0 0.546603 0.563155 0.061524 0.045817
0 0.554634 0.652781 0.059680 0.046437
0 0.381560 0.483520 0.063796 0.045926
0 0.544321 0.523266 0.054885 0.038445
0 0.376105 0.834501 0.069831 0.052736
0 0.718180 0.368626 0.044090 0.039137
0 0.621481 0.601714 0.060357 0.042389
0 0.541200 0.486677 0.046175 0.037500
0 0.381507 0.526537 0.065291 0.042397
0 0.564890 0.703207 0.071740 0.047318
0 0.373879 0.613433 0.050904 0.045614
0 0.663762 0.829857 0.062076 0.047088
0 0.553320 0.602103 0.050277 0.044943
0 0.806298 0.722813 0.071731 0.053924
0 0.380947 0.564180 0.063412 0.046081
0 0.640218 0.720199 0.050892 0.038765
0 0.388989 0.417994 0.061765 0.045072
0 0.383981 0.447416 0.051749 0.033804
0 0.530883 0.429888 0.058427 0.036308
0 0.562183 0.836163 0.080963 0.052584
0 0.573868 0.892503 0.069278 0.057592
0 0.584302 0.966997 0.086806 0.056340
0 0.676532 0.972218 0.070947 0.054262
0 0.678619 0.896885 0.070112 0.058844
0 0.605586 0.540064 0.054253 0.048828
0 0.605168 0.501252 0.058427 0.043820
0 0.600995 0.463692 0.056757 0.041316
0 0.594735 0.427384 0.059261 0.043820
0 0.598491 0.396084 0.053419 0.043820
0 0.583050 0.363532 0.052584 0.038812
0 0.589727 0.333484 0.045907 0.038812
0 0.587640 0.304061 0.046741 0.037560
0 0.693643 0.267753 0.051749 0.032552
0 0.701155 0.295297 0.050080 0.032552
0 0.701990 0.319712 0.050080 0.028796
0 0.714510 0.344126 0.045072 0.035056
0 0.757913 0.539438 0.053419 0.040064
0 0.764590 0.578250 0.063435 0.045072
0 0.861412 0.773563 0.063435 0.052584
0 0.822182 0.821139 0.063435 0.052584
0 0.844301 0.883113 0.072616 0.053836
0 0.856404 0.958233 0.073451 0.058844