0 0.383153 0.778073 0.075161 0.058203
0 0.377980 0.719245 0.081740 0.065716
0 0.567619 0.841188 0.082444 0.057845
0 0.376931 0.661263 0.073628 0.056536
0 0.567383 0.970641 0.091736 0.052064
0 0.630760 0.633890 0.072057 0.052689
0 0.380647 0.609551 0.066589 0.050990
0 0.386621 0.566908 0.067010 0.049271
0 0.802802 0.731322 0.082331 0.054102
0 0.647674 0.778044 0.070625 0.055371
0 0.664128 0.902021 0.062101 0.053431
0 0.576352 0.898792 0.076176 0.054642
0 0.620786 0.553392 0.056675 0.043672
0 0.285514 0.796953 0.082391 0.058372
0 0.833982 0.839313 0.083016 0.056921
0 0.639950 0.680192 0.059935 0.046803
0 0.556899 0.676458 0.056228 0.050990
0 0.617826 0.511592 0.058021 0.049290
0 0.763184 0.553750 0.070794 0.045052
0 0.799258 0.683636 0.070755 0.048145
0 0.553225 0.586644 0.049861 0.044030
0 0.562706 0.728747 0.075213 0.050957
0 0.790347 0.634163 0.074852 0.053874
0 0.670679 0.971374 0.075794 0.051888
0 0.860059 0.969154 0.084909 0.055052
0 0.641374 0.726540 0.071732 0.050098
0 0.380028 0.910238 0.076176 0.066882
0 0.825150 0.781875 0.068989 0.052344
0 0.755230 0.513486 0.063759 0.046074
0 0.769288 0.591826 0.071979 0.049876
0 0.546986 0.509772 0.059249 0.039505
0 0.739180 0.449674 0.059097 0.039362
0 0.716960 0.362656 0.057504 0.037096
0 0.653466 0.838545 0.069605 0.056257
0 0.626046 0.591895 0.050877 0.042318
0 0.845566 0.898115 0.073720 0.061829
0 0.539457 0.441598 0.053984 0.038105
0 0.552832 0.547253 0.057114 0.043971
0 0.393275 0.438672 0.063294 0.048789
0 0.392780 0.526771 0.065326 0.044609
0 0.723772 0.391475 0.055868 0.034902
0 0.746730 0.477855 0.058260 0.041309
0 0.611209 0.441982 0.055760 0.041530
0 0.708674 0.333005 0.052357 0.036634
0 0.691356 0.259056 0.047826 0.035052
0 0.539796 0.473623 0.053915 0.041400
0 0.561979 0.780811 0.073767 0.054316
0 0.396892 0.494977 0.050174 0.038835
0 0.596217 0.309883 0.053963 0.044583
0 0.533592 0.407699 0.049336 0.037025
0 0.382398 0.838128 0.081306 0.068158
0 0.601855 0.347090 0.052079 0.038607
0 0.553134 0.630817 0.067830 0.050957
0 0.703385 0.310166 0.050651 0.034772
0 0.532192 0.373896 0.045365 0.043340
0 0.605041 0.406123 0.053138 0.038822
0 0.729217 0.417731 0.053850 0.037246
0 0.616345 0.476813 0.057361 0.043014
0 0.598236 0.375055 0.055412 0.038379
0 0.578168 0.214632 0.041745 0.033522
0 0.592190 0.281162 0.050855 0.037168
0 0.404664 0.381904 0.045048 0.042142
0 0.683638 0.222017 0.041907 0.035596
0 0.587795 0.256208 0.047717 0.035020