0 0.395165 0.660449 0.070964 0.059518
0 0.394787 0.771647 0.072483 0.057865
0 0.409052 0.894945 0.076862 0.058639
0 0.583264 0.967308 0.086563 0.058092
0 0.830645 0.840036 0.079440 0.051439
0 0.655017 0.782809 0.077613 0.054303
0 0.400460 0.573773 0.064922 0.049225
0 0.813921 0.782174 0.070395 0.054531
0 0.407941 0.834603 0.082365 0.055234
0 0.396191 0.713350 0.053121 0.050150
0 0.558279 0.666419 0.072027 0.049414
0 0.399023 0.969020 0.080955 0.060410
0 0.642760 0.719570 0.073906 0.052630
0 0.399644 0.616458 0.067595 0.047565
0 0.655727 0.843421 0.075308 0.057142
0 0.405048 0.376563 0.058099 0.044336
0 0.777704 0.591784 0.072847 0.047305
0 0.572533 0.898135 0.074987 0.054199
0 0.638292 0.669521 0.068919 0.052181
0 0.574342 0.770068 0.084753 0.062715
0 0.661141 0.900228 0.062717 0.056016
0 0.545844 0.538428 0.056046 0.044342
0 0.403765 0.490765 0.058581 0.044316
0 0.540937 0.463997 0.052552 0.040065
0 0.799809 0.683271 0.069453 0.052897
0 0.613340 0.536224 0.056567 0.043607
0 0.553420 0.578988 0.064054 0.046309
0 0.554761 0.622806 0.066363 0.048971
0 0.792459 0.634906 0.076810 0.052663
0 0.765718 0.553900 0.067886 0.044453
0 0.845786 0.904977 0.074366 0.054876
0 0.402331 0.530049 0.050148 0.042819
0 0.405471 0.453255 0.049900 0.040872
0 0.609121 0.496650 0.052695 0.045371
0 0.583487 0.365228 0.054588 0.044284
0 0.812637 0.729082 0.062435 0.053268
0 0.544284 0.500690 0.049462 0.041029
0 0.667530 0.967279 0.061944 0.051445
0 0.629928 0.617721 0.053737 0.050039
0 0.572411 0.832181 0.071202 0.056823
0 0.740946 0.451393 0.059175 0.047526
0 0.641877 0.273392 0.042227 0.035104
0 0.404575 0.416865 0.043420 0.039199
0 0.754423 0.511676 0.057344 0.046048
0 0.562884 0.713216 0.077496 0.055182
0 0.858913 0.960270 0.068937 0.053600
0 0.624468 0.576214 0.058468 0.046230
0 0.731317 0.417780 0.057166 0.041341
0 0.589920 0.401758 0.055334 0.040378
0 0.596447 0.327301 0.042088 0.037845
0 0.721877 0.390889 0.054753 0.037754
0 0.676671 0.216631 0.045139 0.032897
0 0.603329 0.463753 0.046476 0.040319
0 0.706309 0.310085 0.044119 0.033997
0 0.589399 0.255010 0.044102 0.034603
0 0.596960 0.433773 0.052739 0.041217
0 0.685788 0.242201 0.049223 0.032865
0 0.578281 0.204248 0.035720 0.033926
0 0.589221 0.231842 0.046124 0.035768
0 0.720966 0.360605 0.047912 0.037279
0 0.703138 0.285081 0.045590 0.034746
0 0.714258 0.338932 0.046762 0.033294
0 0.595894 0.302090 0.041198 0.034219