0 0.387857 0.730380 0.074006 0.055328
0 0.392924 0.678216 0.070537 0.052207
0 0.576997 0.741034 0.077296 0.054173
0 0.586330 0.853354 0.072451 0.048646
0 0.393689 0.629833 0.069713 0.049263
0 0.652507 0.697029 0.065298 0.052432
0 0.397562 0.585432 0.069661 0.051828
0 0.661263 0.862198 0.061421 0.056854
0 0.296405 0.586388 0.028958 0.060277
0 0.578946 0.640700 0.069757 0.050705
0 0.578091 0.924002 0.082731 0.068463
0 0.400064 0.546179 0.056141 0.038815
0 0.654598 0.742530 0.055342 0.053972
0 0.670042 0.923780 0.072388 0.059122
0 0.578089 0.786485 0.062702 0.049467
0 0.639066 0.603492 0.056746 0.041518
0 0.397566 0.783515 0.056296 0.053963
0 0.787849 0.645797 0.069823 0.051092
0 0.630008 0.524909 0.059263 0.041656
0 0.647375 0.649300 0.055810 0.048199
0 0.623211 0.485776 0.062406 0.044167
0 0.801870 0.691623 0.060048 0.048352
0 0.572423 0.683293 0.054582 0.046429
0 0.628640 0.563954 0.061981 0.045935
0 0.845950 0.854011 0.068191 0.053019
0 0.697392 0.275547 0.045920 0.034368
0 0.660420 0.799498 0.066446 0.059557
0 0.777324 0.605184 0.066922 0.048497
0 0.397240 0.422622 0.059904 0.049587
0 0.564896 0.557592 0.068054 0.040412
0 0.829969 0.797765 0.076539 0.050598
0 0.715070 0.349766 0.059548 0.045059
0 0.576561 0.592638 0.065839 0.045971
0 0.600849 0.382299 0.050326 0.039373
0 0.555309 0.482687 0.057517 0.038841
0 0.729711 0.415239 0.063080 0.041818
0 0.402654 0.504572 0.044073 0.041354
0 0.601752 0.329125 0.048198 0.035738
0 0.810916 0.739225 0.073897 0.056253
0 0.614329 0.449277 0.051480 0.039212
0 0.773972 0.561756 0.053234 0.050283
0 0.611483 0.413469 0.047928 0.046355
0 0.756820 0.522748 0.053935 0.045496
0 0.725429 0.380051 0.057434 0.040215
0 0.393580 0.845553 0.087640 0.062600
0 0.860579 0.922451 0.076444 0.058587
0 0.875845 0.976507 0.085334 0.043264
0 0.559268 0.519258 0.056898 0.035044
0 0.399953 0.470996 0.051885 0.039533
0 0.387737 0.921925 0.082632 0.065104
0 0.547993 0.448668 0.050915 0.035056
0 0.550915 0.416116 0.058427 0.035056
0 0.675698 0.973883 0.064269 0.046324
0 0.602247 0.356020 0.049245 0.037560
0 0.603082 0.304688 0.037560 0.030048
0 0.594318 0.281525 0.041733 0.033804
0 0.594318 0.261493 0.046741 0.031300
0 0.593066 0.236453 0.039229 0.031300
0 0.591814 0.216421 0.046741 0.031300
0 0.591396 0.195137 0.040899 0.028796
0 0.679871 0.207031 0.039229 0.027544
0 0.686548 0.230193 0.039229 0.028796
0 0.694060 0.254607 0.050915 0.027544
0 0.738715 0.449920 0.065104 0.042568