0 0.653976 0.782539 0.074349 0.053971
0 0.855445 0.960111 0.082643 0.056706
0 0.805490 0.730775 0.068516 0.047513
0 0.644141 0.725846 0.062049 0.047266
0 0.846118 0.896361 0.074336 0.053750
0 0.791489 0.683356 0.064401 0.045684
0 0.818101 0.776937 0.061645 0.052741
0 0.823097 0.835273 0.067843 0.047396
0 0.580193 0.970055 0.090768 0.055970
0 0.694948 0.285439 0.044939 0.038952
0 0.631504 0.635752 0.065074 0.050645
0 0.417096 0.379759 0.061146 0.048906
0 0.670030 0.966273 0.085165 0.060814
0 0.690460 0.240609 0.039497 0.037923