0 0.414611 0.828277 0.061683 0.052973
0 0.413893 0.708078 0.066259 0.052598
0 0.415138 0.617273 0.067452 0.049830
0 0.406852 0.901519 0.078339 0.058670
0 0.406426 0.964228 0.064400 0.059950
0 0.417095 0.577237 0.059251 0.048533
0 0.601661 0.250570 0.038154 0.034117
0 0.572360 0.634740 0.064592 0.043521
0 0.578748 0.679610 0.054510 0.048723
0 0.557278 0.466688 0.046377 0.035949
0 0.560902 0.501789 0.058964 0.044595
0 0.587492 0.786466 0.076366 0.058339
0 0.616129 0.309921 0.037764 0.037507
0 0.566753 0.547129 0.056717 0.044178
0 0.581084 0.906085 0.071539 0.061728
0 0.611250 0.352284 0.052248 0.036920
0 0.599553 0.970917 0.081343 0.052911
0 0.569863 0.590144 0.069614 0.047576
0 0.415983 0.533652 0.047890 0.041899
0 0.675199 0.840233 0.071729 0.056578
0 0.585419 0.730046 0.069009 0.050725
0 0.415606 0.498932 0.056695 0.040410
0 0.411790 0.659801 0.068163 0.050970
0 0.667014 0.785611 0.064703 0.050124
0 0.749352 0.477273 0.060776 0.041680
0 0.641673 0.634385 0.062052 0.042365
0 0.730491 0.411313 0.058960 0.040094
0 0.740335 0.445697 0.057079 0.037068
0 0.419838 0.762359 0.058606 0.051482
0 0.590840 0.841492 0.071726 0.053280
0 0.657743 0.730564 0.060348 0.048647
0 0.705665 0.303347 0.054416 0.039886
0 0.602618 0.413322 0.057072 0.042588
0 0.683210 0.240566 0.044237 0.033090
0 0.624545 0.507251 0.046784 0.038189
0 0.630988 0.548750 0.058536 0.042411
0 0.832436 0.791113 0.069637 0.053881
0 0.636086 0.587008 0.058357 0.048841
0 0.755268 0.510862 0.064307 0.047113
0 0.716238 0.357623 0.049963 0.033256
0 0.811418 0.738727 0.073278 0.054278
0 0.613466 0.446581 0.053517 0.038394
0 0.877001 0.969908 0.092352 0.055902
0 0.619392 0.475867 0.053838 0.039022
0 0.595557 0.383570 0.056763 0.036862
0 0.410273 0.389824 0.052584 0.042568
0 0.415281 0.427384 0.060931 0.042568
0 0.413194 0.459310 0.060096 0.051332
0 0.851396 0.910657 0.070112 0.057592
0 0.681958 0.975035 0.060096 0.048628
0 0.670690 0.904397 0.082632 0.060096
0 0.648571 0.684670 0.068443 0.048828
0 0.684879 0.262745 0.037560 0.033804
0 0.718266 0.330980 0.054253 0.032552
0 0.724943 0.384816 0.055923 0.032552
0 0.766259 0.550706 0.045072 0.046324
0 0.774606 0.593900 0.070112 0.047576
0 0.788795 0.641476 0.070112 0.047576
0 0.809245 0.684044 0.064269 0.055088
0 0.842632 0.851813 0.079294 0.057592