0 0.812565 0.783877 0.068689 0.050931
0 0.829345 0.840465 0.080495 0.052376
0 0.654451 0.782048 0.077912 0.052923
0 0.394987 0.773014 0.072075 0.055911
0 0.392504 0.833451 0.069531 0.054323
0 0.582865 0.365228 0.054184 0.044115
0 0.395182 0.660911 0.070816 0.058633
0 0.396146 0.714004 0.052847 0.049076
0 0.400304 0.575202 0.064931 0.046497
0 0.800707 0.684958 0.068681 0.049277
0 0.399156 0.617607 0.067643 0.047454
0 0.404149 0.491559 0.057292 0.043132
0 0.765495 0.553896 0.067656 0.046855
0 0.404913 0.377484 0.058108 0.044668
0 0.643014 0.720065 0.072635 0.052279
0 0.597198 0.326797 0.039362 0.039141
0 0.777398 0.594430 0.073390 0.045020
0 0.812689 0.729092 0.062201 0.052038
0 0.572507 0.901270 0.076020 0.061693
0 0.660430 0.900342 0.062899 0.057624
0 0.405467 0.453760 0.049041 0.040111
0 0.740291 0.451077 0.060747 0.046517
0 0.583375 0.967454 0.085968 0.059661
0 0.316495 0.893535 0.083815 0.056615
0 0.397832 0.532207 0.049414 0.044570
0 0.589488 0.231117 0.047005 0.036751
0 0.558012 0.667510 0.071910 0.050840
0 0.612882 0.536973 0.055903 0.042331
0 0.637678 0.670075 0.070078 0.052428
0 0.569006 0.832829 0.077951 0.056309
0 0.792697 0.634880 0.075430 0.053887
0 0.544631 0.539287 0.057648 0.043457
0 0.595584 0.468337 0.055004 0.041230
0 0.574340 0.769473 0.084427 0.061185
0 0.844299 0.904447 0.073668 0.055313
0 0.531306 0.426927 0.059097 0.043255
0 0.404761 0.417331 0.042561 0.038424
0 0.858997 0.960895 0.068255 0.054147
0 0.667433 0.967949 0.062105 0.053516
0 0.554542 0.623216 0.066957 0.048815
0 0.596417 0.434427 0.053355 0.040885
0 0.623587 0.577562 0.058477 0.046478
0 0.741035 0.488730 0.058416 0.042643
0 0.551272 0.579489 0.067630 0.046139
0 0.531855 0.463581 0.056202 0.044831
0 0.731000 0.418223 0.056723 0.039193
0 0.543945 0.500931 0.048724 0.040729
0 0.562552 0.716549 0.076597 0.061354
0 0.721272 0.389746 0.055356 0.036068
0 0.705336 0.309867 0.043537 0.034811
0 0.713568 0.340465 0.046267 0.035579
0 0.684839 0.239388 0.048472 0.035625
0 0.702218 0.285085 0.045182 0.033893