0 0.650026 0.778415 0.074696 0.055293
0 0.578071 0.834544 0.071723 0.056875
0 0.648496 0.726273 0.064614 0.050046
0 0.790762 0.635286 0.071732 0.050404
0 0.780998 0.588356 0.072457 0.048691
0 0.657020 0.837064 0.063746 0.051732
0 0.578424 0.972497 0.088377 0.048418
0 0.372185 0.770479 0.077209 0.061478
0 0.663453 0.895973 0.061523 0.051074
0 0.620371 0.535651 0.065152 0.045169
0 0.765734 0.547809 0.064306 0.045866
0 0.363919 0.830537 0.077118 0.062246
0 0.633474 0.575182 0.061298 0.046445
0 0.850317 0.902874 0.071901 0.054082
0 0.373477 0.713066 0.075503 0.058750
0 0.757763 0.509616 0.058086 0.045703
0 0.572420 0.775322 0.072461 0.051960
0 0.641992 0.673415 0.071241 0.049199
0 0.834913 0.832865 0.072109 0.051354
0 0.567637 0.669798 0.070117 0.049076
0 0.671315 0.968945 0.084931 0.057240
0 0.377967 0.624906 0.069275 0.049408
0 0.874748 0.967809 0.091536 0.057546
0 0.568511 0.622728 0.059444 0.046185
0 0.794677 0.681370 0.070395 0.050072
0 0.564010 0.578704 0.048915 0.044049
0 0.573368 0.720322 0.067526 0.053704
0 0.403014 0.387393 0.058520 0.044017
0 0.236155 0.700238 0.062057 0.049277
0 0.386074 0.542757 0.068069 0.047220
0 0.588796 0.896296 0.090412 0.068216
0 0.556912 0.538490 0.056037 0.042148
0 0.733220 0.436598 0.062023 0.045605
0 0.715764 0.370732 0.054757 0.041686
0 0.585990 0.286706 0.048550 0.037708
0 0.809423 0.728411 0.063811 0.053568
0 0.574549 0.219544 0.042474 0.034505
0 0.812578 0.777917 0.060938 0.047318
0 0.376220 0.665215 0.054766 0.047747
0 0.379421 0.578652 0.051254 0.045781
0 0.365497 0.913187 0.075699 0.059993
0 0.549319 0.499805 0.066033 0.044284
0 0.549375 0.428626 0.044280 0.040625
0 0.616541 0.492425 0.053819 0.047988
0 0.720855 0.404746 0.053038 0.039388
0 0.548153 0.465488 0.053537 0.039049
0 0.608372 0.459668 0.057179 0.042474
0 0.703856 0.345511 0.051515 0.033275
0 0.599857 0.365837 0.055408 0.042611
0 0.593082 0.314873 0.045260 0.036686
0 0.606083 0.427174 0.052261 0.038711
0 0.700825 0.320352 0.053924 0.034128
0 0.689353 0.266025 0.050174 0.037142
0 0.682912 0.245199 0.048793 0.032793
0 0.691493 0.293844 0.044054 0.034785
0 0.604442 0.398197 0.046628 0.039023