0 0.406105 0.854183 0.072140 0.053561
0 0.401571 0.437529 0.045399 0.039186
0 0.402923 0.790492 0.075074 0.054173
0 0.791133 0.583278 0.058073 0.042064
0 0.403793 0.732926 0.073455 0.053223
0 0.401994 0.921165 0.063971 0.057044
0 0.532687 0.378499 0.051780 0.039382
0 0.806914 0.674375 0.071450 0.049284
0 0.767964 0.499479 0.062257 0.040143
0 0.615914 0.543239 0.057391 0.045059
0 0.816593 0.724486 0.068993 0.047461
0 0.832719 0.778848 0.082062 0.052734
0 0.873568 0.966107 0.083811 0.058203
0 0.853503 0.899977 0.072795 0.050671
0 0.743422 0.423626 0.060464 0.041992
0 0.757055 0.462048 0.058746 0.041543
0 0.652611 0.785299 0.074397 0.053724
0 0.803813 0.630684 0.062383 0.046341
0 0.781248 0.537786 0.060352 0.043008
0 0.679564 0.971680 0.074510 0.052969
0 0.607591 0.502305 0.062231 0.042617
0 0.407038 0.513451 0.046793 0.041055
0 0.406157 0.595651 0.067574 0.045365
0 0.404512 0.553066 0.051793 0.045039
0 0.595404 0.974854 0.087378 0.047285
0 0.844572 0.839463 0.064978 0.049382
0 0.579978 0.854372 0.072135 0.053717
0 0.571421 0.734831 0.069857 0.049857
0 0.395935 0.639134 0.069761 0.050703
0 0.578179 0.913753 0.071133 0.058874
0 0.549288 0.616631 0.066224 0.051348
0 0.572943 0.787878 0.065078 0.051406
0 0.657209 0.904557 0.061311 0.052044
0 0.561565 0.673529 0.070760 0.052305
0 0.722763 0.363734 0.053390 0.034967
0 0.545365 0.575072 0.061076 0.043971
0 0.551882 0.534785 0.062556 0.044492
0 0.636753 0.678874 0.064497 0.049935
0 0.646682 0.730827 0.060838 0.049687
0 0.726044 0.393571 0.050187 0.034616
0 0.658186 0.846191 0.056667 0.047044
0 0.600990 0.433203 0.051979 0.040260
0 0.636063 0.633978 0.060885 0.048151
0 0.398175 0.683226 0.054214 0.046517
0 0.541725 0.495345 0.050699 0.039674
0 0.608205 0.466562 0.056879 0.039596
0 0.589484 0.302480 0.047135 0.036719
0 0.626092 0.593607 0.058016 0.044870
0 0.692033 0.264157 0.047018 0.035488
0 0.590458 0.366400 0.053685 0.044740
0 0.593993 0.402673 0.056918 0.040905
0 0.592450 0.333880 0.053381 0.040573
0 0.587135 0.271413 0.038559 0.034102
0 0.712174 0.335355 0.044410 0.034837
0 0.580367 0.248281 0.043563 0.031341
0 0.706851 0.310817 0.055091 0.036803
0 0.700004 0.286784 0.050382 0.028737
0 0.691111 0.239284 0.038576 0.031497