0 0.210271 0.826784 0.093138 0.063724
0 0.309418 0.610094 0.072517 0.048848
0 0.194332 0.898320 0.093637 0.057682
0 0.382409 0.770029 0.078316 0.061335
0 0.388585 0.901787 0.076953 0.059160
0 0.660241 0.827321 0.078737 0.060137
0 0.666634 0.892897 0.063702 0.051667
0 0.640423 0.724141 0.075091 0.055990
0 0.762439 0.539144 0.063056 0.046217
0 0.776591 0.580173 0.069232 0.047871
0 0.631886 0.616602 0.063746 0.049570
0 0.381979 0.623949 0.064219 0.049043
0 0.641764 0.676191 0.073780 0.050260
0 0.224171 0.722061 0.069740 0.050488
0 0.732789 0.435645 0.058207 0.045807
0 0.753372 0.499964 0.056762 0.045085
0 0.651769 0.779030 0.057600 0.044727
0 0.859718 0.972106 0.078767 0.050723
0 0.379900 0.714753 0.076146 0.059049
0 0.846437 0.904805 0.073828 0.054141
0 0.580438 0.970488 0.091267 0.054935
0 0.213464 0.769339 0.065234 0.053991
0 0.678375 0.963034 0.081836 0.058008
0 0.399065 0.415420 0.053754 0.039355
0 0.379286 0.575898 0.072886 0.057161
0 0.386439 0.837962 0.069345 0.052995
0 0.381664 0.534274 0.065412 0.043171
0 0.532172 0.400856 0.051532 0.041882
0 0.553125 0.583193 0.051267 0.044264
0 0.803266 0.676100 0.078372 0.051810
0 0.393548 0.451377 0.049076 0.041895
0 0.388084 0.488704 0.048806 0.044023
0 0.828472 0.839215 0.066762 0.049447
0 0.542311 0.541169 0.065586 0.049668
0 0.574043 0.830729 0.081150 0.060299
0 0.574931 0.774082 0.077144 0.056484
0 0.577187 0.899183 0.073142 0.058262
0 0.812578 0.733073 0.061979 0.053151
0 0.723025 0.399954 0.055069 0.040391
0 0.559013 0.679144 0.069084 0.050436
0 0.558294 0.727461 0.068229 0.050365
0 0.622441 0.571969 0.056697 0.049147
0 0.539859 0.501188 0.059345 0.044121
0 0.607394 0.496624 0.056680 0.044199
0 0.549638 0.625446 0.065056 0.053105
0 0.535833 0.434792 0.052196 0.041576
0 0.709510 0.344834 0.054401 0.035697
0 0.702363 0.314801 0.046150 0.033939
0 0.825106 0.779355 0.067938 0.054635
0 0.537389 0.468577 0.049961 0.040592
0 0.610436 0.534375 0.060560 0.045651
0 0.785428 0.621745 0.059666 0.048359
0 0.581619 0.236029 0.047231 0.031706
0 0.671697 0.214883 0.049210 0.036914
0 0.691743 0.288971 0.044284 0.033737
0 0.713016 0.371696 0.052318 0.035410
0 0.603021 0.432640 0.054792 0.039225
0 0.594614 0.336071 0.054036 0.040202
0 0.601476 0.400986 0.052240 0.039954
0 0.587070 0.285117 0.048333 0.035313
0 0.686736 0.266803 0.051172 0.030417
0 0.587064 0.260605 0.048485 0.038138
0 0.590256 0.309932 0.049800 0.035371
0 0.610089 0.463597 0.053859 0.039720
0 0.590106 0.358786 0.042912 0.043079
0 0.678364 0.239378 0.040191 0.035775