0 0.213043 0.766403 0.046424 0.107689
0 0.391552 0.913040 0.085560 0.057279
0 0.276751 0.750954 0.038546 0.095905
0 0.391434 0.617448 0.065586 0.047591
0 0.387051 0.666566 0.071150 0.048444
0 0.403757 0.383418 0.058572 0.045326
0 0.545777 0.530160 0.054175 0.041178
0 0.383904 0.723122 0.068312 0.049382
0 0.391882 0.780996 0.072461 0.052891
0 0.256732 0.583398 0.033663 0.067630
0 0.393069 0.847272 0.080859 0.055677
0 0.602131 0.429333 0.055851 0.040592
0 0.536584 0.449271 0.054635 0.042031
0 0.392839 0.569329 0.061623 0.047253
0 0.801434 0.677109 0.076836 0.049375
0 0.826096 0.781963 0.076393 0.051230
0 0.588030 0.905908 0.074913 0.058301
0 0.557776 0.671156 0.070829 0.051608
0 0.573687 0.722887 0.070924 0.053613
0 0.583362 0.841888 0.074457 0.058477
0 0.634559 0.670127 0.068242 0.049095
0 0.877402 0.971081 0.084510 0.053477
0 0.395946 0.491143 0.061424 0.042337
0 0.778151 0.583688 0.070972 0.045540
0 0.587381 0.263936 0.037400 0.031204
0 0.643707 0.720228 0.059514 0.049102
0 0.572784 0.779827 0.067869 0.052650
0 0.650877 0.784059 0.068637 0.054733
0 0.594043 0.973102 0.076853 0.053197
0 0.812795 0.724333 0.069106 0.048327
0 0.389457 0.528314 0.067179 0.046823
0 0.660197 0.843008 0.062930 0.053932
0 0.610356 0.497624 0.055825 0.044792
0 0.850842 0.899219 0.070807 0.058034
0 0.620579 0.579385 0.066975 0.046230
0 0.624983 0.624984 0.061918 0.047454
0 0.787908 0.632965 0.069696 0.046113
0 0.766667 0.541494 0.060069 0.042949
0 0.587700 0.367643 0.052188 0.035208
0 0.553168 0.620915 0.059271 0.048105
0 0.616365 0.538161 0.059588 0.043327
0 0.752611 0.499238 0.060143 0.043203
0 0.707810 0.358053 0.048754 0.036042
0 0.660130 0.903844 0.059653 0.051868
0 0.836868 0.837741 0.063424 0.051992
0 0.548142 0.574528 0.061797 0.043678
0 0.740946 0.456797 0.066372 0.046862
0 0.672491 0.968317 0.062821 0.056882
0 0.535966 0.414027 0.044796 0.037624
0 0.527107 0.384639 0.044735 0.034876
0 0.593622 0.399235 0.055699 0.037533
0 0.599125 0.340329 0.052635 0.037493
0 0.701178 0.304577 0.041923 0.033763
0 0.692014 0.274805 0.043880 0.037253
0 0.728092 0.422572 0.052253 0.035898
0 0.707112 0.331999 0.049570 0.033568
0 0.599586 0.312354 0.050751 0.037480