0 0.378158 0.790384 0.067627 0.052176
0 0.768175 0.563002 0.064359 0.042147
0 0.825778 0.792575 0.082832 0.055682
0 0.389876 0.549183 0.062300 0.043812
0 0.386421 0.726818 0.074179 0.056402
0 0.791327 0.645310 0.073506 0.049926
0 0.633406 0.682289 0.069151 0.053896
0 0.778666 0.602720 0.067875 0.052067
0 0.747720 0.491887 0.060619 0.045559
0 0.799043 0.689885 0.065567 0.050919
0 0.818971 0.741390 0.061926 0.053035
0 0.589367 0.174966 0.035288 0.034937
0 0.712852 0.362989 0.060120 0.038645
0 0.572222 0.844799 0.072453 0.056022
0 0.388378 0.508810 0.064679 0.041283
0 0.653206 0.847530 0.079206 0.056142
0 0.619657 0.443712 0.056581 0.045359
0 0.554097 0.734144 0.057199 0.052815
0 0.647888 0.788730 0.064463 0.058429
0 0.843671 0.847918 0.087345 0.061992
0 0.634338 0.636163 0.049492 0.044652
0 0.555180 0.679562 0.066105 0.047931
0 0.546836 0.514326 0.055277 0.048971
0 0.542354 0.411585 0.062628 0.047482
0 0.622019 0.594858 0.062151 0.053837
0 0.635902 0.732995 0.068646 0.054487
0 0.612875 0.477189 0.059769 0.040716
0 0.723302 0.396325 0.056221 0.038751
0 0.659924 0.911909 0.070778 0.055088
0 0.387024 0.848900 0.069261 0.058425
0 0.702577 0.297499 0.052245 0.033200
0 0.571378 0.784997 0.057089 0.053557
0 0.606916 0.404202 0.061609 0.046284
0 0.599208 0.307370 0.038800 0.033491
0 0.732038 0.421750 0.056757 0.041316
0 0.571586 0.902817 0.078531 0.064252
0 0.612095 0.509088 0.060595 0.043216
0 0.544395 0.481699 0.054494 0.044510
0 0.391962 0.675922 0.069287 0.051337
0 0.740589 0.454588 0.051342 0.036881
0 0.544989 0.442727 0.046262 0.041332
0 0.686962 0.228505 0.048403 0.032173
0 0.698651 0.270883 0.048411 0.035056
0 0.594556 0.974470 0.081007 0.047187
0 0.557801 0.632415 0.058989 0.048011
0 0.553698 0.589434 0.062236 0.045408
0 0.389447 0.910120 0.087231 0.066440
0 0.622205 0.550818 0.057909 0.050498
0 0.852230 0.915039 0.078459 0.058844
0 0.601141 0.375376 0.055334 0.039059
0 0.398170 0.408604 0.058427 0.050080
0 0.390658 0.973157 0.075120 0.052384
0 0.682792 0.976387 0.083467 0.043820
0 0.694895 0.247721 0.044237 0.026292
0 0.865168 0.975135 0.075955 0.046324