0 0.405153 0.373304 0.058041 0.046462
0 0.600249 0.249368 0.038216 0.034594
0 0.394832 0.590770 0.050080 0.043820
0 0.398588 0.639598 0.069278 0.053836
0 0.400257 0.686548 0.052584 0.047576
0 0.401092 0.736003 0.064269 0.051332
0 0.402344 0.792343 0.073451 0.053836
0 0.400674 0.847431 0.065104 0.051332
0 0.555088 0.523162 0.055088 0.041316
0 0.562183 0.564478 0.062600 0.046324
0 0.558427 0.609550 0.050080 0.043820
0 0.569278 0.652744 0.065104 0.045072
0 0.568026 0.704077 0.070947 0.052584
0 0.570112 0.749775 0.065104 0.046324
0 0.584719 0.809245 0.070947 0.057592
0 0.584719 0.873097 0.079294 0.065104
0 0.589310 0.950721 0.076790 0.062600
0 0.608507 0.417994 0.043403 0.043820
0 0.611011 0.456180 0.056757 0.045072
0 0.618523 0.496870 0.055088 0.041316
0 0.625618 0.537560 0.059261 0.045072
0 0.632712 0.578250 0.056757 0.043820
0 0.636051 0.618314 0.065104 0.046324
0 0.648571 0.667142 0.056757 0.051332
0 0.652327 0.717223 0.069278 0.051332
0 0.660674 0.773563 0.072616 0.056340
0 0.667768 0.832407 0.081798 0.058844
0 0.665682 0.893755 0.067608 0.056340
0 0.664430 0.960111 0.066774 0.056340
0 0.716179 0.372296 0.060096 0.040064
0 0.731203 0.406726 0.053419 0.041316
0 0.739550 0.439904 0.046741 0.035056
0 0.744558 0.474334 0.058427 0.038812
0 0.749149 0.505634 0.062600 0.038812
0 0.762503 0.541942 0.064269 0.046324
0 0.770850 0.588892 0.070947 0.050080
0 0.790465 0.637094 0.071782 0.048828
0 0.801315 0.685922 0.060096 0.051332
0 0.815922 0.761043 0.077624 0.053836
0 0.833868 0.824269 0.071782 0.057592
0 0.849726 0.886869 0.066774 0.055088
0 0.874766 0.945087 0.071782 0.063852