0 0.356210 0.651686 0.071174 0.052435
0 0.358664 0.754925 0.055178 0.050920
0 0.359380 0.805970 0.074281 0.056923
0 0.370258 0.561315 0.065623 0.050899
0 0.639862 0.730616 0.062749 0.051315
0 0.785857 0.640984 0.065543 0.043899
0 0.775945 0.591063 0.064415 0.055173
0 0.655272 0.845023 0.065630 0.053198
0 0.802925 0.683971 0.056579 0.051892
0 0.745432 0.471087 0.065093 0.039826
0 0.762154 0.543511 0.063103 0.042369
0 0.808857 0.734528 0.065647 0.044881
0 0.752640 0.508438 0.066158 0.039945
0 0.568022 0.837332 0.072643 0.051915
0 0.653261 0.786154 0.077983 0.053075
0 0.848171 0.840579 0.081569 0.055156
0 0.569893 0.779320 0.071532 0.050533
0 0.668918 0.904105 0.060993 0.052544
0 0.724143 0.412688 0.053222 0.040715
0 0.374160 0.516029 0.062832 0.046326
0 0.585157 0.972065 0.088072 0.049781
0 0.636433 0.680582 0.059961 0.044603
0 0.625206 0.634439 0.062055 0.050151
0 0.566427 0.728130 0.068183 0.053917
0 0.554814 0.667794 0.059891 0.046918
0 0.832293 0.788064 0.065243 0.051136
0 0.540105 0.501312 0.049999 0.037680
0 0.620077 0.587562 0.056591 0.049294
0 0.401129 0.471721 0.058523 0.046023
0 0.602276 0.444384 0.055090 0.038010
0 0.551362 0.580584 0.063146 0.045912
0 0.712609 0.345488 0.051562 0.039155
0 0.619848 0.549530 0.057386 0.042943
0 0.400345 0.434915 0.058371 0.041611
0 0.722812 0.379735 0.053329 0.040210
0 0.581325 0.900490 0.069406 0.054621
0 0.406802 0.384242 0.058911 0.044125
0 0.867943 0.972285 0.089882 0.049852
0 0.693435 0.232249 0.040907 0.034385
0 0.854165 0.907945 0.070928 0.055118
0 0.591096 0.356369 0.048423 0.038107
0 0.382058 0.875508 0.078966 0.060283
0 0.707092 0.319759 0.048101 0.032240
0 0.611523 0.512084 0.056757 0.045035
0 0.553573 0.624185 0.055329 0.050164
0 0.606876 0.477883 0.051606 0.035475
0 0.698691 0.293399 0.050001 0.030008
0 0.575430 0.195050 0.042782 0.031474
0 0.668107 0.978882 0.063437 0.038101
0 0.588892 0.280899 0.037560 0.035056
0 0.587543 0.325809 0.039827 0.034029
0 0.540481 0.469952 0.049245 0.040064
0 0.582632 0.255233 0.036725 0.036308
0 0.579711 0.216421 0.047576 0.036308
0 0.697817 0.272135 0.050080 0.032552