0 0.571385 0.900924 0.084809 0.058685
0 0.578700 0.968138 0.087704 0.056563
0 0.572287 0.835251 0.074731 0.053470
0 0.568220 0.777233 0.084219 0.059479
0 0.763071 0.553128 0.063494 0.045697
0 0.623464 0.591419 0.069253 0.045859
0 0.393255 0.725749 0.066337 0.051393
0 0.564043 0.726077 0.061549 0.048587
0 0.397461 0.580426 0.061146 0.050540
0 0.775859 0.632493 0.073481 0.048841
0 0.395790 0.787565 0.059800 0.055742
0 0.547606 0.545267 0.056515 0.040924
0 0.769848 0.593561 0.065182 0.042630
0 0.614067 0.510257 0.057092 0.046257
0 0.855321 0.965026 0.083785 0.059115
0 0.623327 0.630957 0.063555 0.049388
0 0.647643 0.780648 0.063316 0.050749
0 0.633097 0.677741 0.059049 0.045859
0 0.635087 0.725459 0.068516 0.048574
0 0.672502 0.965859 0.065898 0.055352
0 0.733726 0.446637 0.065699 0.040775
0 0.399125 0.625570 0.070812 0.048587
0 0.388676 0.849030 0.065929 0.052591
0 0.720148 0.385114 0.055078 0.035098
0 0.542680 0.584453 0.065716 0.049688
0 0.846237 0.894616 0.073819 0.053802
0 0.400707 0.540726 0.049688 0.043809
0 0.728160 0.413766 0.057569 0.038887
0 0.749536 0.514329 0.054219 0.041979
0 0.810840 0.774613 0.063876 0.047767
0 0.788611 0.675729 0.073628 0.051784
0 0.397413 0.671618 0.072031 0.060632
0 0.414531 0.375042 0.064627 0.047624
0 0.798301 0.728288 0.068103 0.051706
0 0.660642 0.898356 0.060356 0.050423
0 0.607424 0.475036 0.059553 0.040319
0 0.599846 0.411504 0.058155 0.043125
0 0.545291 0.506214 0.056693 0.043822
0 0.819225 0.829154 0.071688 0.049440
0 0.557752 0.672132 0.069852 0.053887
0 0.392663 0.910697 0.084518 0.069479
0 0.553396 0.627471 0.058989 0.042454
0 0.407105 0.471344 0.065937 0.047363
0 0.617235 0.547842 0.051215 0.041699
0 0.690851 0.238542 0.038950 0.036094
0 0.408056 0.437487 0.062014 0.043984
0 0.693819 0.283994 0.045599 0.037585
0 0.594924 0.382829 0.054753 0.039238
0 0.708453 0.329743 0.055326 0.043092
0 0.596100 0.351836 0.055751 0.039766
0 0.542862 0.472992 0.059171 0.039707
0 0.401586 0.508255 0.057556 0.041432
0 0.544920 0.414482 0.043772 0.038574
0 0.716782 0.358835 0.055742 0.032448
0 0.580716 0.255996 0.048993 0.033776
0 0.577875 0.232568 0.048702 0.031999
0 0.586404 0.280658 0.048772 0.035859
0 0.591519 0.326634 0.052361 0.035820
0 0.586736 0.301810 0.046146 0.034271