0 0.690903 0.255085 0.041514 0.035123
0 0.357269 0.716879 0.069086 0.050162
0 0.575274 0.171086 0.040466 0.030446
0 0.712272 0.319054 0.051383 0.031653
0 0.801882 0.697545 0.070530 0.044178
0 0.354135 0.667628 0.071059 0.051443
0 0.848437 0.906797 0.083599 0.059761
0 0.781445 0.602591 0.067367 0.050440
0 0.786739 0.648915 0.069217 0.045423
0 0.756172 0.519601 0.062366 0.043661
0 0.377776 0.457300 0.056956 0.041185
0 0.815833 0.745210 0.055029 0.044178
0 0.592893 0.397194 0.043646 0.040139
0 0.832759 0.845513 0.088972 0.050661
0 0.724746 0.402942 0.057413 0.039775
0 0.770728 0.562183 0.067126 0.040534
0 0.728816 0.442263 0.053483 0.037225
0 0.403506 0.381324 0.058129 0.041853
0 0.380255 0.500488 0.064329 0.038365
0 0.358166 0.536528 0.051153 0.040690
0 0.357391 0.580706 0.051153 0.040690
0 0.353903 0.623721 0.051928 0.043015
0 0.319801 0.775437 0.075180 0.053478
0 0.316313 0.851586 0.065104 0.052316
0 0.585255 0.344122 0.049603 0.032552
0 0.587968 0.370280 0.041078 0.033715
0 0.534102 0.449916 0.054253 0.032552
0 0.538752 0.484212 0.058904 0.040690
0 0.543015 0.521996 0.056579 0.039528
0 0.550766 0.558617 0.064329 0.049991
0 0.553866 0.602795 0.053478 0.045340
0 0.563554 0.652786 0.063554 0.049991
0 0.562779 0.699289 0.051153 0.045340
0 0.567817 0.754511 0.072080 0.053478
0 0.580218 0.814965 0.072080 0.051153
0 0.584868 0.873093 0.075180 0.055804
0 0.591068 0.940523 0.073630 0.046503
0 0.676711 0.926572 0.069754 0.053478
0 0.661985 0.865537 0.058904 0.049991
0 0.654235 0.810896 0.062004 0.047666
0 0.641834 0.748698 0.063554 0.048828
0 0.633309 0.697545 0.066654 0.048828
0 0.628658 0.657436 0.049603 0.038365
0 0.617420 0.612677 0.059679 0.048828
0 0.613157 0.568499 0.046503 0.037202
0 0.608119 0.534203 0.056579 0.036040
0 0.602694 0.494094 0.058129 0.041853
0 0.600369 0.456310 0.051928 0.040690
0 0.715076 0.347610 0.042628 0.034877
0 0.716239 0.377837 0.054253 0.030227
0 0.756929 0.480143 0.058129 0.037202
0 0.822808 0.795201 0.065879 0.051153
0 0.872303 0.970517 0.083147 0.057664
0 0.684151 0.979617 0.067245 0.039464
0 0.599977 0.989955 0.086597 0.018788