0 0.569408 0.902217 0.085803 0.061764
0 0.399737 0.630042 0.070742 0.054889
0 0.842088 0.893600 0.083681 0.058568
0 0.566749 0.838444 0.074583 0.054948
0 0.552096 0.631562 0.059227 0.047500
0 0.386083 0.791634 0.085447 0.065143
0 0.401712 0.584919 0.069327 0.049720
0 0.628789 0.631644 0.063134 0.046152
0 0.578559 0.969173 0.087318 0.055964
0 0.758915 0.554398 0.066059 0.042546
0 0.553238 0.587503 0.057274 0.044447
0 0.667967 0.967220 0.083607 0.060013
0 0.852819 0.964792 0.087157 0.063477
0 0.790690 0.633424 0.064931 0.049792
0 0.802912 0.680293 0.081962 0.053424
0 0.562888 0.777542 0.076532 0.053470
0 0.812780 0.727100 0.076957 0.052624
0 0.619937 0.587031 0.057478 0.045286
0 0.757569 0.515684 0.062839 0.044049
0 0.643359 0.782406 0.075590 0.057012
0 0.640868 0.681973 0.054939 0.044922
0 0.833459 0.833822 0.073724 0.049245
0 0.406649 0.544089 0.068750 0.046719
0 0.747259 0.481979 0.064006 0.040651
0 0.604976 0.445156 0.060291 0.040221
0 0.825089 0.775023 0.067461 0.050905
0 0.592053 0.385645 0.052622 0.038229
0 0.561819 0.725736 0.071910 0.050378
0 0.691022 0.238486 0.039388 0.034772
0 0.594449 0.353324 0.053498 0.039499
0 0.397711 0.679850 0.055308 0.048451
0 0.544709 0.546637 0.054523 0.044368
0 0.741578 0.449398 0.064206 0.038210
0 0.643331 0.729043 0.064188 0.050664
0 0.557309 0.678024 0.068342 0.049603
0 0.615846 0.547995 0.059123 0.045534
0 0.404887 0.505469 0.048342 0.041667
0 0.778605 0.591315 0.056740 0.047721
0 0.376341 0.927266 0.091719 0.062578
0 0.660339 0.900557 0.070069 0.061699
0 0.613997 0.510641 0.057543 0.043978
0 0.655883 0.839489 0.069900 0.057441
0 0.395605 0.730153 0.081385 0.061699
0 0.380271 0.857129 0.063242 0.057760
0 0.590809 0.276045 0.038815 0.040983
0 0.612530 0.476572 0.059227 0.040697
0 0.421970 0.727764 0.028802 0.056387