0 0.773645 0.582609 0.069270 0.047225
0 0.781913 0.627789 0.070374 0.046849
0 0.879636 0.959040 0.091861 0.057244
0 0.705402 0.339894 0.051801 0.040386
0 0.301469 0.839847 0.086251 0.056983
0 0.395410 0.614708 0.064041 0.048280
0 0.404864 0.666695 0.070170 0.053089
0 0.605147 0.320119 0.037627 0.037319
0 0.410725 0.893533 0.088151 0.063342
0 0.398890 0.570550 0.050855 0.044272
0 0.600569 0.391076 0.052602 0.042568
0 0.599700 0.292027 0.049332 0.037279
0 0.792825 0.676033 0.063451 0.053921
0 0.844588 0.842140 0.065675 0.050592
0 0.698360 0.286702 0.043986 0.030963
0 0.765856 0.534523 0.055805 0.046337
0 0.751893 0.496780 0.062545 0.044301
0 0.684159 0.263783 0.045679 0.030871
0 0.590812 0.203599 0.048745 0.033201
0 0.854206 0.899327 0.066028 0.048857
0 0.407821 0.960102 0.074642 0.058021
0 0.765504 0.534650 0.054812 0.046114
0 0.411381 0.415367 0.058785 0.036577
0 0.829697 0.787553 0.069343 0.051567
0 0.400637 0.522626 0.064635 0.052996
0 0.685324 0.221316 0.042044 0.030931
0 0.743727 0.463102 0.058280 0.040827
0 0.730113 0.426088 0.054578 0.042480
0 0.584130 0.884938 0.079046 0.057395
0 0.804240 0.721815 0.055929 0.047155
0 0.397756 0.831363 0.077940 0.058442
0 0.732038 0.396348 0.046741 0.044543
0 0.611274 0.449519 0.054561 0.038363
0 0.595740 0.250373 0.041105 0.031365
0 0.405956 0.375367 0.059152 0.041689
0 0.642269 0.647350 0.065569 0.049020
0 0.619996 0.518987 0.064660 0.045942
0 0.548682 0.441775 0.054298 0.035243
0 0.402586 0.487956 0.061282 0.051631
0 0.616935 0.482472 0.056595 0.042568
0 0.402344 0.771685 0.081798 0.057592
0 0.412360 0.452424 0.053419 0.042568
0 0.592231 0.966997 0.080963 0.060096
0 0.586388 0.807367 0.067608 0.053836
0 0.577207 0.755409 0.074286 0.055088
0 0.575538 0.697191 0.065939 0.051332
0 0.565104 0.642102 0.058427 0.046324
0 0.560513 0.597030 0.060931 0.046324
0 0.556340 0.553836 0.057592 0.045072
0 0.556757 0.515650 0.051749 0.038812
0 0.552584 0.479968 0.060096 0.045072
0 0.540481 0.408604 0.054253 0.040064
0 0.542985 0.373548 0.044237 0.037560
0 0.675280 0.967623 0.073451 0.061348
0 0.663595 0.898137 0.058427 0.052584
0 0.664430 0.812375 0.078459 0.061348
0 0.658587 0.756035 0.061765 0.051332
0 0.644815 0.698443 0.060931 0.051332
0 0.635634 0.607046 0.060931 0.046324
0 0.623948 0.563226 0.059261 0.051332
0 0.601412 0.364158 0.040899 0.036308
0 0.602247 0.269005 0.047576 0.033804
0 0.593066 0.223933 0.045907 0.033804
0 0.687383 0.243965 0.045907 0.026292
0 0.699903 0.313452 0.047576 0.032552