0 0.657714 0.844788 0.065259 0.054176
0 0.335392 0.846683 0.067090 0.053998
0 0.320885 0.909209 0.070913 0.057022
0 0.332243 0.785615 0.075614 0.062111
0 0.574368 0.845697 0.071439 0.060755
0 0.648923 0.783672 0.063815 0.050863
0 0.875446 0.973020 0.088368 0.048715
0 0.632374 0.688565 0.072807 0.051326
0 0.628980 0.640457 0.065658 0.053935
0 0.574452 0.791108 0.072315 0.053285
0 0.668455 0.910664 0.060816 0.053349
0 0.824432 0.788358 0.062546 0.051482
0 0.623435 0.595814 0.060065 0.047326
0 0.807760 0.738250 0.064228 0.051187
0 0.618828 0.519282 0.056579 0.045709
0 0.801163 0.688421 0.060900 0.054146
0 0.793016 0.651798 0.074555 0.049587
0 0.790381 0.605443 0.069347 0.048318
0 0.580183 0.906939 0.070871 0.062795
0 0.845874 0.844095 0.083410 0.048569
0 0.851833 0.909665 0.072696 0.054665
0 0.574923 0.738980 0.055411 0.050367
0 0.681526 0.973587 0.062898 0.048306
0 0.578938 0.211907 0.039150 0.035095
0 0.612409 0.480383 0.051754 0.032037
0 0.578895 0.973807 0.087609 0.047492
0 0.776121 0.560680 0.062267 0.044701
0 0.697597 0.267567 0.041880 0.033123
0 0.712826 0.351517 0.044926 0.036550