0 0.809566 0.726527 0.067361 0.051999
0 0.677502 0.968190 0.076827 0.056237
0 0.646534 0.781621 0.064197 0.050013
0 0.796890 0.678395 0.076723 0.047910
0 0.737270 0.450801 0.052691 0.040247
0 0.565154 0.720508 0.059848 0.055182
0 0.399905 0.847021 0.064592 0.055345
0 0.664737 0.901745 0.079301 0.056172
0 0.567912 0.835075 0.073967 0.052923
0 0.855955 0.967721 0.090599 0.056810
0 0.393974 0.784974 0.069744 0.054909
0 0.401450 0.587354 0.065339 0.049017
0 0.393129 0.728454 0.059427 0.052845
0 0.631254 0.627764 0.070877 0.055176
0 0.581194 0.968649 0.087283 0.057858
0 0.633370 0.676712 0.063346 0.052852
0 0.642116 0.728066 0.053728 0.048398
0 0.658338 0.833164 0.064019 0.057708
0 0.845692 0.897523 0.081584 0.065749
0 0.818142 0.777194 0.070938 0.055586
0 0.833691 0.835990 0.073728 0.056016
0 0.533872 0.379570 0.051120 0.044206
0 0.417079 0.378818 0.058872 0.049290
0 0.690688 0.242148 0.041489 0.036576