0 0.571714 0.902552 0.084809 0.059141
0 0.579154 0.968861 0.088568 0.056120
0 0.572214 0.836507 0.075460 0.054434
0 0.568626 0.779401 0.084145 0.060573
0 0.547973 0.547474 0.055347 0.043802
0 0.564154 0.727119 0.061207 0.048783
0 0.651332 0.837230 0.064418 0.056530
0 0.763336 0.555068 0.063971 0.045853
0 0.623802 0.592767 0.069271 0.045794
0 0.395788 0.788890 0.059102 0.055749
0 0.397663 0.582243 0.061602 0.050358
0 0.770267 0.595433 0.066185 0.044069
0 0.734086 0.448031 0.064683 0.041022
0 0.393351 0.726924 0.066502 0.051283
0 0.614625 0.511891 0.057487 0.047585
0 0.672791 0.967139 0.065373 0.055618
0 0.399240 0.626986 0.070503 0.047982
0 0.728563 0.415299 0.057700 0.038568
0 0.388676 0.850072 0.065547 0.051654
0 0.633711 0.679788 0.058872 0.047155
0 0.856263 0.966973 0.084635 0.058477
0 0.624336 0.633447 0.062344 0.049733
0 0.811096 0.776637 0.063268 0.048197
0 0.635584 0.727803 0.068598 0.050658
0 0.401187 0.542259 0.049371 0.043932
0 0.788073 0.677614 0.072708 0.054082
0 0.554572 0.629678 0.061306 0.044251
0 0.660786 0.900527 0.061484 0.049635
0 0.397780 0.673623 0.072565 0.058991
0 0.846317 0.897783 0.072982 0.055462
0 0.799067 0.731110 0.067847 0.052376
0 0.649685 0.783232 0.061879 0.053040
0 0.720488 0.387145 0.055117 0.035749
0 0.600063 0.413268 0.058520 0.044310
0 0.407402 0.472826 0.065864 0.047383
0 0.818492 0.830768 0.069041 0.051211
0 0.750152 0.515869 0.055260 0.042324
0 0.416411 0.376595 0.060095 0.048047
0 0.557984 0.674616 0.069683 0.055703
0 0.408240 0.438743 0.062496 0.043659
0 0.393572 0.912305 0.079974 0.068151
0 0.607860 0.477350 0.059349 0.041198
0 0.595434 0.384368 0.054253 0.038867
0 0.543049 0.474648 0.059084 0.042122
0 0.691187 0.240869 0.038398 0.035684
0 0.586664 0.282539 0.048207 0.035599
0 0.617628 0.550244 0.053390 0.042402
0 0.596521 0.352754 0.054562 0.040208
0 0.577795 0.234111 0.049453 0.033548
0 0.717142 0.361566 0.054805 0.032311
0 0.545601 0.416328 0.042713 0.038125
0 0.708739 0.335791 0.054570 0.036973
0 0.693720 0.284030 0.044913 0.033945
0 0.703364 0.308991 0.048672 0.032526
0 0.403110 0.509811 0.057400 0.040638
0 0.581059 0.257223 0.048741 0.033952
0 0.592181 0.327868 0.051862 0.034746
0 0.545065 0.509967 0.054740 0.043099
0 0.587528 0.304212 0.045395 0.034388