0 0.556380 0.727279 0.075469 0.051667
0 0.401018 0.630218 0.068043 0.054538
0 0.780781 0.631406 0.074245 0.051328
0 0.573583 0.838542 0.073529 0.053398
0 0.562658 0.779769 0.085169 0.061855
0 0.854382 0.963587 0.091662 0.061237
0 0.601317 0.442021 0.057192 0.041595
0 0.729110 0.410280 0.061875 0.041914
0 0.624727 0.631683 0.067899 0.049525
0 0.388390 0.781191 0.071024 0.053451
0 0.691265 0.967292 0.076984 0.056641
0 0.824308 0.777975 0.078086 0.053437
0 0.396070 0.680495 0.065143 0.048698
0 0.640289 0.724326 0.062400 0.047637
0 0.542995 0.629001 0.058333 0.045176
0 0.213539 0.741257 0.039779 0.079036
0 0.796780 0.678512 0.073872 0.052207
0 0.580922 0.959479 0.081654 0.058411
0 0.633730 0.675387 0.059084 0.046986
0 0.738409 0.444665 0.058555 0.042025
0 0.746441 0.478665 0.060321 0.038477
0 0.392880 0.843564 0.081497 0.056608
0 0.754592 0.509831 0.061615 0.043125
0 0.835334 0.834837 0.072734 0.054036
0 0.663526 0.898118 0.058711 0.048685
0 0.543203 0.506270 0.062083 0.042839
0 0.385890 0.727692 0.055825 0.051270
0 0.623240 0.586429 0.065951 0.046556
0 0.647079 0.777373 0.058151 0.047676
0 0.613913 0.509518 0.057235 0.045312
0 0.403136 0.432601 0.064874 0.050801
0 0.616589 0.544427 0.052344 0.043490
0 0.580126 0.897236 0.075174 0.058379
0 0.558077 0.674255 0.068611 0.047728
0 0.848025 0.892594 0.073038 0.058939
0 0.533001 0.406533 0.046037 0.037389
0 0.757400 0.549229 0.061597 0.044616
0 0.654310 0.831364 0.080894 0.063717
0 0.768379 0.584847 0.060430 0.047402
0 0.689757 0.258118 0.053872 0.036432
0 0.542691 0.542747 0.056302 0.045143
0 0.588021 0.279115 0.049158 0.036953
0 0.537641 0.439001 0.055508 0.039290
0 0.719748 0.381566 0.055929 0.035501
0 0.389961 0.919762 0.086389 0.064303
0 0.542498 0.473460 0.057635 0.038236
0 0.805519 0.723311 0.073329 0.053509
0 0.398422 0.541833 0.065161 0.048809
0 0.715380 0.357546 0.055855 0.032005
0 0.595510 0.377669 0.041011 0.036003
0 0.397826 0.471198 0.051797 0.041836
0 0.406089 0.505472 0.060764 0.043978
0 0.590534 0.350885 0.041745 0.037096
0 0.699277 0.307503 0.046089 0.033600
0 0.582070 0.253369 0.049792 0.034655
0 0.587333 0.303141 0.049614 0.039004
0 0.707528 0.330700 0.044223 0.033457
0 0.693811 0.283743 0.045686 0.031901
0 0.587595 0.325322 0.038186 0.033483