0 0.201133 0.759408 0.045538 0.082448
0 0.543726 0.616517 0.065438 0.045898
0 0.383032 0.699255 0.076324 0.053717
0 0.612233 0.586296 0.063346 0.048581
0 0.548637 0.663317 0.071207 0.051100
0 0.382036 0.648337 0.066528 0.047936
0 0.797435 0.678262 0.076554 0.054987
0 0.542131 0.571781 0.061962 0.043053
0 0.577431 0.899928 0.071866 0.061393
0 0.400215 0.588278 0.065551 0.046152
0 0.652476 0.841855 0.069813 0.057865
0 0.570679 0.833398 0.074822 0.055755
0 0.606148 0.546497 0.061576 0.043776
0 0.809902 0.729652 0.073598 0.049941
0 0.836669 0.831855 0.080829 0.059570
0 0.559609 0.724124 0.075859 0.049460
0 0.401725 0.545358 0.061497 0.041602
0 0.844260 0.900794 0.072982 0.058763
0 0.383218 0.947943 0.087513 0.065260
0 0.399635 0.505397 0.047474 0.039570
0 0.642645 0.784382 0.073798 0.055560
0 0.824670 0.776745 0.080868 0.056029
0 0.639468 0.730921 0.062374 0.051087
0 0.410367 0.370355 0.059813 0.044577
0 0.786990 0.634209 0.056567 0.044108
0 0.566098 0.775088 0.065833 0.053574
0 0.401330 0.466829 0.046697 0.039271
0 0.664770 0.915993 0.079991 0.064915
0 0.780373 0.594795 0.069010 0.046634
0 0.579306 0.971569 0.089913 0.053789
0 0.603887 0.507952 0.054622 0.044395
0 0.859056 0.968880 0.077652 0.057135
0 0.763837 0.524710 0.067378 0.046660
0 0.535180 0.531221 0.059935 0.041335
0 0.625727 0.682168 0.065890 0.050391
0 0.399429 0.432021 0.056931 0.039603
0 0.537383 0.461569 0.059983 0.040859
0 0.607815 0.474521 0.058016 0.043900
0 0.743483 0.436904 0.059805 0.041855
0 0.594488 0.351051 0.052543 0.036543
0 0.733309 0.404251 0.050881 0.036471
0 0.717316 0.345397 0.057530 0.035026
0 0.711113 0.315788 0.050221 0.034076
0 0.603327 0.437936 0.056289 0.043776
0 0.701658 0.287816 0.048698 0.036608
0 0.665319 0.980234 0.065898 0.037253
0 0.722389 0.374954 0.054423 0.034661
0 0.595482 0.323659 0.041892 0.037760
0 0.697567 0.258812 0.051480 0.038874