0 0.396571 0.727087 0.077127 0.052233
0 0.814503 0.782796 0.083668 0.054733
0 0.560742 0.724229 0.071181 0.054616
0 0.638003 0.729997 0.061536 0.049212
0 0.643668 0.782507 0.070191 0.050208
0 0.383557 0.913581 0.086723 0.059245
0 0.563082 0.901501 0.084609 0.057780
0 0.628917 0.633724 0.066393 0.050000
0 0.567435 0.778346 0.069392 0.054674
0 0.546478 0.547702 0.060239 0.043385
0 0.202786 0.736855 0.048264 0.103346
0 0.391545 0.847279 0.063125 0.053529
0 0.656115 0.841090 0.083377 0.056569
0 0.559707 0.672839 0.077548 0.054453
0 0.395375 0.786527 0.060655 0.051634
0 0.835749 0.833870 0.086714 0.055124
0 0.550979 0.627601 0.063051 0.048561
0 0.397296 0.507640 0.059149 0.045866
0 0.543181 0.509355 0.058750 0.042174
0 0.401306 0.549193 0.062465 0.045260
0 0.726940 0.416204 0.061085 0.044570
0 0.401395 0.626608 0.063477 0.052552
0 0.843930 0.898294 0.072990 0.050469
0 0.615935 0.551370 0.055621 0.042650
0 0.752333 0.519411 0.063893 0.043092
0 0.652771 0.901891 0.082938 0.059603
0 0.630903 0.680111 0.053385 0.047799
0 0.567526 0.835557 0.069705 0.054993
0 0.787146 0.634632 0.063537 0.050736
0 0.551567 0.587920 0.063394 0.044681
0 0.403663 0.678271 0.053655 0.050111
0 0.808817 0.727005 0.077487 0.048190
0 0.746539 0.482725 0.064761 0.044759
0 0.864060 0.969242 0.083520 0.054928
0 0.402982 0.589222 0.060069 0.046491
0 0.614382 0.514098 0.060256 0.044733
0 0.778713 0.590065 0.072487 0.052044
0 0.796061 0.678411 0.058468 0.048047
0 0.601947 0.476650 0.057556 0.042884
0 0.539056 0.411904 0.054961 0.037285
0 0.538043 0.441849 0.051493 0.037292
0 0.576198 0.970566 0.073056 0.052982
0 0.739093 0.449046 0.056259 0.039316
0 0.766224 0.553314 0.064514 0.043932
0 0.663707 0.972018 0.084280 0.052422
0 0.536296 0.473981 0.052843 0.040553
0 0.621172 0.594388 0.049557 0.039753
0 0.406951 0.377230 0.053459 0.038874
0 0.699418 0.284948 0.048038 0.033698
0 0.404744 0.471305 0.048438 0.042051
0 0.406747 0.441784 0.059006 0.040560
0 0.690061 0.240426 0.048342 0.030645
0 0.603351 0.411263 0.056658 0.044727
0 0.407958 0.407969 0.050048 0.041667
0 0.718748 0.387318 0.048190 0.034674
0 0.540143 0.377979 0.044714 0.039642
0 0.287263 0.741243 0.036558 0.083815
0 0.599501 0.385218 0.053872 0.036960
0 0.602350 0.443724 0.046115 0.037070
0 0.706263 0.310140 0.052613 0.030293
0 0.710247 0.335003 0.052908 0.035618
0 0.716882 0.361178 0.046662 0.037174
0 0.693559 0.262051 0.046701 0.029232
0 0.594312 0.304466 0.050004 0.035586
0 0.583774 0.231732 0.048607 0.035924
0 0.586931 0.351185 0.070823 0.049502
0 0.597337 0.281234 0.048520 0.032025
0 0.588075 0.254974 0.042470 0.030833
0 0.598032 0.329480 0.047302 0.026563