0 0.776151 0.592994 0.066525 0.050641
0 0.786846 0.643622 0.067663 0.046476
0 0.762677 0.546627 0.064617 0.045718
0 0.568132 0.841804 0.073506 0.055555
0 0.624964 0.639734 0.060570 0.055359
0 0.802713 0.686221 0.058103 0.044218
0 0.807800 0.739108 0.067211 0.049296
0 0.744499 0.472813 0.065217 0.043926
0 0.356337 0.650957 0.071377 0.051432
0 0.358547 0.806842 0.073429 0.057029
0 0.641420 0.734792 0.064382 0.050162
0 0.655344 0.847415 0.066599 0.053269
0 0.754203 0.510549 0.062693 0.042754
0 0.723559 0.409053 0.057282 0.039181
0 0.669496 0.905640 0.059535 0.053438
0 0.550129 0.623574 0.061773 0.046065
0 0.356325 0.701890 0.073050 0.051599
0 0.830580 0.789822 0.063333 0.052551
0 0.531451 0.387043 0.044725 0.036116
0 0.584942 0.973046 0.087269 0.048461
0 0.359517 0.753574 0.055083 0.049376
0 0.692722 0.232097 0.039123 0.034911
0 0.713367 0.347792 0.051358 0.039983
0 0.701496 0.296821 0.049862 0.028527
0 0.620418 0.586884 0.058925 0.052215
0 0.651548 0.792025 0.079181 0.051950
0 0.708153 0.321804 0.048077 0.033892
0 0.577535 0.164925 0.031896 0.032880
0 0.550753 0.581009 0.062092 0.047189
0 0.660571 0.195003 0.041901 0.030227
0 0.545987 0.538458 0.064008 0.043401
0 0.634603 0.682259 0.061323 0.045258
0 0.717766 0.377420 0.045026 0.033719
0 0.599112 0.413075 0.053594 0.041096
0 0.567068 0.729783 0.070336 0.051491
0 0.865554 0.972073 0.088537 0.051468
0 0.565939 0.781614 0.056647 0.063355
0 0.611544 0.512328 0.055271 0.040700
0 0.617691 0.548043 0.055138 0.039306
0 0.553462 0.669790 0.061634 0.047161
0 0.737174 0.438256 0.055109 0.038083
0 0.850264 0.842702 0.087399 0.055646
0 0.374582 0.516211 0.063573 0.045036
0 0.407261 0.384501 0.059027 0.045805
0 0.601726 0.443733 0.053689 0.038842
0 0.365456 0.608635 0.051031 0.039722
0 0.370550 0.564906 0.067010 0.046590
0 0.400589 0.435226 0.058720 0.040640
0 0.608685 0.480641 0.053910 0.040993
0 0.400257 0.473708 0.055923 0.043820
0 0.381477 0.879357 0.080128 0.056340
0 0.581380 0.910031 0.077624 0.060096
0 0.671524 0.978478 0.065939 0.041742
0 0.854734 0.909405 0.071782 0.053836