0 0.380358 0.961012 0.084119 0.064316
0 0.580328 0.821478 0.069787 0.051745
0 0.389677 0.755225 0.081011 0.055319
0 0.662784 0.833460 0.075898 0.053704
0 0.856526 0.899984 0.071853 0.050020
0 0.836085 0.831715 0.071372 0.050957
0 0.592305 0.960459 0.084549 0.058665
0 0.742072 0.436576 0.061740 0.040469
0 0.389047 0.651875 0.064666 0.049349
0 0.392257 0.809176 0.061745 0.055241
0 0.379837 0.883656 0.089761 0.063652
0 0.833112 0.768812 0.083038 0.052507
0 0.869104 0.963607 0.066966 0.049909
0 0.389138 0.519818 0.063355 0.044818
0 0.627476 0.613464 0.055221 0.043750
0 0.589720 0.884388 0.077227 0.057461
0 0.780095 0.621087 0.072578 0.045625
0 0.643016 0.708812 0.070547 0.050241
0 0.724416 0.375238 0.056732 0.036452
0 0.537791 0.378437 0.040043 0.036003
0 0.571183 0.753949 0.072808 0.053848
0 0.817888 0.715104 0.066610 0.046055
0 0.398989 0.417005 0.060443 0.039766
0 0.389125 0.563691 0.049909 0.043268
0 0.390215 0.608678 0.067261 0.044766
0 0.650347 0.762480 0.069080 0.051172
0 0.385289 0.697760 0.053728 0.048685
0 0.602721 0.302243 0.049062 0.040801
0 0.560766 0.697835 0.071029 0.048978
0 0.792711 0.666549 0.062478 0.046719
0 0.390135 0.480723 0.066241 0.044909
0 0.752949 0.477705 0.058103 0.039551
0 0.548993 0.552799 0.063438 0.043242
0 0.635911 0.659095 0.064071 0.046315
0 0.760686 0.547747 0.064184 0.043854
0 0.557572 0.639860 0.059570 0.048978
0 0.669282 0.967002 0.060508 0.053327
0 0.607268 0.458805 0.054579 0.038574
0 0.614640 0.533682 0.058385 0.041400
0 0.769829 0.582288 0.066749 0.043431
0 0.544208 0.515225 0.053433 0.040814
0 0.671063 0.895667 0.062387 0.057559
0 0.712962 0.345231 0.042374 0.035983
0 0.598001 0.396631 0.056480 0.037897
0 0.618066 0.571820 0.059839 0.044108
0 0.595182 0.364665 0.050512 0.036973
0 0.535744 0.479671 0.053207 0.038665
0 0.611070 0.492223 0.052721 0.043704
0 0.733952 0.405840 0.046376 0.035690
0 0.542969 0.445833 0.054740 0.040573
0 0.605369 0.426631 0.054175 0.037467
0 0.394581 0.449977 0.045421 0.037467
0 0.757192 0.513669 0.059818 0.039759
0 0.542502 0.413581 0.044518 0.037214
0 0.681895 0.220046 0.038503 0.030573
0 0.602465 0.264368 0.036936 0.034609
0 0.587433 0.198564 0.036992 0.028796
0 0.704531 0.317305 0.044566 0.036081
0 0.698952 0.289518 0.052799 0.036497
0 0.684086 0.244512 0.048173 0.028750
0 0.594297 0.240033 0.045920 0.031745
0 0.593370 0.219014 0.041619 0.028757
0 0.687357 0.266875 0.048828 0.029544