0 0.389130 0.754935 0.082218 0.055443
0 0.379835 0.960853 0.083819 0.063503
0 0.642719 0.708278 0.071350 0.051165
0 0.379776 0.882731 0.089944 0.065111
0 0.388776 0.651589 0.064948 0.049427
0 0.627250 0.612663 0.055560 0.044076
0 0.392190 0.809049 0.062140 0.055117
0 0.835846 0.831123 0.071762 0.053288
0 0.723655 0.374469 0.056519 0.038444
0 0.556916 0.636403 0.059666 0.048678
0 0.580295 0.821813 0.069670 0.055098
0 0.548594 0.552067 0.063134 0.042819
0 0.662984 0.833125 0.076107 0.055495
0 0.560391 0.696413 0.072326 0.050091
0 0.570490 0.752601 0.073776 0.054603
0 0.389872 0.608346 0.068312 0.044076
0 0.649907 0.760091 0.070256 0.050612
0 0.780043 0.619860 0.073160 0.047168
0 0.553607 0.592637 0.049566 0.043424
0 0.385063 0.697129 0.053737 0.048555
0 0.388789 0.563008 0.049314 0.043737
0 0.388615 0.519466 0.063854 0.045404
0 0.792665 0.665387 0.063229 0.046426
0 0.856547 0.899219 0.071176 0.051198
0 0.634980 0.658262 0.064909 0.046068
0 0.543663 0.513125 0.053455 0.042760
0 0.589377 0.884697 0.078424 0.060254
0 0.592144 0.960758 0.084462 0.061569
0 0.613874 0.531475 0.058607 0.040020
0 0.398129 0.416520 0.060477 0.039915
0 0.832986 0.768408 0.083464 0.053704
0 0.542409 0.444268 0.054878 0.039954
0 0.617700 0.568343 0.060295 0.047493
0 0.389659 0.480365 0.066905 0.046029
0 0.537170 0.377692 0.040174 0.035645
0 0.601311 0.262269 0.036762 0.035645
0 0.817107 0.713988 0.067600 0.047155
0 0.743372 0.440384 0.057309 0.037669
0 0.535441 0.478490 0.053277 0.040195
0 0.670501 0.894150 0.065004 0.057480
0 0.594792 0.363421 0.050608 0.036478
0 0.869386 0.963024 0.065638 0.051855
0 0.541476 0.411338 0.045408 0.034837
0 0.609540 0.490697 0.053689 0.044948
0 0.769501 0.581162 0.067934 0.043887
0 0.606606 0.456904 0.054635 0.038900
0 0.602604 0.301849 0.049931 0.040547
0 0.669004 0.965680 0.060482 0.053665
0 0.760250 0.546914 0.064353 0.043529
0 0.752797 0.477529 0.058138 0.040540
0 0.394284 0.449300 0.046137 0.036999
0 0.597263 0.395654 0.056393 0.038001
0 0.756604 0.513353 0.060907 0.040625
0 0.604416 0.425713 0.055187 0.039368
0 0.680734 0.219255 0.038785 0.030749
0 0.712474 0.343932 0.042682 0.036445
0 0.698132 0.288630 0.051975 0.037233
0 0.703392 0.316279 0.044605 0.036504
0 0.683197 0.243936 0.048138 0.028704
0 0.686380 0.266445 0.049453 0.029544