0 0.791330 0.678708 0.078919 0.048991
0 0.833468 0.836344 0.078689 0.054316
0 0.724789 0.386383 0.053754 0.036842
0 0.584911 0.970540 0.082105 0.053034
0 0.857771 0.965446 0.088086 0.060371
0 0.845495 0.894593 0.073238 0.055020
0 0.562092 0.782188 0.069531 0.054336
0 0.768592 0.552799 0.059666 0.045898
0 0.746905 0.515361 0.063941 0.045098
0 0.569375 0.836888 0.081007 0.055313
0 0.548874 0.546393 0.063798 0.043255
0 0.734750 0.418473 0.058511 0.037845
0 0.624275 0.551540 0.062300 0.045306
0 0.628841 0.632367 0.061137 0.047728
0 0.810553 0.724323 0.062843 0.046849
0 0.391285 0.721745 0.071510 0.056549
0 0.578479 0.899932 0.073989 0.058535
0 0.390111 0.846683 0.085933 0.059303
0 0.636942 0.727998 0.056454 0.049277
0 0.642296 0.783473 0.073524 0.053874
0 0.405341 0.505511 0.061298 0.044668
0 0.636100 0.678063 0.060638 0.050072
0 0.552463 0.584079 0.063641 0.050488
0 0.664583 0.900485 0.075764 0.062064
0 0.623266 0.590176 0.058199 0.045977
0 0.768806 0.594163 0.070443 0.044889
0 0.668242 0.974808 0.063628 0.045371
0 0.539679 0.507900 0.060408 0.044772
0 0.599727 0.414792 0.060755 0.042591
0 0.395104 0.630771 0.071901 0.054863
0 0.822077 0.778851 0.063867 0.047415
0 0.390061 0.776992 0.080295 0.064883
0 0.554099 0.628447 0.059709 0.047936
0 0.739572 0.450921 0.052635 0.036960
0 0.397724 0.674518 0.072192 0.054102
0 0.787745 0.629557 0.076957 0.048646
0 0.405985 0.583118 0.064983 0.053242
0 0.536220 0.473503 0.050668 0.039857
0 0.608030 0.479521 0.058837 0.045605
0 0.558490 0.675612 0.073255 0.050677
0 0.740992 0.478740 0.057912 0.039785
0 0.405076 0.544499 0.063025 0.045820
0 0.530202 0.376875 0.056610 0.041458
0 0.594327 0.380781 0.056189 0.041667
0 0.561799 0.724323 0.078043 0.057031
0 0.535308 0.441878 0.052786 0.038236
0 0.712491 0.331719 0.051580 0.035560
0 0.408997 0.419453 0.043507 0.041471
0 0.717420 0.359401 0.053016 0.035521
0 0.701461 0.306676 0.051124 0.032624
0 0.603181 0.444655 0.056007 0.038945
0 0.654058 0.835745 0.061658 0.053809
0 0.583431 0.279059 0.041558 0.034603
0 0.409659 0.471283 0.048720 0.040182
0 0.696061 0.263577 0.052279 0.035085
0 0.696042 0.283942 0.051510 0.031283
0 0.527784 0.407559 0.045725 0.039753
0 0.592316 0.351839 0.043997 0.036960
0 0.593665 0.326755 0.043485 0.037611