0 0.557593 0.723424 0.075951 0.051328
0 0.643969 0.726286 0.078129 0.054811
0 0.598605 0.411390 0.055916 0.042181
0 0.401489 0.631644 0.067734 0.051738
0 0.399581 0.725114 0.055838 0.045605
0 0.570085 0.840641 0.073911 0.056816
0 0.549792 0.546715 0.050877 0.041764
0 0.768353 0.590579 0.071463 0.046263
0 0.581855 0.970260 0.087218 0.053880
0 0.611317 0.510404 0.056714 0.046849
0 0.742348 0.478262 0.066319 0.045326
0 0.556432 0.674089 0.063854 0.050130
0 0.645779 0.782048 0.070482 0.055423
0 0.549269 0.587165 0.055707 0.046582
0 0.728003 0.418457 0.055625 0.037773
0 0.761484 0.548880 0.069635 0.046589
0 0.388329 0.781888 0.055651 0.051758
0 0.657522 0.843392 0.073533 0.054596
0 0.402107 0.544762 0.060291 0.049577
0 0.537248 0.475293 0.053481 0.038503
0 0.782105 0.632012 0.068212 0.051576
0 0.625241 0.630820 0.068225 0.047786
0 0.715992 0.358457 0.052843 0.038893
0 0.805115 0.722852 0.067148 0.050977
0 0.621960 0.587253 0.066011 0.048385
0 0.613570 0.546706 0.054214 0.041341
0 0.845362 0.897288 0.074553 0.056934
0 0.830690 0.835801 0.074054 0.054661
0 0.824757 0.775804 0.081510 0.056426
0 0.859811 0.967116 0.076003 0.056966
0 0.577190 0.898079 0.069475 0.058099
0 0.630990 0.677695 0.052969 0.047656
0 0.754794 0.515062 0.054405 0.038132
0 0.664674 0.904352 0.064236 0.052454
0 0.562578 0.778278 0.074071 0.054225
0 0.801684 0.677887 0.062135 0.050137
0 0.540534 0.509118 0.055122 0.044290
0 0.603255 0.446224 0.056910 0.041211
0 0.725397 0.389062 0.057062 0.035404
0 0.667750 0.974121 0.063511 0.046602
0 0.389855 0.837650 0.082904 0.065729
0 0.415519 0.378558 0.059266 0.044525
0 0.539310 0.442757 0.055434 0.039043
0 0.386508 0.912301 0.089510 0.064655
0 0.593455 0.381891 0.054470 0.036582
0 0.400219 0.438174 0.056940 0.045228
0 0.594972 0.328822 0.047010 0.033047
0 0.400718 0.505417 0.062244 0.046133
0 0.737587 0.444860 0.049696 0.037585
0 0.705597 0.332090 0.056549 0.036471
0 0.594690 0.352992 0.053034 0.038066
0 0.603481 0.474818 0.056641 0.043346
0 0.397667 0.471309 0.061359 0.041966
0 0.690334 0.239583 0.039418 0.036094
0 0.701417 0.308376 0.049796 0.032702
0 0.404028 0.406611 0.046111 0.036543
0 0.696454 0.282809 0.045642 0.034616
0 0.585716 0.254932 0.044002 0.032650
0 0.591226 0.301670 0.043199 0.036608
0 0.587153 0.279495 0.046988 0.032572