0 0.388611 0.851571 0.065172 0.059344
0 0.632627 0.687514 0.070575 0.060624
0 0.571987 0.848715 0.072425 0.064749
0 0.662408 0.913081 0.072880 0.057418
0 0.647395 0.788685 0.065787 0.061152
0 0.378281 0.792733 0.067219 0.052584
0 0.636132 0.736629 0.069130 0.056948
0 0.589705 0.178700 0.034266 0.039135
0 0.595458 0.974038 0.080344 0.046815
0 0.845203 0.848292 0.084436 0.057122
0 0.818631 0.747301 0.061776 0.058997
0 0.858638 0.912341 0.084596 0.061736
0 0.632981 0.639222 0.049407 0.043700
0 0.573614 0.903242 0.077900 0.058121
0 0.676669 0.975764 0.078519 0.044508
0 0.866002 0.973883 0.075955 0.048828