0 0.831025 0.791538 0.074071 0.050998
0 0.637533 0.738722 0.060387 0.047157
0 0.586278 0.192633 0.037781 0.038812
0 0.625517 0.640216 0.066401 0.046159
0 0.777726 0.589944 0.073479 0.052142
0 0.648015 0.792085 0.064969 0.048557
0 0.630927 0.687152 0.065725 0.048178
0 0.399538 0.785668 0.060478 0.051942
0 0.400207 0.733288 0.057501 0.047285
0 0.612399 0.554716 0.059300 0.044565
0 0.788896 0.633640 0.065305 0.053232
0 0.769745 0.545264 0.068737 0.047191
0 0.566136 0.728198 0.058032 0.051918
0 0.525394 0.402966 0.055273 0.038295
0 0.608595 0.515205 0.058471 0.044661
0 0.700926 0.311595 0.053878 0.036352
0 0.543559 0.588306 0.070425 0.048748
0 0.607608 0.286863 0.043531 0.033146
0 0.616029 0.592408 0.060190 0.048429
0 0.385630 0.843118 0.078978 0.055157
0 0.604333 0.478683 0.056342 0.042910
0 0.664228 0.851655 0.077883 0.055605
0 0.754381 0.506873 0.069216 0.046886
0 0.575541 0.779245 0.063992 0.050999
0 0.694759 0.261177 0.052856 0.035674
0 0.537541 0.436458 0.058236 0.037510
0 0.719826 0.360483 0.059042 0.036145
0 0.742418 0.464859 0.057486 0.040233
0 0.801514 0.687008 0.073848 0.054169
0 0.401240 0.390655 0.057889 0.045913
0 0.552523 0.629067 0.063312 0.047355
0 0.605318 0.412826 0.056006 0.040812
0 0.555815 0.673273 0.062235 0.045698
0 0.846341 0.843437 0.061673 0.059321
0 0.727062 0.393094 0.047552 0.037852
0 0.587109 0.847467 0.074370 0.049919
0 0.398267 0.553455 0.069292 0.048584
0 0.670896 0.911219 0.066614 0.054287
0 0.395618 0.507537 0.064952 0.046716
0 0.857296 0.905846 0.073566 0.052191
0 0.813805 0.734030 0.058724 0.061181
0 0.397631 0.633478 0.066401 0.046334
0 0.390283 0.682043 0.071529 0.049543
0 0.396683 0.591299 0.050760 0.039697
0 0.587640 0.379808 0.055088 0.037560
0 0.543403 0.509390 0.060096 0.043820
0 0.597821 0.441688 0.044744 0.038624
0 0.730802 0.429120 0.055956 0.041601
0 0.539655 0.542534 0.050898 0.042501
0 0.601703 0.352556 0.043657 0.039479
0 0.539850 0.473824 0.050508 0.039831
0 0.396333 0.473573 0.063259 0.035840
0 0.395666 0.436148 0.048411 0.040064
0 0.390658 0.911283 0.078459 0.066356
0 0.588058 0.915039 0.070947 0.053836
0 0.689887 0.976287 0.080963 0.046124
0 0.602664 0.313452 0.040064 0.035056
0 0.594318 0.223307 0.041733 0.037560
0 0.697817 0.287159 0.053419 0.030048
0 0.880609 0.975035 0.075120 0.048628