0 0.383008 0.677522 0.072462 0.063155
0 0.640521 0.734450 0.070381 0.054419
0 0.389529 0.733994 0.065808 0.053391
0 0.649995 0.790960 0.079611 0.060778
0 0.386570 0.635581 0.066741 0.052138
0 0.572611 0.844046 0.073061 0.054396
0 0.389749 0.786861 0.056438 0.050603
0 0.776735 0.601863 0.073216 0.048182
0 0.659426 0.847571 0.067025 0.052241
0 0.807966 0.745584 0.073503 0.050464
0 0.828030 0.794080 0.070543 0.055479
0 0.569056 0.785571 0.064030 0.059568
0 0.748060 0.492531 0.064931 0.044609
0 0.558925 0.640771 0.065708 0.051229
0 0.564132 0.734058 0.068456 0.050391
0 0.788550 0.647515 0.072017 0.048639
0 0.634633 0.686961 0.064841 0.050451
0 0.395862 0.546191 0.065372 0.045530
0 0.634065 0.643914 0.059575 0.049485
0 0.666766 0.913417 0.062194 0.052413
0 0.548827 0.516501 0.060900 0.042972
0 0.622360 0.599923 0.060150 0.048873
0 0.389582 0.848040 0.082686 0.061828
0 0.764277 0.564448 0.066403 0.047709
0 0.732769 0.424755 0.059045 0.039023
0 0.754545 0.527681 0.061524 0.040092
0 0.739267 0.455006 0.059604 0.044308
0 0.551140 0.555687 0.059937 0.050169
0 0.541096 0.479166 0.057099 0.042941
0 0.385790 0.587624 0.071527 0.060348
0 0.594543 0.265153 0.036059 0.035060
0 0.554471 0.594687 0.048484 0.045337
0 0.558103 0.684689 0.054395 0.045659
0 0.621321 0.558078 0.064887 0.049223
0 0.796959 0.694206 0.069468 0.053117
0 0.593836 0.334098 0.049118 0.043843
0 0.611777 0.452010 0.054891 0.040092
0 0.584808 0.973690 0.087969 0.048086
0 0.581135 0.202196 0.033768 0.037951
0 0.614839 0.516449 0.057161 0.041853
0 0.833091 0.846393 0.068008 0.056969
0 0.610487 0.487957 0.052796 0.044118
0 0.403397 0.477701 0.058838 0.040580
0 0.547886 0.443906 0.049792 0.036412
0 0.580490 0.906749 0.073801 0.055818
0 0.726513 0.393840 0.051115 0.040584
0 0.603692 0.389020 0.046546 0.037199
0 0.605593 0.419862 0.048994 0.037303
0 0.690368 0.250097 0.040638 0.038969
0 0.398162 0.511414 0.048449 0.038044
0 0.854171 0.910872 0.071239 0.048005
0 0.710707 0.344298 0.056017 0.039158
0 0.708981 0.318598 0.054460 0.034780
0 0.598304 0.361103 0.050482 0.037071
0 0.406626 0.446798 0.057460 0.038339
0 0.675060 0.981112 0.065481 0.034634
0 0.868506 0.978891 0.084302 0.038812
0 0.722857 0.369166 0.048411 0.023788