0 0.637374 0.689934 0.072524 0.049502
0 0.769436 0.565476 0.067011 0.044922
0 0.749631 0.486308 0.061896 0.042168
0 0.652569 0.789729 0.065174 0.053627
0 0.560806 0.679837 0.065590 0.054252
0 0.570717 0.787815 0.072448 0.053539
0 0.626517 0.601362 0.058350 0.047125
0 0.630227 0.642962 0.068507 0.054346
0 0.715628 0.317664 0.054342 0.040330
0 0.656547 0.843679 0.058352 0.048530
0 0.578542 0.845141 0.061992 0.055691
0 0.759156 0.524381 0.060036 0.047321
0 0.820098 0.794688 0.068009 0.053034
0 0.566652 0.728451 0.072189 0.048464
0 0.603193 0.418440 0.047441 0.041260
0 0.706951 0.287345 0.052512 0.036733
0 0.793944 0.685743 0.070027 0.043426
0 0.618775 0.557611 0.052132 0.047979
0 0.557597 0.630441 0.062472 0.046426
0 0.731930 0.393259 0.057557 0.036431
0 0.740450 0.454411 0.061263 0.046008
0 0.578923 0.902017 0.072965 0.050023
0 0.692345 0.251396 0.044224 0.039811
0 0.645318 0.735053 0.056399 0.050441
0 0.736087 0.425288 0.057773 0.039956
0 0.590862 0.357208 0.049629 0.039146
0 0.713204 0.357537 0.044636 0.035949
0 0.411551 0.636509 0.049603 0.043015
0 0.576415 0.972622 0.089027 0.049837
0 0.843508 0.852825 0.073646 0.065090
0 0.600600 0.453325 0.052624 0.038691
0 0.865985 0.974965 0.084240 0.044839
0 0.842829 0.909490 0.075422 0.064323
0 0.406901 0.687663 0.068204 0.047666
0 0.401088 0.852748 0.067429 0.049991
0 0.663686 0.916764 0.056290 0.052463
0 0.594076 0.388300 0.042628 0.034877
0 0.545522 0.519001 0.060969 0.047375
0 0.601986 0.490699 0.054532 0.039155
0 0.663322 0.980763 0.065428 0.037171
0 0.396239 0.916556 0.080911 0.060636