0 0.586518 0.853648 0.072827 0.055708
0 0.659289 0.859372 0.056010 0.048615
0 0.653319 0.699382 0.068553 0.051326
0 0.654659 0.746663 0.056951 0.056531
0 0.576136 0.743507 0.077862 0.055996
0 0.656303 0.798090 0.076209 0.054457
0 0.846047 0.855361 0.068147 0.051437
0 0.666928 0.923581 0.064003 0.054734
0 0.829304 0.795524 0.076827 0.058373
0 0.516095 0.390863 0.052722 0.042186
0 0.577172 0.789716 0.062468 0.057923
0 0.801228 0.695186 0.060365 0.052013
0 0.862292 0.923235 0.073213 0.057382
0 0.790287 0.649145 0.068372 0.053205
0 0.578604 0.924300 0.080411 0.062567
0 0.625030 0.525418 0.062854 0.042217
0 0.398455 0.421221 0.059527 0.047771
0 0.650533 0.651510 0.052783 0.043256
0 0.629185 0.566209 0.060872 0.041149
0 0.810162 0.742992 0.072356 0.050562
0 0.637427 0.608174 0.054265 0.046603
0 0.622712 0.486498 0.059487 0.042592
0 0.778969 0.605154 0.068600 0.050953
0 0.394700 0.848078 0.078012 0.052488
0 0.761663 0.522534 0.058856 0.045262
0 0.602144 0.333560 0.048941 0.037882
0 0.774642 0.562018 0.054361 0.044792
0 0.718683 0.315330 0.043403 0.041316