0 0.649983 0.777799 0.074566 0.055352
0 0.578236 0.833366 0.071662 0.056107
0 0.648305 0.725954 0.064588 0.050397
0 0.780872 0.588128 0.072231 0.049160
0 0.790247 0.634668 0.072448 0.051185
0 0.657049 0.836647 0.063793 0.051953
0 0.372114 0.769932 0.077300 0.061478
0 0.355441 0.975316 0.085048 0.044434
0 0.633518 0.575420 0.061567 0.044303
0 0.578236 0.971992 0.088034 0.049414
0 0.765506 0.547611 0.065039 0.045716
0 0.585660 0.285114 0.047925 0.035007
0 0.363939 0.830413 0.076984 0.061816
0 0.567882 0.669329 0.068967 0.049557
0 0.373520 0.712311 0.075217 0.058893
0 0.642031 0.672806 0.071589 0.049792
0 0.850892 0.901566 0.070013 0.053197
0 0.572090 0.774863 0.072027 0.052552
0 0.663548 0.895622 0.060942 0.050684
0 0.733283 0.435456 0.062348 0.045716
0 0.794768 0.680456 0.070560 0.049661
0 0.573353 0.720199 0.067635 0.054303
0 0.568340 0.622113 0.059753 0.046634
0 0.377643 0.624447 0.069323 0.049596
0 0.835601 0.832412 0.070664 0.052038
0 0.588474 0.895270 0.090265 0.067715
0 0.365026 0.912240 0.075920 0.058333
0 0.236111 0.699993 0.062413 0.049401
0 0.875009 0.967441 0.090668 0.058125
0 0.385872 0.542262 0.068247 0.046986
0 0.563607 0.577946 0.048767 0.043314
0 0.402884 0.387074 0.058398 0.044147
0 0.556888 0.537178 0.055920 0.042663
0 0.809243 0.727695 0.064510 0.053281
0 0.715536 0.369782 0.054371 0.041647
0 0.743194 0.473174 0.048090 0.046764
0 0.671354 0.968835 0.085009 0.057891
0 0.812826 0.777607 0.060069 0.047181
0 0.574275 0.219329 0.042196 0.033815
0 0.375553 0.665036 0.056610 0.048132
0 0.549136 0.428057 0.043898 0.040827
0 0.378772 0.578086 0.051979 0.046445
0 0.549727 0.499450 0.064540 0.043730
0 0.720896 0.403053 0.051523 0.036888
0 0.703696 0.344850 0.051107 0.033945
0 0.547739 0.465010 0.053967 0.038926
0 0.593138 0.333252 0.055313 0.046204
0 0.616330 0.493861 0.055022 0.047826
0 0.608442 0.459766 0.057543 0.042461
0 0.700545 0.319587 0.053537 0.033145
0 0.688162 0.266429 0.051072 0.035345
0 0.605964 0.426589 0.052118 0.037747
0 0.682114 0.244382 0.048333 0.033073
0 0.598689 0.366865 0.050946 0.041087
0 0.691354 0.293460 0.043672 0.034538
0 0.604473 0.396895 0.045959 0.038359