0 0.653282 0.738758 0.060313 0.050147
0 0.741306 0.451096 0.061882 0.037390
0 0.655837 0.821529 0.076451 0.056816
0 0.371044 0.745393 0.080963 0.055088
0 0.372562 0.633970 0.072325 0.048201
0 0.734083 0.416247 0.054982 0.039393
0 0.575585 0.736255 0.066294 0.050717
0 0.683020 0.209331 0.048547 0.034408
0 0.730786 0.384190 0.057592 0.043820
0 0.377926 0.592348 0.058589 0.043798
0 0.571318 0.819901 0.076429 0.056100
0 0.750554 0.491497 0.058733 0.042047
0 0.367962 0.684044 0.070632 0.053574
0 0.588677 0.953094 0.080532 0.062863
0 0.570587 0.887554 0.077740 0.058727
0 0.603178 0.324810 0.047921 0.034609
0 0.397942 0.378112 0.057158 0.043010
0 0.601066 0.272924 0.049938 0.033479
0 0.383693 0.550122 0.067350 0.047660
0 0.631470 0.552817 0.059819 0.040953
0 0.640196 0.595834 0.062820 0.046748
0 0.692563 0.240270 0.039821 0.030339
0 0.698721 0.283720 0.056898 0.036926
0 0.402069 0.416405 0.054488 0.039106
0 0.623366 0.514763 0.055330 0.042423
0 0.547697 0.404025 0.052213 0.036593
0 0.719518 0.332858 0.063435 0.041316
0 0.641811 0.686124 0.059054 0.047479
0 0.391861 0.448512 0.054737 0.034364
0 0.838652 0.792193 0.065519 0.048370
0 0.370387 0.810992 0.062956 0.054098
0 0.605460 0.305159 0.048686 0.029985
0 0.366022 0.873579 0.061657 0.053022
0 0.700514 0.263949 0.042584 0.028139
0 0.724086 0.361924 0.048676 0.033784
0 0.780866 0.598126 0.061632 0.044436
0 0.709154 0.305311 0.039091 0.028801
0 0.556255 0.506251 0.054228 0.041037
0 0.652503 0.883910 0.070595 0.055998
0 0.384417 0.482579 0.055961 0.039850
0 0.607828 0.356106 0.050853 0.033147
0 0.364558 0.931466 0.073027 0.056677
0 0.603082 0.252729 0.042568 0.038812
0 0.594259 0.229599 0.044955 0.037497
0 0.562590 0.543281 0.057923 0.041084
0 0.569861 0.678881 0.057924 0.050392
0 0.387737 0.517528 0.050915 0.042568
0 0.230819 0.659004 0.065939 0.155248
0 0.667768 0.966371 0.061765 0.056340
0 0.567608 0.638346 0.068443 0.046324
0 0.567191 0.583884 0.049245 0.045072
0 0.639390 0.645232 0.056757 0.047576
0 0.550080 0.470578 0.050080 0.038812
0 0.549663 0.436774 0.057592 0.038812
0 0.616854 0.481846 0.061765 0.041316
0 0.613098 0.446164 0.055923 0.040064
0 0.608507 0.412360 0.053419 0.040064
0 0.610594 0.384816 0.055923 0.037560
0 0.596822 0.203275 0.046741 0.032552
0 0.591396 0.185747 0.049245 0.030048
0 0.841797 0.856821 0.072616 0.052584
0 0.820095 0.744767 0.062600 0.048828
0 0.797977 0.694686 0.061765 0.048828
0 0.795055 0.648362 0.059261 0.051332
0 0.771685 0.559470 0.064269 0.043820
0 0.762921 0.523162 0.050080 0.041316