0 0.725096 0.548056 0.061721 0.055549
0 0.378205 0.791843 0.067496 0.057486
0 0.565457 0.791301 0.078349 0.054880
0 0.632741 0.683458 0.069296 0.053257
0 0.387342 0.850393 0.064664 0.058731
0 0.636115 0.733929 0.067993 0.051145
0 0.556091 0.681712 0.067242 0.050852
0 0.749543 0.493413 0.063400 0.044472
0 0.799744 0.690445 0.072714 0.059440
0 0.612356 0.477021 0.061117 0.038446
0 0.646688 0.787476 0.062267 0.056051
0 0.554495 0.735543 0.059020 0.054836
0 0.816148 0.741515 0.062403 0.052169
0 0.795674 0.644486 0.059165 0.049060
0 0.622602 0.596217 0.061473 0.051306
0 0.632587 0.636794 0.049436 0.044745
0 0.589099 0.175328 0.033726 0.035325
0 0.662535 0.909704 0.071985 0.053463
0 0.389406 0.675771 0.067608 0.049099
0 0.620752 0.554634 0.058786 0.047954
0 0.574545 0.843567 0.075639 0.054053
0 0.845830 0.846978 0.082352 0.057247
0 0.594433 0.972963 0.081606 0.050449
0 0.853813 0.914037 0.078285 0.060849
0 0.386485 0.729743 0.075120 0.056340
0 0.575538 0.907527 0.080963 0.058844
0 0.682375 0.974509 0.075955 0.045072
0 0.614767 0.515650 0.069278 0.043820
0 0.866420 0.974409 0.076790 0.049880
0 0.399148 0.418004 0.059857 0.042929
0 0.381240 0.918291 0.084284 0.064042