0 0.810143 0.775641 0.062179 0.047402
0 0.571324 0.902188 0.085477 0.061862
0 0.764609 0.552747 0.067561 0.046484
0 0.568327 0.779199 0.084371 0.061693
0 0.855330 0.964577 0.084384 0.060846
0 0.578140 0.967334 0.089084 0.059590
0 0.799527 0.729323 0.070217 0.049089
0 0.395295 0.788021 0.059479 0.057760
0 0.844703 0.895111 0.072270 0.056602
0 0.771927 0.593929 0.071684 0.043939
0 0.734792 0.446872 0.067865 0.040241
0 0.571565 0.835677 0.074813 0.058542
0 0.397806 0.581660 0.062027 0.047708
0 0.623848 0.591823 0.070430 0.046250
0 0.750872 0.515150 0.057153 0.042383
0 0.389188 0.849134 0.067066 0.054440
0 0.786927 0.632204 0.074905 0.048796
0 0.393628 0.727503 0.068160 0.054850
0 0.651443 0.836250 0.066471 0.059687
0 0.819425 0.829245 0.072122 0.048424
0 0.741847 0.482197 0.065777 0.041400
0 0.648872 0.781162 0.064783 0.053027
0 0.394722 0.909710 0.079375 0.068926
0 0.400449 0.626325 0.069162 0.049342
0 0.660907 0.898229 0.064167 0.053060
0 0.637949 0.727721 0.073720 0.052070
0 0.547726 0.548509 0.056641 0.042799
0 0.633032 0.679076 0.062834 0.048333
0 0.723624 0.386458 0.054714 0.035573
0 0.624898 0.634232 0.066063 0.049010
0 0.620095 0.549440 0.060981 0.044427
0 0.562559 0.727415 0.063720 0.048711
0 0.790805 0.677311 0.078928 0.052266
0 0.550098 0.591198 0.066385 0.045664
0 0.677077 0.964834 0.077600 0.059967
0 0.728743 0.414463 0.058780 0.036803
0 0.398262 0.672897 0.074431 0.057109
0 0.542387 0.475098 0.056988 0.040482
0 0.414262 0.366136 0.042812 0.042663
0 0.594729 0.383643 0.053268 0.038717
0 0.553947 0.632897 0.059023 0.046341
0 0.614766 0.512539 0.058793 0.044805
0 0.545462 0.415186 0.044128 0.039382
0 0.599757 0.412451 0.058507 0.042090
0 0.709049 0.330505 0.058108 0.043444
0 0.554978 0.678809 0.055321 0.048151
0 0.693362 0.286510 0.045082 0.035964
0 0.544766 0.510296 0.056415 0.041738
0 0.609497 0.478512 0.063611 0.040931
0 0.681408 0.217113 0.047218 0.037949
0 0.718746 0.359792 0.057127 0.032682
0 0.606654 0.445508 0.058125 0.041393
0 0.693592 0.261536 0.042600 0.027565
0 0.690731 0.239847 0.039518 0.028600