0 0.811696 0.741809 0.075156 0.048944
0 0.775106 0.601497 0.074137 0.046986
0 0.637172 0.688319 0.073320 0.050630
0 0.791224 0.642702 0.065440 0.049229
0 0.748108 0.489962 0.063457 0.048593
0 0.404612 0.730408 0.075791 0.057202
0 0.651887 0.786576 0.065095 0.047593
0 0.404818 0.786043 0.059061 0.057509
0 0.629913 0.642307 0.065696 0.049238
0 0.768550 0.565221 0.069686 0.044839
0 0.821167 0.791390 0.069320 0.054927
0 0.656776 0.845123 0.058434 0.050200
0 0.408708 0.681160 0.068615 0.051674
0 0.759043 0.522630 0.060688 0.044885
0 0.795404 0.684714 0.073065 0.047656
0 0.569730 0.787717 0.070687 0.052787
0 0.841797 0.845553 0.074286 0.060096
0 0.624020 0.599065 0.060109 0.049079
0 0.410608 0.632079 0.051890 0.048469
0 0.579229 0.902624 0.075043 0.050900
0 0.615009 0.560356 0.059777 0.054891
0 0.578746 0.844189 0.062583 0.052994
0 0.739993 0.454982 0.061967 0.049040
0 0.560510 0.679965 0.065600 0.054958
0 0.731500 0.393846 0.058991 0.038438
0 0.605536 0.417613 0.052004 0.045946
0 0.662094 0.978805 0.065569 0.037412
0 0.409512 0.595616 0.059912 0.044869
0 0.734228 0.425602 0.054382 0.036690
0 0.661482 0.914706 0.058790 0.050509
0 0.645515 0.733129 0.055460 0.047711
0 0.556790 0.630529 0.062832 0.046860
0 0.864912 0.974819 0.083191 0.045184
0 0.689713 0.250405 0.042632 0.038638
0 0.842503 0.905351 0.074876 0.056833
0 0.611849 0.515771 0.055084 0.043465
0 0.575699 0.168130 0.040445 0.033482
0 0.600917 0.481670 0.054872 0.039652
0 0.594725 0.449913 0.047073 0.033981
0 0.566356 0.732873 0.072616 0.050080
0 0.555505 0.589518 0.057592 0.043820
0 0.715409 0.360820 0.043421 0.034155