0 0.401270 0.632168 0.068181 0.051185
0 0.402352 0.545124 0.060113 0.047435
0 0.399429 0.725674 0.056011 0.046478
0 0.798403 0.678037 0.064080 0.049967
0 0.557489 0.682920 0.067157 0.051191
0 0.569690 0.841012 0.074232 0.056191
0 0.804568 0.723278 0.066515 0.053353
0 0.744303 0.478919 0.067331 0.046406
0 0.824627 0.775527 0.081632 0.055508
0 0.581109 0.970205 0.089041 0.055059
0 0.613754 0.548451 0.053108 0.040560
0 0.645864 0.782474 0.069592 0.055326
0 0.644193 0.724023 0.057231 0.054076
0 0.845328 0.897829 0.075386 0.058223
0 0.755816 0.518594 0.057326 0.044219
0 0.781990 0.633870 0.067947 0.048535
0 0.622335 0.591090 0.064696 0.051283
0 0.860189 0.966257 0.076923 0.057682
0 0.831643 0.835296 0.074562 0.057962
0 0.563748 0.778929 0.075126 0.056087
0 0.574729 0.899661 0.074466 0.065052
0 0.388798 0.839938 0.085998 0.063913
0 0.665983 0.974710 0.066046 0.045410
0 0.697142 0.287676 0.047522 0.041589
0 0.691159 0.241644 0.039939 0.036426
0 0.560467 0.733161 0.068980 0.049030