0 0.823252 0.790631 0.083392 0.056944
0 0.565767 0.789986 0.078566 0.056334
0 0.389784 0.549496 0.063880 0.044600
0 0.632792 0.682352 0.069669 0.052331
0 0.378287 0.788996 0.068303 0.053194
0 0.391965 0.674485 0.070797 0.054448
0 0.553926 0.733040 0.057681 0.050772
0 0.386485 0.726254 0.073997 0.058731
0 0.768991 0.562293 0.063998 0.042225
0 0.555332 0.677298 0.066643 0.045959
0 0.619485 0.443039 0.056296 0.044994
0 0.647164 0.786728 0.064209 0.061558
0 0.818201 0.739829 0.062787 0.052004
0 0.778376 0.602568 0.067191 0.051587
0 0.572578 0.844194 0.073023 0.058376
0 0.622867 0.595376 0.064304 0.055511
0 0.635685 0.731595 0.068487 0.049216
0 0.843420 0.846267 0.087387 0.061024
0 0.660558 0.906585 0.070086 0.051741
0 0.589110 0.174226 0.034151 0.035594
0 0.655049 0.843389 0.082689 0.051005
0 0.797026 0.694228 0.068674 0.050416
0 0.391138 0.627140 0.055799 0.046447
0 0.635067 0.636992 0.054390 0.048053
0 0.552054 0.546958 0.065302 0.045834
0 0.613030 0.476320 0.061073 0.039172
0 0.614772 0.511185 0.067598 0.042402
0 0.713258 0.364784 0.059261 0.040064
0 0.395921 0.446508 0.044526 0.044038
0 0.554091 0.587495 0.062835 0.047183
0 0.386419 0.591074 0.051866 0.049423
0 0.556743 0.630180 0.061694 0.050201
0 0.603916 0.402344 0.054253 0.047576
0 0.621280 0.553919 0.060233 0.048503
0 0.387997 0.913481 0.085451 0.068249
0 0.749754 0.494103 0.064729 0.043294
0 0.758773 0.527412 0.061713 0.044809
0 0.572824 0.900255 0.080768 0.062157
0 0.853239 0.915685 0.083098 0.066376
0 0.698689 0.272236 0.051675 0.034856
0 0.594780 0.973767 0.081280 0.048687
0 0.724151 0.396477 0.057677 0.036774
0 0.738248 0.457161 0.051015 0.044530
0 0.389163 0.847447 0.066740 0.058176
0 0.400257 0.408604 0.060931 0.045072
0 0.545072 0.508764 0.053419 0.037560
0 0.679871 0.973157 0.079294 0.052384
0 0.598491 0.369792 0.055088 0.037560
0 0.694478 0.247095 0.045072 0.030048
0 0.700738 0.295297 0.049245 0.031300
0 0.729951 0.425506 0.052584 0.041316
0 0.866002 0.976287 0.075955 0.046124