0 0.369287 0.912482 0.087974 0.056651
0 0.690948 0.254549 0.041203 0.035088
0 0.356556 0.716511 0.069261 0.050456
0 0.315409 0.846273 0.064613 0.052151
0 0.320040 0.771624 0.077317 0.055385
0 0.354357 0.669037 0.072262 0.048974
0 0.537560 0.481846 0.060096 0.043820
0 0.543403 0.519406 0.055088 0.041316
0 0.549663 0.556966 0.062600 0.043820
0 0.552584 0.602038 0.055088 0.046324
0 0.565104 0.651492 0.063435 0.045072
0 0.561348 0.699695 0.054253 0.043820
0 0.569695 0.752905 0.070947 0.055088
0 0.580546 0.809871 0.074286 0.053836
0 0.583050 0.870593 0.079294 0.060096
0 0.591396 0.940079 0.077624 0.058844
0 0.594735 0.421750 0.050915 0.043820
0 0.598908 0.459310 0.054253 0.038812
0 0.603082 0.494992 0.054253 0.042568
0 0.608507 0.530674 0.055088 0.041316
0 0.611846 0.567608 0.046741 0.042568
0 0.620192 0.613932 0.061765 0.047576
0 0.629374 0.654622 0.050080 0.043820
0 0.634382 0.699069 0.066774 0.047576
0 0.642728 0.749775 0.060096 0.046324
0 0.655666 0.810497 0.062600 0.050080
0 0.664430 0.865585 0.061765 0.055088
0 0.675698 0.925681 0.072616 0.055088
0 0.685714 0.980143 0.060931 0.036308
0 0.598491 0.990685 0.081798 0.017328
0 0.725778 0.407352 0.054253 0.035056
0 0.728699 0.444912 0.055088 0.037560
0 0.756243 0.479968 0.058427 0.040064
0 0.755409 0.521284 0.063435 0.040064
0 0.770015 0.561974 0.065939 0.041316
0 0.781701 0.605168 0.065939 0.042568
0 0.786291 0.651492 0.066774 0.045072
0 0.800063 0.699069 0.070947 0.047576
0 0.813835 0.745393 0.058427 0.045072
0 0.824686 0.796099 0.068443 0.053836
0 0.842632 0.848057 0.072616 0.050080
0 0.847222 0.906901 0.081798 0.055088
0 0.871428 0.972631 0.086806 0.051332