0 0.377081 0.778232 0.076662 0.056100
0 0.377680 0.668910 0.072053 0.052858
0 0.372776 0.912676 0.082331 0.059740
0 0.365393 0.972598 0.082010 0.050312
0 0.792422 0.646016 0.070538 0.048047
0 0.364117 0.839502 0.089839 0.068926
0 0.838863 0.839710 0.069436 0.049499
0 0.380250 0.716032 0.058190 0.050905
0 0.780113 0.602708 0.066493 0.047396
0 0.381903 0.583568 0.065308 0.047161
0 0.538850 0.462842 0.050972 0.040853
0 0.548236 0.537559 0.059379 0.043594
0 0.296037 0.545498 0.029670 0.059707
0 0.404716 0.370459 0.058190 0.046400
0 0.823898 0.781400 0.076710 0.050326
0 0.617797 0.555654 0.060369 0.048574
0 0.630067 0.638060 0.056923 0.044232
0 0.554366 0.579854 0.061563 0.042637
0 0.387504 0.431976 0.061189 0.043809
0 0.557233 0.673053 0.068459 0.050000
0 0.769067 0.559079 0.064392 0.052598
0 0.593255 0.220524 0.042986 0.032650
0 0.727216 0.408457 0.054874 0.041576
0 0.586337 0.971341 0.085998 0.055885
0 0.745035 0.475365 0.061649 0.042344
0 0.380749 0.625166 0.051515 0.045150
0 0.603898 0.478024 0.062309 0.044355
0 0.599245 0.355094 0.052161 0.034368
0 0.571482 0.786468 0.075820 0.051868
0 0.881710 0.964886 0.090156 0.061309
0 0.658205 0.843867 0.077044 0.055911
0 0.854800 0.894476 0.064288 0.051178
0 0.573340 0.838822 0.070690 0.055013
0 0.709794 0.322402 0.052643 0.034518
0 0.632693 0.685013 0.065221 0.052396
0 0.627730 0.597487 0.057187 0.043398
0 0.580204 0.901790 0.070703 0.058893
0 0.387435 0.542728 0.064384 0.046341
0 0.806645 0.733776 0.060747 0.048659
0 0.756105 0.513760 0.059119 0.042741
0 0.548546 0.501348 0.047309 0.040078
0 0.565191 0.723857 0.057222 0.052129
0 0.736829 0.439541 0.046766 0.039225
0 0.602622 0.383366 0.048316 0.035443
0 0.667758 0.975312 0.061853 0.049102
0 0.666059 0.902581 0.061918 0.055449
0 0.538876 0.426517 0.060668 0.043633
0 0.606265 0.413151 0.052956 0.039323
0 0.792526 0.692070 0.067422 0.048216
0 0.541975 0.366110 0.040217 0.037220
0 0.612643 0.518451 0.056155 0.043451
0 0.384293 0.468571 0.058655 0.041686
0 0.558726 0.623161 0.052817 0.048301
0 0.382639 0.502956 0.059670 0.045169
0 0.720419 0.351790 0.056905 0.037057
0 0.604312 0.442650 0.050664 0.042852
0 0.607428 0.314580 0.039379 0.034772
0 0.696829 0.285967 0.042721 0.039160
0 0.689355 0.255046 0.050239 0.036081
0 0.682090 0.209629 0.048477 0.030898
0 0.543850 0.396836 0.055451 0.037070
0 0.599826 0.291898 0.048776 0.033613
0 0.597862 0.265944 0.041332 0.031823
0 0.686821 0.232962 0.044865 0.028151
0 0.727250 0.379775 0.045421 0.037585