0 0.523917 0.432439 0.049102 0.038043
0 0.759048 0.512007 0.063648 0.042573
0 0.623296 0.645295 0.064280 0.049250
0 0.514859 0.395910 0.055376 0.041990
0 0.401067 0.725530 0.081269 0.055500
0 0.604846 0.519617 0.057047 0.041954
0 0.611566 0.598333 0.060526 0.047145
0 0.550906 0.631973 0.061605 0.048433
0 0.594820 0.482072 0.042900 0.044127
0 0.776512 0.602000 0.070345 0.046731
0 0.789807 0.645078 0.068951 0.043773
0 0.745616 0.476821 0.064620 0.039133
0 0.735075 0.442253 0.055898 0.037101
0 0.720852 0.408823 0.055785 0.034863
0 0.550600 0.687835 0.073965 0.056951
0 0.585728 0.449023 0.050776 0.041077
0 0.611157 0.558930 0.050821 0.036644
0 0.717250 0.374217 0.056736 0.039522
0 0.630360 0.703597 0.065144 0.048776
0 0.537996 0.548883 0.060824 0.037610
0 0.793484 0.693604 0.071832 0.045047
0 0.536067 0.504256 0.052649 0.037606
0 0.699896 0.277033 0.044541 0.033493
0 0.405632 0.791522 0.060758 0.050148
0 0.692181 0.256506 0.049594 0.031748
0 0.583901 0.388112 0.045737 0.037634
0 0.531348 0.469535 0.052092 0.035715
0 0.403665 0.672605 0.066331 0.049129
0 0.546184 0.592144 0.063034 0.035265
0 0.584179 0.418413 0.043925 0.026063
0 0.410096 0.852421 0.070354 0.052948
0 0.399895 0.495260 0.050625 0.041846
0 0.654327 0.809614 0.078706 0.052929
0 0.405701 0.923853 0.085132 0.063143
0 0.402417 0.627889 0.051013 0.039752
0 0.394440 0.532017 0.066505 0.048330
0 0.573154 0.809489 0.079882 0.055421
0 0.581107 0.360228 0.046454 0.039158
0 0.399053 0.461924 0.045828 0.040663
0 0.414686 0.431865 0.061730 0.046422
0 0.394859 0.583127 0.063678 0.045384
0 0.567018 0.758945 0.071143 0.050515
0 0.714735 0.314704 0.036275 0.035056
0 0.584744 0.866788 0.080959 0.058119
0 0.640112 0.759820 0.064382 0.043808
0 0.810209 0.747913 0.068638 0.052997
0 0.586083 0.926102 0.062192 0.056980
0 0.659798 0.872734 0.061225 0.050147
0 0.672852 0.935491 0.070956 0.054210
0 0.826356 0.812375 0.075120 0.056340
0 0.838041 0.877479 0.073451 0.058844
0 0.865585 0.947591 0.085136 0.058844
0 0.771267 0.556340 0.063435 0.045072