0 0.378290 0.789790 0.067649 0.053733
0 0.565536 0.791361 0.078990 0.056748
0 0.823439 0.791233 0.083041 0.057667
0 0.632709 0.682997 0.069363 0.053090
0 0.553874 0.734828 0.057332 0.054307
0 0.555643 0.679787 0.066572 0.049626
0 0.390622 0.549722 0.064188 0.044473
0 0.386252 0.726138 0.074437 0.058727
0 0.572478 0.843274 0.072670 0.054782
0 0.391641 0.674035 0.071502 0.055169
0 0.647625 0.788351 0.064469 0.062762
0 0.589922 0.174837 0.035098 0.035336
0 0.769155 0.563231 0.065081 0.042619
0 0.779038 0.602122 0.066585 0.051672
0 0.843710 0.846078 0.087337 0.057003
0 0.635996 0.732724 0.068655 0.050681
0 0.654436 0.843531 0.082244 0.052147
0 0.552400 0.548434 0.065283 0.045186
0 0.817323 0.740874 0.063984 0.052214
0 0.745426 0.491889 0.055377 0.041595
0 0.618688 0.442865 0.057807 0.043473
0 0.633175 0.635895 0.049356 0.045187
0 0.624713 0.594782 0.066449 0.054648
0 0.553802 0.588632 0.062749 0.045691
0 0.611593 0.477270 0.057662 0.039603
0 0.390295 0.626600 0.055019 0.046883
0 0.663917 0.909024 0.074167 0.055827
0 0.798838 0.688098 0.070165 0.054493
0 0.605072 0.405175 0.058183 0.043822
0 0.712881 0.366277 0.060277 0.040753
0 0.794145 0.644396 0.062501 0.050935
0 0.613367 0.507263 0.062082 0.045045
0 0.386168 0.589102 0.046982 0.043730
0 0.556137 0.630941 0.061683 0.044746
0 0.723345 0.396049 0.056222 0.038270
0 0.622185 0.551848 0.059100 0.050721
0 0.758008 0.529143 0.056567 0.050775
0 0.389138 0.910693 0.088178 0.067681
0 0.732437 0.423980 0.057629 0.040768
0 0.388657 0.848864 0.066029 0.058841
0 0.570794 0.905462 0.079822 0.065479
0 0.851044 0.914233 0.079161 0.060456
0 0.595521 0.974247 0.082442 0.047954
0 0.396357 0.411164 0.055377 0.054976
0 0.697570 0.270331 0.050573 0.038959
0 0.694060 0.248973 0.042568 0.031300
0 0.867254 0.972005 0.075120 0.052584
0 0.681540 0.976387 0.079294 0.043820