0 0.790838 0.677533 0.078316 0.048737
0 0.584781 0.970199 0.079032 0.053496
0 0.856526 0.965615 0.085004 0.059421
0 0.833253 0.834486 0.078780 0.053242
0 0.734362 0.417471 0.058229 0.037454
0 0.569846 0.834648 0.082582 0.053333
0 0.389030 0.844844 0.086211 0.059297
0 0.768340 0.551826 0.058928 0.045605
0 0.809742 0.724447 0.061489 0.048477
0 0.623852 0.550078 0.061549 0.046784
0 0.746098 0.514027 0.062995 0.043926
0 0.845718 0.892507 0.074744 0.055456
0 0.391367 0.721449 0.071849 0.058418
0 0.719855 0.387907 0.056471 0.035579
0 0.554256 0.627474 0.059640 0.048854
0 0.622828 0.589684 0.058051 0.046074
0 0.628333 0.631077 0.061901 0.047324
0 0.577973 0.898542 0.071623 0.054987
0 0.549084 0.545537 0.064184 0.043561
0 0.664138 0.899902 0.076445 0.061393
0 0.552370 0.583040 0.063247 0.050026
0 0.768724 0.592233 0.070469 0.044206
0 0.667674 0.974587 0.062995 0.045592
0 0.642428 0.782539 0.072287 0.053763
0 0.395135 0.629609 0.071892 0.055195
0 0.539130 0.506973 0.059171 0.045430
0 0.405237 0.504938 0.061385 0.044512
0 0.636523 0.727324 0.057040 0.049310
0 0.561612 0.723102 0.078155 0.057819
0 0.787784 0.629180 0.076480 0.047656
0 0.821128 0.773630 0.064835 0.049785
0 0.635875 0.676624 0.061124 0.049121
0 0.599757 0.413490 0.060313 0.042643
0 0.738657 0.448685 0.050221 0.035117
0 0.712146 0.330426 0.051359 0.035007
0 0.404794 0.543047 0.062235 0.046315
0 0.404826 0.581882 0.064687 0.051458
0 0.557971 0.673877 0.073147 0.048470
0 0.396864 0.673079 0.072843 0.052604
0 0.740697 0.477266 0.057869 0.041406
0 0.529405 0.375326 0.054097 0.040768
0 0.390126 0.775980 0.079505 0.062819
0 0.536157 0.473008 0.050612 0.040286
0 0.717372 0.359346 0.053676 0.036764
0 0.594214 0.380221 0.054852 0.042227
0 0.702155 0.304772 0.051237 0.033646
0 0.408451 0.418314 0.045148 0.041862
0 0.409338 0.469883 0.047773 0.039766
0 0.607808 0.479186 0.059245 0.044792
0 0.603286 0.444421 0.055807 0.039258
0 0.535729 0.441296 0.053116 0.038438
0 0.654954 0.834580 0.061263 0.051348
0 0.527878 0.406618 0.044948 0.039668
0 0.695575 0.282529 0.051289 0.032207
0 0.591719 0.350557 0.043403 0.035762
0 0.694957 0.261523 0.050052 0.032747
0 0.592231 0.325557 0.040677 0.035228