0 0.368268 0.670639 0.071876 0.051011
0 0.370777 0.825803 0.061651 0.054424
0 0.371537 0.721554 0.061763 0.051774
0 0.372624 0.770255 0.068785 0.054642
0 0.764976 0.527070 0.070341 0.045155
0 0.819836 0.767108 0.077042 0.060651
0 0.770861 0.569132 0.068971 0.045520
0 0.398153 0.360011 0.059281 0.044236
0 0.398831 0.304952 0.041424 0.036314
0 0.735582 0.416436 0.064034 0.043633
0 0.551080 0.662620 0.064276 0.047374
0 0.793565 0.657901 0.061048 0.046635
0 0.746569 0.450353 0.057901 0.042495
0 0.546158 0.616030 0.063713 0.048684
0 0.784474 0.611698 0.075274 0.051045
0 0.381811 0.492587 0.059000 0.053373
0 0.610369 0.492666 0.057384 0.043364
0 0.725548 0.385308 0.062056 0.042575
0 0.625740 0.661341 0.063616 0.051935
0 0.265268 0.424708 0.038142 0.111467
0 0.561184 0.762399 0.077676 0.057919
0 0.562690 0.710790 0.070080 0.049380
0 0.374924 0.617289 0.055797 0.048176
0 0.377190 0.572641 0.065611 0.054804
0 0.617388 0.612878 0.065497 0.047295
0 0.566162 0.218878 0.047064 0.039643
0 0.381616 0.534399 0.058507 0.041540
0 0.753269 0.486915 0.057686 0.045706
0 0.659060 0.153019 0.041219 0.031125
0 0.600800 0.457290 0.058790 0.045588
0 0.573404 0.332232 0.034963 0.040064
0 0.531962 0.498660 0.050570 0.034879
0 0.823403 0.817888 0.068941 0.047386
0 0.717943 0.359278 0.056955 0.033235
0 0.583852 0.360672 0.043401 0.039245
0 0.618473 0.573866 0.067443 0.047538
0 0.609918 0.530887 0.063254 0.049485
0 0.597400 0.423425 0.051162 0.039876
0 0.836437 0.879725 0.071614 0.054386
0 0.637673 0.711269 0.059747 0.045757
0 0.642738 0.761846 0.073029 0.050510
0 0.849191 0.944180 0.076425 0.056323
0 0.573528 0.193208 0.034763 0.031529
0 0.688321 0.243925 0.043359 0.033448
0 0.656106 0.880505 0.060673 0.050750
0 0.649063 0.819326 0.063628 0.051471
0 0.591634 0.392430 0.038488 0.031920
0 0.567331 0.813735 0.068777 0.052525
0 0.384398 0.460092 0.052473 0.036987
0 0.704575 0.333526 0.046904 0.029963
0 0.701705 0.304873 0.050476 0.029642
0 0.692627 0.274668 0.048047 0.034999
0 0.532552 0.461188 0.045072 0.037560
0 0.575120 0.878731 0.083467 0.061348
0 0.585554 0.954477 0.080963 0.065104
0 0.669020 0.953225 0.080963 0.057592
0 0.570947 0.310948 0.058427 0.037560