0 0.393755 0.733174 0.075282 0.058076
0 0.388290 0.677208 0.070484 0.055235
0 0.395140 0.585908 0.067138 0.049806
0 0.396632 0.625053 0.060422 0.048382
0 0.553976 0.552492 0.063564 0.044558
0 0.627406 0.594477 0.066807 0.053238
0 0.597420 0.389824 0.055560 0.040064
0 0.395750 0.542375 0.048155 0.043143
0 0.559011 0.732237 0.068116 0.049595
0 0.621106 0.517190 0.060543 0.044861
0 0.388819 0.785170 0.054188 0.043752
0 0.756705 0.523428 0.068159 0.041668
0 0.638184 0.732986 0.061602 0.044386
0 0.400503 0.504408 0.063271 0.047679
0 0.592785 0.322013 0.053146 0.042974
0 0.731193 0.393208 0.060763 0.037223
0 0.630763 0.638550 0.064258 0.054854
0 0.614357 0.482299 0.056476 0.046926
0 0.638111 0.687688 0.060086 0.046979
0 0.556192 0.591682 0.062503 0.039689
0 0.741084 0.456016 0.055585 0.038489
0 0.654983 0.845457 0.066989 0.051304
0 0.563031 0.779707 0.074717 0.046452
0 0.751089 0.489694 0.063480 0.041963
0 0.800288 0.686698 0.059183 0.045345
0 0.558214 0.675815 0.053086 0.048115
0 0.683868 0.204226 0.044591 0.025642
0 0.626045 0.553794 0.061688 0.042501
0 0.598074 0.267753 0.037560 0.028796
0 0.785119 0.601569 0.062441 0.045385
0 0.723422 0.365387 0.057504 0.042329
0 0.771810 0.561545 0.062140 0.043108
0 0.401459 0.471648 0.059822 0.041502
0 0.820857 0.788713 0.074911 0.048127
0 0.713436 0.342666 0.055567 0.028381
0 0.551198 0.509831 0.057259 0.045227
0 0.610517 0.450563 0.054407 0.041281
0 0.815003 0.734598 0.062737 0.043409
0 0.735287 0.422829 0.056579 0.046670
0 0.549401 0.476976 0.058067 0.039028
0 0.547539 0.457706 0.057909 0.066883
0 0.642411 0.786455 0.061288 0.048408
0 0.557338 0.633019 0.062089 0.052129
0 0.786129 0.645656 0.069165 0.046779
0 0.408358 0.439464 0.050332 0.039147
0 0.571524 0.837392 0.062281 0.053883
0 0.661275 0.904656 0.060925 0.052303
0 0.704906 0.292503 0.044248 0.031880
0 0.409021 0.381686 0.053419 0.038812
0 0.393997 0.849935 0.076790 0.048828
0 0.583467 0.976287 0.088475 0.046124
0 0.582215 0.907527 0.077624 0.056340
0 0.669438 0.982021 0.058427 0.032552
0 0.602664 0.416116 0.050080 0.037560
0 0.589310 0.348508 0.040064 0.042568
0 0.593066 0.297801 0.040899 0.033804
0 0.835537 0.846179 0.065104 0.048828
0 0.849309 0.908779 0.070947 0.058844
0 0.858908 0.976287 0.080128 0.046124
0 0.710337 0.319086 0.051749 0.031300
0 0.697399 0.272761 0.050915 0.028796
0 0.684879 0.228941 0.040899 0.033804