0 0.542006 0.376505 0.053401 0.038554
0 0.601377 0.280532 0.050985 0.040799
0 0.378707 0.592081 0.059963 0.043905
0 0.372760 0.634140 0.071959 0.046852
0 0.720761 0.359978 0.044788 0.035538
0 0.785292 0.643238 0.057023 0.043744
0 0.741573 0.450754 0.062083 0.036902
0 0.734481 0.416299 0.054469 0.036224
0 0.368517 0.684678 0.069494 0.055157
0 0.398408 0.378236 0.056585 0.043558
0 0.706344 0.314767 0.040425 0.034929
0 0.602047 0.250993 0.036291 0.037278
0 0.703037 0.287736 0.058002 0.033706
0 0.593820 0.228764 0.045747 0.039167
0 0.391781 0.447722 0.051658 0.031571
0 0.384129 0.481184 0.058191 0.038723
0 0.550454 0.436341 0.053532 0.035111
0 0.592351 0.183897 0.047335 0.031355
0 0.402344 0.418620 0.055088 0.037560
0 0.370209 0.755409 0.059261 0.055088
0 0.373965 0.811123 0.056757 0.051332
0 0.365618 0.877479 0.061765 0.053836
0 0.363532 0.933819 0.072616 0.058844
0 0.571782 0.887495 0.081798 0.056340
0 0.585971 0.955103 0.078459 0.056340
0 0.571782 0.821139 0.076790 0.058844
0 0.574286 0.741011 0.066774 0.051332
0 0.569695 0.680288 0.054253 0.050080
0 0.567191 0.635842 0.065939 0.041316
0 0.569278 0.588892 0.053419 0.045072
0 0.563435 0.544446 0.058427 0.046324
0 0.549663 0.470578 0.052584 0.043820
0 0.656918 0.823017 0.076790 0.057592
0 0.652327 0.884365 0.069278 0.055088
0 0.669020 0.966997 0.064269 0.052584
0 0.652744 0.744141 0.063435 0.050080
0 0.644398 0.691556 0.065104 0.050080
0 0.636886 0.644606 0.055088 0.046324
0 0.641894 0.598908 0.060096 0.045072
0 0.629791 0.558218 0.060931 0.041316
0 0.624366 0.518780 0.058427 0.042568
0 0.617271 0.480594 0.060931 0.038812
0 0.613932 0.446164 0.054253 0.037560
0 0.608924 0.411108 0.052584 0.040064
0 0.609759 0.384816 0.057592 0.037560
0 0.595570 0.207657 0.042568 0.031300
0 0.699069 0.264623 0.049245 0.025040
0 0.752487 0.489358 0.055923 0.041316
0 0.762503 0.523162 0.050915 0.038812
0 0.770015 0.559470 0.060931 0.043820
0 0.782118 0.600160 0.061765 0.047576
0 0.799229 0.692808 0.065939 0.052584
0 0.821347 0.746019 0.058427 0.046324
0 0.838876 0.794847 0.061765 0.051332
0 0.839710 0.854943 0.070112 0.058844
0 0.855569 0.910657 0.081798 0.055088
0 0.875184 0.968249 0.085971 0.060096