0 0.389596 0.726491 0.071862 0.050060
0 0.382270 0.780229 0.068068 0.052954
0 0.370845 0.838649 0.077704 0.059053
0 0.372699 0.903937 0.087145 0.063680
0 0.407228 0.540948 0.057279 0.044508
0 0.400583 0.463960 0.061582 0.048113
0 0.406430 0.433985 0.056932 0.039382
0 0.406246 0.503352 0.063369 0.043545
0 0.400386 0.374136 0.058670 0.044426
0 0.671766 0.846519 0.064789 0.053853
0 0.591342 0.227039 0.038017 0.030467
0 0.649521 0.673957 0.058196 0.050223
0 0.592058 0.836934 0.073895 0.054546
0 0.601925 0.251211 0.038204 0.033271
0 0.698665 0.295335 0.043375 0.036384
0 0.582284 0.778827 0.075122 0.053328
0 0.555646 0.463110 0.055551 0.045522
0 0.719870 0.379308 0.050781 0.037812
0 0.786142 0.597272 0.059451 0.042344
0 0.793066 0.644023 0.070264 0.045027
0 0.763875 0.549036 0.050887 0.042427
0 0.713746 0.347716 0.052158 0.039616
0 0.561481 0.502994 0.057256 0.040231
0 0.632516 0.584286 0.055241 0.039429
0 0.641827 0.626973 0.066907 0.056550
0 0.597656 0.906901 0.073451 0.055088
0 0.601830 0.973157 0.085136 0.052384
0 0.574286 0.722231 0.063435 0.051332
0 0.577624 0.675280 0.068443 0.047576
0 0.566774 0.627078 0.051749 0.043820
0 0.564269 0.586388 0.053419 0.045072
0 0.567608 0.545698 0.061765 0.048828
0 0.553001 0.434896 0.054253 0.035056
0 0.679871 0.916291 0.055923 0.051332
0 0.688635 0.976913 0.071782 0.044872
0 0.663595 0.789213 0.070112 0.055088
0 0.631878 0.547576 0.060096 0.050080
0 0.627704 0.506886 0.053419 0.046324
0 0.622696 0.468700 0.061765 0.042568
0 0.615602 0.433018 0.050915 0.041316
0 0.611011 0.401718 0.055088 0.038812
0 0.612680 0.369792 0.053419 0.037560
0 0.609342 0.342248 0.051749 0.035056
0 0.689052 0.248973 0.052584 0.036308
0 0.693643 0.272761 0.048411 0.031300
0 0.711589 0.322216 0.054253 0.032552
0 0.729534 0.410482 0.055088 0.036308
0 0.739133 0.440530 0.045907 0.036308
0 0.742471 0.474960 0.064269 0.042568
0 0.752070 0.513146 0.056757 0.043820
0 0.806741 0.695312 0.065939 0.050080
0 0.820095 0.744141 0.060931 0.050080
0 0.825938 0.797977 0.067608 0.050080
0 0.838458 0.850561 0.077624 0.055088
0 0.855569 0.911909 0.073451 0.057592
0 0.879774 0.972631 0.091814 0.051332