0 0.627240 0.613213 0.055286 0.043223
0 0.379835 0.960980 0.083733 0.063874
0 0.392352 0.809661 0.061658 0.052852
0 0.856573 0.899648 0.071168 0.049609
0 0.389060 0.652048 0.064796 0.049316
0 0.386658 0.755540 0.077622 0.050495
0 0.390256 0.608577 0.067847 0.044199
0 0.380184 0.881859 0.090213 0.066348
0 0.835979 0.831885 0.070829 0.051738
0 0.548624 0.552298 0.064010 0.041940
0 0.741220 0.439665 0.063003 0.040501
0 0.389099 0.520055 0.063633 0.044264
0 0.543889 0.513363 0.053585 0.042103
0 0.602248 0.262653 0.036675 0.035632
0 0.663010 0.834163 0.075985 0.054538
0 0.537470 0.378187 0.040095 0.036322
0 0.580011 0.822461 0.070473 0.053477
0 0.613915 0.532682 0.058290 0.040378
0 0.832862 0.769463 0.083260 0.053535
0 0.553859 0.593262 0.049479 0.042956
0 0.792563 0.666781 0.062365 0.045280
0 0.398735 0.416956 0.060525 0.039759
0 0.591873 0.961270 0.084397 0.060247
0 0.390169 0.480153 0.066762 0.045293
0 0.635069 0.658636 0.064497 0.046934
0 0.790486 0.618903 0.059679 0.046829
0 0.560623 0.698050 0.071714 0.049551
0 0.589447 0.885573 0.078016 0.060195
0 0.610137 0.491211 0.053112 0.044466
0 0.385310 0.698079 0.053867 0.048021
0 0.642999 0.709720 0.070998 0.052031
0 0.570747 0.754284 0.073290 0.055052
0 0.869742 0.963597 0.067174 0.050475
0 0.730128 0.404570 0.056124 0.039922
0 0.389104 0.563415 0.049440 0.044212
0 0.752789 0.477214 0.058598 0.039740
0 0.817637 0.715160 0.067852 0.046634
0 0.769922 0.582725 0.067465 0.044720
0 0.650421 0.762692 0.069175 0.050697
0 0.606723 0.457848 0.054245 0.038704
0 0.535618 0.478851 0.053260 0.039967
0 0.724850 0.375163 0.058711 0.036406
0 0.557324 0.637936 0.059015 0.049753
0 0.617728 0.569238 0.059614 0.045247
0 0.760286 0.547500 0.063628 0.042604
0 0.597589 0.395957 0.056593 0.038125
0 0.605195 0.425830 0.053602 0.038704
0 0.542587 0.444964 0.055260 0.041048
0 0.594262 0.364076 0.048333 0.035768
0 0.670744 0.896556 0.064023 0.058906
0 0.541966 0.412601 0.045399 0.035788
0 0.669227 0.966846 0.060000 0.052129
0 0.394562 0.449342 0.045877 0.037279
0 0.756678 0.512923 0.060534 0.040638
0 0.603168 0.304417 0.050095 0.039915
0 0.712591 0.345352 0.042630 0.034466
0 0.703694 0.317227 0.044019 0.034505
0 0.698383 0.289274 0.052383 0.036582
0 0.604262 0.335755 0.047214 0.036784
0 0.681671 0.220345 0.038863 0.031094
0 0.683932 0.244945 0.048637 0.027676
0 0.687550 0.267074 0.049883 0.028652