0 0.386897 0.729715 0.081725 0.064697
0 0.382846 0.680042 0.071723 0.053629
0 0.640573 0.732561 0.071422 0.051577
0 0.386583 0.632743 0.065978 0.051323
0 0.551251 0.553184 0.060561 0.049392
0 0.633858 0.685985 0.061038 0.047795
0 0.809120 0.741534 0.076625 0.053451
0 0.748950 0.489500 0.064327 0.043389
0 0.632825 0.639929 0.057658 0.046868
0 0.621968 0.554206 0.066267 0.049852
0 0.395009 0.546700 0.066418 0.044320
0 0.754607 0.525444 0.063522 0.037608
0 0.788851 0.645621 0.070572 0.046269
0 0.548962 0.514235 0.060049 0.046202
0 0.603739 0.386062 0.049600 0.035045
0 0.573314 0.838032 0.072555 0.048607
0 0.598597 0.307941 0.051537 0.036555
0 0.390494 0.781339 0.053667 0.045517
0 0.568663 0.782186 0.061906 0.056866
0 0.659451 0.843664 0.067211 0.049600
0 0.608110 0.417163 0.052624 0.040473
0 0.764551 0.558110 0.067132 0.040756
0 0.741995 0.451443 0.058891 0.042673
0 0.558576 0.639230 0.064415 0.048739
0 0.540816 0.378840 0.041951 0.038811
0 0.614168 0.482348 0.052112 0.039815
0 0.564161 0.732667 0.067025 0.048946
0 0.728174 0.393324 0.060879 0.035004
0 0.797826 0.691554 0.069604 0.043598
0 0.711219 0.341155 0.055549 0.040445
0 0.415569 0.343774 0.044812 0.032004
0 0.576308 0.158829 0.042696 0.026292
0 0.583050 0.183869 0.044237 0.031300
0 0.733707 0.424254 0.060096 0.036308
0 0.532895 0.349470 0.040408 0.034005
0 0.630560 0.598794 0.063113 0.044038
0 0.558196 0.683789 0.053352 0.047338
0 0.588603 0.239306 0.044815 0.031997
0 0.598757 0.283890 0.049548 0.036029
0 0.708722 0.315312 0.051641 0.028831
0 0.665829 0.910631 0.059079 0.051171
0 0.616643 0.516588 0.060518 0.044449
0 0.676098 0.204210 0.046777 0.029414
0 0.833788 0.843579 0.065073 0.050011
0 0.547220 0.414864 0.054131 0.045072
0 0.399005 0.441156 0.048411 0.040064
0 0.404013 0.481846 0.055088 0.041316
0 0.397753 0.585762 0.050915 0.046324
0 0.392328 0.848057 0.083467 0.060096
0 0.391076 0.923803 0.079294 0.058844
0 0.582215 0.908153 0.070947 0.052584
0 0.584719 0.973783 0.087640 0.051132
0 0.677367 0.981295 0.062600 0.036108
0 0.612680 0.451172 0.051749 0.040064
0 0.599326 0.359150 0.050080 0.033804
0 0.595987 0.260867 0.036725 0.030048
0 0.590144 0.217047 0.038395 0.032552
0 0.572199 0.144431 0.045907 0.022536
0 0.855152 0.910031 0.070947 0.051332
0 0.870176 0.977539 0.082632 0.043620
0 0.700738 0.296549 0.050915 0.026292
0 0.689470 0.270883 0.051749 0.027544
0 0.690304 0.245843 0.041733 0.032552
0 0.672776 0.184495 0.043403 0.025040
0 0.670690 0.160707 0.047576 0.030048