0 0.385133 0.845469 0.082832 0.059928
0 0.391035 0.786167 0.074366 0.056508
0 0.390752 0.910163 0.078500 0.063570
0 0.802355 0.690842 0.074710 0.048651
0 0.397725 0.556455 0.062656 0.047805
0 0.393579 0.684853 0.070948 0.051698
0 0.401146 0.732976 0.056567 0.047784
0 0.831790 0.794038 0.075936 0.049714
0 0.400807 0.392050 0.058286 0.045765
0 0.396567 0.595037 0.049948 0.044841
0 0.559904 0.678012 0.058810 0.049625
0 0.788294 0.640887 0.066107 0.051406
0 0.599163 0.976145 0.080453 0.040832
0 0.857221 0.910140 0.070293 0.052468
0 0.399217 0.636858 0.068018 0.045852
0 0.745810 0.473708 0.060931 0.042568
0 0.577624 0.786709 0.060096 0.055088
0 0.569817 0.728839 0.052341 0.050634
0 0.754263 0.509461 0.065726 0.038955
0 0.623868 0.646251 0.071108 0.047109
0 0.665609 0.856602 0.072761 0.057155
0 0.671625 0.913550 0.066839 0.053131
0 0.701827 0.313217 0.052076 0.037091
0 0.588218 0.913183 0.074444 0.056169
0 0.397722 0.473048 0.060539 0.036323
0 0.526955 0.404437 0.054862 0.040095
0 0.845970 0.847970 0.060931 0.055261
0 0.541205 0.547203 0.052806 0.040809
0 0.588363 0.848692 0.073193 0.052917
0 0.395698 0.436014 0.042724 0.036319
0 0.695472 0.263917 0.048091 0.031460
0 0.877888 0.973639 0.073885 0.048341
0 0.812849 0.740934 0.062069 0.051178
0 0.396603 0.511062 0.065904 0.042740
0 0.544864 0.587190 0.063851 0.040964
0 0.685714 0.978165 0.075955 0.042368
0 0.650240 0.797351 0.065104 0.048828
0 0.638972 0.745393 0.055923 0.047576
0 0.631460 0.693434 0.062600 0.046324
0 0.551749 0.631460 0.063435 0.042568
0 0.616436 0.602038 0.057592 0.043820
0 0.610594 0.558218 0.060931 0.046324
0 0.542568 0.507512 0.060096 0.045072
0 0.608507 0.520658 0.056757 0.041316
0 0.540899 0.475586 0.045072 0.038812
0 0.602664 0.481846 0.056757 0.038812
0 0.540064 0.439278 0.051749 0.038812
0 0.598074 0.443660 0.045907 0.040064
0 0.605586 0.416116 0.055923 0.042568
0 0.589310 0.382938 0.055088 0.043820
0 0.601830 0.357898 0.043403 0.038812
0 0.603499 0.312200 0.040064 0.040064
0 0.698234 0.289663 0.047576 0.032552
0 0.688218 0.239583 0.042568 0.030048
0 0.719935 0.366662 0.057592 0.038812
0 0.726195 0.397962 0.058427 0.038812
0 0.731203 0.431140 0.055088 0.045072
0 0.770433 0.553210 0.070112 0.051332