0 0.812250 0.668802 0.071842 0.057938
0 0.826789 0.720881 0.079791 0.050601
0 0.870501 0.965369 0.092045 0.063487
0 0.858755 0.901837 0.069222 0.052549
0 0.840781 0.843107 0.070051 0.051367
0 0.592368 0.238031 0.035113 0.034579
0 0.797033 0.615160 0.064063 0.050351
0 0.378511 0.834294 0.060814 0.049672
0 0.834736 0.784773 0.068356 0.052768
0 0.639407 0.785809 0.070798 0.049303
0 0.555880 0.716707 0.067958 0.047442
0 0.651979 0.847968 0.058021 0.048206
0 0.663720 0.972492 0.061017 0.048677
0 0.585418 0.973610 0.067912 0.047129
0 0.559797 0.781886 0.072539 0.051839
0 0.576226 0.972452 0.088749 0.049050
0 0.569278 0.841171 0.060931 0.050080
0 0.578042 0.908153 0.071782 0.063852
0 0.626870 0.725361 0.067608 0.051332
0 0.625618 0.677158 0.066774 0.050080
0 0.654414 0.915039 0.059261 0.050080
0 0.718266 0.356646 0.051749 0.042568