0 0.292025 0.603696 0.033522 0.062686
0 0.367967 0.684209 0.069884 0.055278
0 0.372583 0.633817 0.073110 0.048921
0 0.378561 0.592054 0.060304 0.045424
0 0.653442 0.738396 0.060502 0.049039
0 0.575829 0.736122 0.066681 0.050768
0 0.781006 0.598537 0.062141 0.045794
0 0.382947 0.550398 0.064745 0.046375
0 0.741955 0.450840 0.062664 0.037342
0 0.655863 0.820875 0.076302 0.056701
0 0.541755 0.376333 0.053315 0.038271
0 0.734917 0.416161 0.054545 0.036200
0 0.600299 0.276224 0.049176 0.037641
0 0.722018 0.362407 0.046749 0.039810
0 0.701636 0.287851 0.055796 0.031432
0 0.586850 0.950910 0.084078 0.057952
0 0.874634 0.967549 0.087418 0.053248
0 0.603497 0.324347 0.045799 0.033000
0 0.384229 0.482911 0.057327 0.041373
0 0.571350 0.819223 0.076629 0.056294
0 0.631367 0.552653 0.060913 0.040865
0 0.706998 0.314584 0.041733 0.037800
0 0.640245 0.596000 0.063099 0.046746
0 0.398394 0.378056 0.056769 0.042882
0 0.570452 0.887330 0.079138 0.059173
0 0.768771 0.558836 0.061056 0.040921
0 0.751620 0.489168 0.057512 0.038283
0 0.623564 0.514699 0.056516 0.044704
0 0.364472 0.930445 0.073359 0.058260
0 0.562306 0.542702 0.059730 0.043263
0 0.603545 0.253981 0.039973 0.036308
0 0.366206 0.873332 0.062161 0.052583
0 0.652107 0.882132 0.069996 0.053297
0 0.394570 0.452780 0.057281 0.041856
0 0.556425 0.505689 0.055135 0.040652
0 0.596822 0.227063 0.046741 0.042568
0 0.855175 0.908016 0.085992 0.053706
0 0.838287 0.792048 0.065208 0.049646
0 0.608290 0.411716 0.048844 0.043855
0 0.615072 0.477573 0.060595 0.042328
0 0.645376 0.687489 0.066487 0.050704
0 0.636489 0.640269 0.055437 0.044889
0 0.606785 0.355394 0.050185 0.036308
0 0.372488 0.809928 0.057758 0.052760
0 0.401421 0.415203 0.053856 0.037555
0 0.668186 0.965745 0.062600 0.055088
0 0.571364 0.680914 0.055923 0.048828
0 0.567608 0.633964 0.065104 0.045072
0 0.549663 0.470578 0.052584 0.038812
0 0.550915 0.438652 0.055088 0.040064
0 0.613098 0.445538 0.054253 0.043820
0 0.609759 0.384816 0.059261 0.035056
0 0.598074 0.203275 0.044237 0.035056
0 0.592648 0.185121 0.050080 0.031300
0 0.698234 0.265875 0.049245 0.032552
0 0.764590 0.521910 0.050080 0.041316
0 0.799855 0.695312 0.066356 0.047576
0 0.820095 0.742889 0.059261 0.050080
0 0.840128 0.853691 0.069278 0.053836