0 0.523842 0.433391 0.048688 0.036450
0 0.758916 0.512577 0.064188 0.041340
0 0.514574 0.395094 0.055449 0.039037
0 0.400903 0.726614 0.081198 0.052386
0 0.735040 0.442302 0.056106 0.036238
0 0.623612 0.646056 0.064075 0.049154
0 0.720453 0.409146 0.056245 0.034977
0 0.745327 0.477273 0.065182 0.037231
0 0.789994 0.644586 0.069103 0.044245
0 0.403932 0.673007 0.066246 0.047704
0 0.396898 0.583126 0.064310 0.051068
0 0.611610 0.598750 0.059574 0.044585
0 0.394598 0.535056 0.065572 0.050080
0 0.399525 0.494164 0.051764 0.039568
0 0.692808 0.252729 0.048411 0.031300
0 0.717229 0.374087 0.056591 0.038693
0 0.604631 0.519140 0.055336 0.039408
0 0.594876 0.482309 0.041597 0.039502
0 0.535907 0.503998 0.051272 0.037720
0 0.531184 0.469083 0.051526 0.034513
0 0.402078 0.629655 0.051552 0.036207
0 0.701358 0.280579 0.042138 0.033192
0 0.774850 0.601932 0.066810 0.046786
0 0.793457 0.693715 0.071333 0.046220
0 0.586922 0.422376 0.046509 0.035056
0 0.630511 0.703593 0.064935 0.048191
0 0.585675 0.448547 0.047610 0.036357
0 0.394303 0.427668 0.062182 0.039638
0 0.718895 0.309254 0.044648 0.036677
0 0.586299 0.390120 0.047754 0.039471
0 0.411827 0.854672 0.069721 0.053090
0 0.611581 0.559354 0.050846 0.037801
0 0.551281 0.632282 0.061066 0.047565
0 0.550662 0.688593 0.074014 0.054707
0 0.405680 0.923253 0.084424 0.062378
0 0.399286 0.461307 0.046181 0.039825
0 0.582746 0.360671 0.048184 0.038274
0 0.404430 0.791091 0.062600 0.051332
0 0.566356 0.759791 0.069278 0.051332
0 0.573034 0.811749 0.079294 0.055088
0 0.583467 0.870593 0.078459 0.057592
0 0.585554 0.931315 0.065939 0.056340
0 0.545072 0.589518 0.066774 0.048828
0 0.538395 0.548202 0.060096 0.043820
0 0.639390 0.755409 0.065104 0.050080
0 0.656083 0.812375 0.076790 0.053836
0 0.659422 0.876227 0.063435 0.051332
0 0.675280 0.940705 0.076790 0.060096
0 0.770850 0.557592 0.062600 0.042568
0 0.811749 0.749775 0.070947 0.056340
0 0.826773 0.812375 0.070947 0.058844
0 0.840128 0.878731 0.074286 0.058844
0 0.868506 0.947591 0.087640 0.061348