0 0.331164 0.781504 0.075309 0.058043
0 0.332164 0.845258 0.064148 0.056454
0 0.320645 0.906174 0.072072 0.055474
0 0.656171 0.839908 0.064934 0.055835
0 0.647221 0.779274 0.065540 0.051992
0 0.642246 0.730366 0.068731 0.051845
0 0.572990 0.845666 0.075584 0.065242
0 0.333979 0.715723 0.076071 0.054751
0 0.572507 0.787467 0.072849 0.053628
0 0.564126 0.736771 0.075180 0.052718
0 0.667508 0.904795 0.061271 0.050819
0 0.352811 0.579219 0.063831 0.049670
0 0.873963 0.970115 0.089066 0.054867
0 0.806380 0.734321 0.066653 0.050792
0 0.340887 0.669025 0.054587 0.055213
0 0.347325 0.626180 0.067748 0.046482
0 0.737804 0.410545 0.054960 0.040756
0 0.631947 0.677707 0.072934 0.059613
0 0.800156 0.684669 0.059079 0.046264
0 0.824389 0.781799 0.065418 0.050918
0 0.722287 0.367955 0.054082 0.041618
0 0.772164 0.552956 0.068216 0.044769
0 0.627231 0.630369 0.067114 0.053370
0 0.791031 0.646051 0.072399 0.044302
0 0.746235 0.443547 0.063828 0.040557
0 0.545732 0.474000 0.043753 0.036892
0 0.549752 0.554244 0.064657 0.044617
0 0.766600 0.517315 0.056025 0.047057
0 0.620247 0.592749 0.063773 0.047764
0 0.578033 0.905429 0.077684 0.060473
0 0.553613 0.677431 0.067162 0.052040
0 0.551307 0.512184 0.059002 0.043929
0 0.624204 0.554463 0.051982 0.040779
0 0.617365 0.515336 0.060163 0.045950
0 0.787365 0.597706 0.075599 0.048729
0 0.848340 0.834842 0.089812 0.056278
0 0.680526 0.973524 0.064317 0.046769
0 0.850519 0.905923 0.072873 0.053815
0 0.711693 0.338789 0.049037 0.029391
0 0.606395 0.477092 0.048420 0.035699
0 0.759165 0.481846 0.060931 0.037560
0 0.394098 0.384383 0.057686 0.044096
0 0.356431 0.500078 0.061854 0.045993
0 0.356999 0.538313 0.049377 0.045942
0 0.609800 0.445273 0.044957 0.041054
0 0.552002 0.629854 0.063106 0.050191
0 0.363104 0.461377 0.055995 0.039157
0 0.535603 0.358983 0.052742 0.039027
0 0.577624 0.974096 0.088475 0.050506
0 0.545489 0.441156 0.045907 0.036308
0 0.602664 0.419872 0.050080 0.041316
0 0.594318 0.381686 0.046741 0.037560
0 0.594318 0.358524 0.046741 0.028796
0 0.588892 0.332232 0.047576 0.033804
0 0.589727 0.306566 0.047576 0.035056
0 0.585971 0.280899 0.036725 0.031300
0 0.581380 0.255233 0.050915 0.035056
0 0.580546 0.232071 0.044237 0.028796
0 0.578876 0.207031 0.039229 0.031300
0 0.704077 0.318460 0.049245 0.028796
0 0.701155 0.290915 0.045072 0.031300
0 0.694895 0.262119 0.047576 0.031300
0 0.686966 0.240209 0.043403 0.025040
0 0.685714 0.221429 0.044237 0.025040
0 0.679871 0.201397 0.039229 0.025040
0 0.675280 0.175731 0.035056 0.031300