0 0.387744 0.730566 0.074001 0.055706
0 0.577402 0.740921 0.076500 0.053171
0 0.578721 0.640408 0.070077 0.052315
0 0.777975 0.604707 0.068059 0.046735
0 0.586408 0.856062 0.072656 0.056606
0 0.787432 0.645868 0.068716 0.050647
0 0.397899 0.585078 0.069196 0.052939
0 0.393772 0.679011 0.071568 0.051991
0 0.304699 0.848372 0.076286 0.053791
0 0.394731 0.630053 0.068513 0.049211
0 0.662568 0.864333 0.063821 0.057592
0 0.802461 0.690761 0.060008 0.046556
0 0.577974 0.922401 0.079159 0.066656
0 0.639187 0.604217 0.056944 0.042201
0 0.400210 0.545455 0.056305 0.039192
0 0.671009 0.925861 0.072844 0.062494
0 0.652777 0.698962 0.065040 0.055301
0 0.622509 0.482349 0.062810 0.046759
0 0.396084 0.783295 0.059261 0.054404
0 0.632572 0.564917 0.057038 0.047202
0 0.650433 0.649616 0.056373 0.048831
0 0.555519 0.481857 0.057781 0.038560
0 0.565574 0.558402 0.068777 0.040016
0 0.829904 0.798070 0.077333 0.050883
0 0.613474 0.416218 0.053501 0.040268
0 0.576111 0.593403 0.066203 0.044399
0 0.392105 0.846898 0.090590 0.059910
0 0.604385 0.383914 0.054820 0.039366
0 0.810863 0.737716 0.073337 0.053203
0 0.579686 0.787617 0.064320 0.053271
0 0.729659 0.414241 0.064854 0.041310
0 0.602563 0.329809 0.047859 0.035468
0 0.725653 0.380384 0.057276 0.039159
0 0.681566 0.206206 0.042517 0.029195
0 0.613114 0.448850 0.049905 0.037400
0 0.559703 0.520213 0.057886 0.034549
0 0.845284 0.854123 0.069485 0.054819
0 0.714927 0.349760 0.059261 0.037560
0 0.548572 0.448303 0.050988 0.038573
0 0.759157 0.524183 0.059278 0.045862
0 0.397024 0.470911 0.052499 0.044500
0 0.549982 0.415093 0.054744 0.033722
0 0.699484 0.274710 0.050084 0.037702
0 0.860637 0.921044 0.076473 0.059650
0 0.401869 0.504387 0.045785 0.041947
0 0.601189 0.300803 0.041169 0.033108
0 0.875068 0.976317 0.087452 0.043883
0 0.654128 0.752314 0.055435 0.051082
0 0.596425 0.260833 0.044196 0.030117
0 0.396387 0.422603 0.059869 0.045526
0 0.593343 0.216421 0.043683 0.033804
0 0.601915 0.359150 0.049908 0.033804
0 0.387320 0.923803 0.076790 0.058844
0 0.072232 0.876853 0.089310 0.060096
0 0.674028 0.975035 0.065939 0.048628
0 0.595152 0.281525 0.035056 0.031300
0 0.593483 0.238331 0.041733 0.030048
0 0.595152 0.197015 0.035056 0.030048
0 0.686548 0.230819 0.047576 0.027544
0 0.693226 0.252103 0.049245 0.025040
0 0.738298 0.449294 0.060931 0.041316