0 0.800953 0.688391 0.078298 0.050175
0 0.773240 0.572108 0.053774 0.042762
0 0.784456 0.642794 0.063829 0.051850
0 0.354291 0.785876 0.078260 0.056526
0 0.815950 0.739790 0.070277 0.051068
0 0.377518 0.684264 0.066409 0.051629
0 0.381531 0.634684 0.066997 0.051185
0 0.844763 0.843056 0.086717 0.052598
0 0.848674 0.903483 0.072269 0.053809
0 0.353467 0.732903 0.055455 0.053047
0 0.824238 0.791161 0.070377 0.052191
0 0.748486 0.464161 0.060547 0.045194
0 0.756254 0.498021 0.056700 0.049102
0 0.390111 0.553097 0.063423 0.049335
0 0.742029 0.426132 0.056807 0.042568
0 0.643842 0.733882 0.061922 0.050302
0 0.566361 0.730587 0.068140 0.049398
0 0.397029 0.513491 0.064270 0.044825
0 0.866990 0.972300 0.083274 0.050046
0 0.401180 0.479541 0.055278 0.039707
0 0.581572 0.170604 0.038825 0.031951
0 0.565664 0.677017 0.065938 0.047818
0 0.615942 0.417281 0.054087 0.039275
0 0.569801 0.788721 0.076931 0.053177
0 0.725811 0.367371 0.057528 0.037288
0 0.652751 0.786414 0.060470 0.050606
0 0.595426 0.320906 0.051019 0.040360
0 0.628687 0.598275 0.064835 0.047496
0 0.715762 0.333484 0.054253 0.042568
0 0.630124 0.641994 0.049606 0.037753
0 0.658295 0.843660 0.069737 0.055430
0 0.633750 0.681962 0.053424 0.047178
0 0.617966 0.517704 0.058992 0.039141
0 0.582449 0.231638 0.034946 0.032966
0 0.594661 0.383483 0.049393 0.032391
0 0.688913 0.236634 0.042774 0.035904
0 0.561012 0.628114 0.059015 0.045742
0 0.699629 0.263144 0.049795 0.033007
0 0.679133 0.190015 0.044045 0.029024
0 0.551454 0.471955 0.055925 0.038710
0 0.610631 0.477969 0.046962 0.042952
0 0.622852 0.556779 0.058204 0.043893
0 0.675005 0.973991 0.076481 0.048419
0 0.734542 0.397962 0.053419 0.041316
0 0.607426 0.446986 0.049012 0.031312
0 0.665313 0.903730 0.057275 0.048989
0 0.591412 0.291227 0.039199 0.034434
0 0.570164 0.841024 0.070350 0.050859
0 0.554334 0.542242 0.062497 0.048504
0 0.402344 0.418620 0.041733 0.040064
0 0.415281 0.383564 0.057592 0.045072
0 0.420706 0.347882 0.053419 0.041316
0 0.377304 0.856821 0.081798 0.057592
0 0.553419 0.509390 0.050080 0.041316
0 0.556340 0.585136 0.065939 0.045072
0 0.578042 0.906901 0.072616 0.055088
0 0.585136 0.972531 0.083467 0.053636
0 0.592231 0.354768 0.044237 0.037560
0 0.584719 0.264623 0.037560 0.032552
0 0.684879 0.212665 0.047576 0.028796
0 0.701573 0.289037 0.050915 0.028796
0 0.706163 0.309070 0.048411 0.026292