0 0.583849 0.782726 0.077876 0.059977
0 0.592090 0.838434 0.073423 0.058544
0 0.661924 0.787575 0.071385 0.050771
0 0.671413 0.847171 0.064103 0.055027
0 0.598338 0.904871 0.074780 0.055711
0 0.678945 0.915945 0.059817 0.049057
0 0.684193 0.975239 0.067728 0.044790
0 0.655313 0.722177 0.076904 0.049093
0 0.792997 0.643592 0.068902 0.047768
0 0.602707 0.971641 0.089225 0.051856
0 0.819633 0.738095 0.063144 0.050627
0 0.577421 0.669995 0.067028 0.048691
0 0.839395 0.845563 0.078379 0.054780
0 0.856594 0.908933 0.071540 0.050584
0 0.400965 0.375002 0.058685 0.043982
0 0.649732 0.672642 0.055445 0.047054
0 0.772782 0.556554 0.077723 0.046562
0 0.641679 0.625910 0.066793 0.051150
0 0.632053 0.544153 0.061903 0.049244
0 0.804196 0.691031 0.064314 0.051346
0 0.633583 0.583548 0.056527 0.040540
0 0.827637 0.793686 0.075061 0.051515
0 0.577417 0.720713 0.067187 0.051864
0 0.626970 0.502310 0.055737 0.038183
0 0.602163 0.253730 0.038562 0.034306
0 0.879897 0.970365 0.091636 0.054388
0 0.618523 0.469952 0.061765 0.040064
0 0.617271 0.432392 0.052584 0.042568
0 0.788795 0.603290 0.056757 0.043820
0 0.753322 0.516902 0.062600 0.043820
0 0.744141 0.475586 0.065939 0.043820
0 0.739133 0.443034 0.044237 0.036308
0 0.730369 0.408604 0.055088 0.037560