0 0.395660 0.800566 0.077509 0.056302
0 0.790614 0.635713 0.074058 0.047428
0 0.394017 0.856263 0.063025 0.054219
0 0.652533 0.670000 0.070734 0.051354
0 0.831439 0.842282 0.071593 0.051934
0 0.588158 0.882389 0.075022 0.056445
0 0.825614 0.781969 0.068190 0.048171
0 0.690833 0.953516 0.075069 0.053997
0 0.655378 0.719948 0.072292 0.053737
0 0.670623 0.887868 0.061532 0.051947
0 0.667311 0.831270 0.068650 0.054805
0 0.873262 0.960299 0.091454 0.058281
0 0.655054 0.771781 0.070404 0.053861
0 0.777617 0.587656 0.056016 0.044844
0 0.843073 0.899694 0.067569 0.049661
0 0.577507 0.700775 0.066471 0.050130
0 0.580649 0.815534 0.078155 0.056745
0 0.575148 0.752340 0.064653 0.051126
0 0.639073 0.585094 0.055135 0.042389
0 0.698329 0.289603 0.043490 0.040872
0 0.601845 0.952956 0.061207 0.055365
0 0.780516 0.722074 0.076406 0.062038
0 0.803995 0.685801 0.067400 0.049023
0 0.644375 0.623932 0.056337 0.047344