0 0.569323 0.902682 0.085512 0.062318
0 0.399384 0.630804 0.068880 0.053743
0 0.385955 0.791706 0.085503 0.066289
0 0.566734 0.838965 0.074041 0.055625
0 0.841962 0.894548 0.083750 0.058444
0 0.852177 0.965495 0.085829 0.061380
0 0.400998 0.585433 0.067240 0.047715
0 0.578325 0.968333 0.087075 0.057292
0 0.628646 0.631917 0.062318 0.046699
0 0.668309 0.967035 0.084727 0.060684
0 0.551899 0.632021 0.059449 0.048548
0 0.640219 0.681992 0.053529 0.045065
0 0.562771 0.777712 0.076454 0.053496
0 0.813116 0.727425 0.078863 0.052142
0 0.758628 0.554613 0.065547 0.042624
0 0.803173 0.680508 0.082040 0.053437
0 0.747587 0.482490 0.064826 0.040423
0 0.561612 0.726520 0.070977 0.050267
0 0.643153 0.782559 0.075195 0.057904
0 0.791895 0.633955 0.065968 0.049525
0 0.757478 0.515755 0.063099 0.044076
0 0.620002 0.587321 0.057079 0.045775
0 0.553459 0.588411 0.058290 0.044961
0 0.397578 0.680124 0.055087 0.048125
0 0.594844 0.353981 0.054297 0.039538
0 0.832064 0.832777 0.070907 0.050957
0 0.824701 0.775358 0.067318 0.050898
0 0.592107 0.386520 0.052765 0.038626
0 0.377135 0.927051 0.092786 0.063672
0 0.664039 0.900833 0.076471 0.065052
0 0.544957 0.546956 0.055773 0.044642
0 0.643774 0.729775 0.065030 0.049642
0 0.615666 0.548278 0.059293 0.045658
0 0.614056 0.510706 0.057739 0.043717
0 0.604868 0.445931 0.060907 0.041875
0 0.656181 0.839629 0.069696 0.056758
0 0.778216 0.591715 0.057153 0.048561
0 0.395258 0.729740 0.079397 0.061276
0 0.379926 0.857793 0.063611 0.057891
0 0.695738 0.263991 0.043741 0.035612
0 0.692580 0.237386 0.042990 0.031439
0 0.614577 0.478379 0.063806 0.040299