0 0.385970 0.732770 0.071280 0.052207
0 0.398804 0.922471 0.087609 0.060736
0 0.597131 0.967988 0.086094 0.058359
0 0.683147 0.970563 0.074705 0.050527
0 0.653919 0.785091 0.070477 0.049792
0 0.573247 0.790062 0.077526 0.055514
0 0.634792 0.635667 0.068108 0.052025
0 0.853700 0.846654 0.088103 0.055495
0 0.391868 0.678356 0.066888 0.053275
0 0.820265 0.743037 0.076510 0.052103
0 0.409824 0.381159 0.058911 0.044310
0 0.675425 0.907380 0.059089 0.049447
0 0.385948 0.782780 0.071367 0.056732
0 0.397140 0.854495 0.063438 0.054186
0 0.788125 0.646592 0.075833 0.050592
0 0.598173 0.903213 0.074236 0.062402
0 0.660979 0.846621 0.065456 0.058646
0 0.869223 0.967402 0.086207 0.057865
0 0.395668 0.631934 0.067743 0.047956
0 0.637697 0.682435 0.059423 0.046654
0 0.645987 0.731803 0.063060 0.050417
0 0.869481 0.902682 0.101662 0.065078
0 0.835436 0.790306 0.068216 0.049974
0 0.576367 0.837243 0.070868 0.058874
0 0.781895 0.602852 0.069544 0.049570
0 0.557938 0.555752 0.062561 0.043965
0 0.614540 0.513285 0.061207 0.045176
0 0.770955 0.560762 0.071345 0.048164
0 0.801345 0.694004 0.072951 0.053268
0 0.608092 0.472702 0.055291 0.044753
0 0.560851 0.599860 0.057795 0.048340
0 0.761009 0.521377 0.066159 0.044004
0 0.620154 0.554704 0.059553 0.045072
0 0.602600 0.406012 0.056901 0.036491
0 0.605009 0.437513 0.055182 0.041328
0 0.566359 0.676221 0.067786 0.050189
0 0.742394 0.453727 0.065673 0.044915
0 0.628602 0.593040 0.054115 0.045547
0 0.571816 0.731585 0.074527 0.053743
0 0.715002 0.344733 0.047166 0.044232
0 0.727483 0.396042 0.047526 0.042396
0 0.586139 0.200273 0.042808 0.034271
0 0.400115 0.977347 0.066289 0.040085
0 0.752667 0.489424 0.059188 0.043678