0 0.386231 0.730152 0.069069 0.055838
0 0.388059 0.678225 0.050827 0.047088
0 0.782340 0.603296 0.067206 0.045393
0 0.390190 0.585915 0.071461 0.050058
0 0.585694 0.901411 0.082351 0.059132
0 0.561765 0.585136 0.053419 0.042568
0 0.599461 0.966390 0.083197 0.058882
0 0.549848 0.538877 0.064282 0.045622
0 0.769595 0.559423 0.068449 0.038717
0 0.723834 0.397086 0.058142 0.042069
0 0.381421 0.543582 0.049300 0.040048
0 0.735899 0.438069 0.064059 0.038899
0 0.646194 0.739806 0.066520 0.048923
0 0.840495 0.880510 0.073551 0.049883
0 0.385533 0.630125 0.065282 0.054674
0 0.791256 0.649456 0.066861 0.040999
0 0.401444 0.507502 0.059554 0.042462
0 0.576962 0.839771 0.074776 0.056637
0 0.803452 0.693273 0.054153 0.046647
0 0.756267 0.520005 0.070066 0.047630
0 0.400505 0.467536 0.062946 0.039075
0 0.572096 0.785874 0.064475 0.053419
0 0.545862 0.499283 0.053508 0.041134
0 0.607847 0.471010 0.056652 0.041118
0 0.564230 0.631788 0.063515 0.044417
0 0.619605 0.511740 0.063123 0.043297
0 0.563551 0.680117 0.073218 0.047232
0 0.694895 0.247614 0.051734 0.028253
0 0.826411 0.818635 0.084013 0.050685
0 0.618200 0.559768 0.055734 0.044417
0 0.712781 0.318673 0.041852 0.035483
0 0.120040 0.965797 0.088917 0.062370
0 0.635903 0.691565 0.063732 0.045089
0 0.550009 0.400206 0.056784 0.034118
0 0.570117 0.732929 0.067485 0.046661
0 0.744584 0.475731 0.056705 0.041025
0 0.814204 0.758581 0.066711 0.045610
0 0.862587 0.947156 0.074438 0.055469
0 0.549050 0.431697 0.051270 0.033533
0 0.699748 0.267768 0.048934 0.033774
0 0.395249 0.786709 0.064269 0.052584
0 0.387737 0.851813 0.079294 0.055088
0 0.387320 0.913161 0.065104 0.057592
0 0.409438 0.432392 0.060931 0.045072
0 0.401509 0.388572 0.058427 0.040064
0 0.413194 0.352264 0.041733 0.037560
0 0.643146 0.784831 0.060931 0.053836
0 0.656918 0.844301 0.063435 0.052584
0 0.666099 0.898763 0.063435 0.051332
0 0.676532 0.976913 0.060931 0.044872
0 0.641059 0.643980 0.071782 0.050080
0 0.629791 0.601412 0.060931 0.047576
0 0.545907 0.467448 0.053419 0.040064
0 0.543820 0.371044 0.052584 0.032552
0 0.609759 0.441156 0.050915 0.042568
0 0.609759 0.410482 0.050915 0.038812
0 0.604334 0.380434 0.055088 0.038812
0 0.602247 0.354142 0.050915 0.036308
0 0.605168 0.323468 0.046741 0.035056
0 0.602664 0.295297 0.048411 0.031300
0 0.725361 0.367288 0.053419 0.037560
0 0.705746 0.292167 0.057592 0.040064