0 0.593440 0.185517 0.041430 0.031508
0 0.615685 0.311557 0.038185 0.036708
0 0.602239 0.256485 0.040914 0.033804
0 0.410228 0.899280 0.084890 0.056425
0 0.612107 0.449119 0.055803 0.035725
0 0.411092 0.662103 0.067070 0.048417
0 0.811897 0.737506 0.075209 0.051535
0 0.405887 0.963568 0.063377 0.056085
0 0.789099 0.641405 0.070427 0.046296
0 0.419509 0.764911 0.059799 0.051725
0 0.666243 0.788544 0.065896 0.048692
0 0.810263 0.683889 0.064463 0.048668
0 0.416187 0.828937 0.061345 0.050311
0 0.657577 0.731398 0.060059 0.045437
0 0.673102 0.911066 0.074102 0.061783
0 0.649557 0.681785 0.068095 0.049977
0 0.413149 0.710215 0.069764 0.050390
0 0.640642 0.638972 0.062600 0.042568
0 0.586388 0.733499 0.067608 0.053836
0 0.587640 0.791717 0.076790 0.047576
0 0.591396 0.846805 0.069278 0.052584
0 0.581380 0.907527 0.070947 0.061348
0 0.676950 0.846179 0.068443 0.058844
0 0.681958 0.977539 0.066774 0.043620
0 0.835537 0.794221 0.068443 0.052584
0 0.845553 0.849935 0.080128 0.051332
0 0.854317 0.913787 0.074286 0.058844
0 0.877270 0.972631 0.088475 0.051332