0 0.410957 0.579557 0.060820 0.047604
0 0.395653 0.629434 0.067878 0.047891
0 0.386083 0.779495 0.071697 0.056543
0 0.820384 0.740055 0.076089 0.050280
0 0.653062 0.783988 0.071350 0.050306
0 0.391029 0.730260 0.063168 0.051510
0 0.248030 0.630202 0.074002 0.048451
0 0.572936 0.787445 0.078312 0.052988
0 0.683277 0.969017 0.076536 0.054258
0 0.597654 0.968083 0.085395 0.057819
0 0.539336 0.415225 0.052509 0.038535
0 0.415046 0.509385 0.062166 0.043770
0 0.271152 0.533597 0.070456 0.047793
0 0.391437 0.681582 0.056172 0.048281
0 0.544049 0.482344 0.056519 0.042344
0 0.597387 0.902799 0.075764 0.061276
0 0.560410 0.597129 0.056966 0.044232
0 0.853114 0.842767 0.086428 0.054557
0 0.533598 0.375391 0.050304 0.040664
0 0.868459 0.899824 0.099957 0.063555
0 0.769138 0.557497 0.069770 0.047806
0 0.607227 0.470003 0.054132 0.044316
0 0.834907 0.787643 0.067808 0.050690
0 0.396693 0.853854 0.062995 0.056185
0 0.781163 0.601628 0.067274 0.050339
0 0.634401 0.632786 0.068238 0.053490
0 0.645527 0.727604 0.059501 0.048724
0 0.697984 0.263711 0.052253 0.038958
0 0.557780 0.553636 0.063589 0.044212
0 0.281539 0.493151 0.057504 0.046185
0 0.314525 0.841699 0.084006 0.055990
0 0.675219 0.907126 0.060039 0.051751
0 0.799731 0.691338 0.071328 0.052832
0 0.752012 0.485114 0.058928 0.041790
0 0.759067 0.519076 0.066615 0.045247
0 0.576050 0.835081 0.071927 0.057324
0 0.415419 0.466211 0.061957 0.050039
0 0.566632 0.675000 0.067300 0.051888
0 0.399010 0.916517 0.062986 0.052214
0 0.601990 0.404476 0.057105 0.039382
0 0.620009 0.552412 0.059687 0.045658
0 0.742847 0.453571 0.063403 0.040137
0 0.613628 0.511520 0.056042 0.045710
0 0.732268 0.420524 0.053060 0.040710
0 0.409905 0.377699 0.057717 0.042116
0 0.570148 0.729915 0.074653 0.055521
0 0.721378 0.368158 0.053798 0.034271
0 0.605037 0.436061 0.055430 0.040339
0 0.789883 0.644854 0.065851 0.050579
0 0.604230 0.375596 0.050430 0.038613
0 0.417246 0.409404 0.055421 0.038223
0 0.609390 0.348633 0.053103 0.038281
0 0.709221 0.313600 0.047331 0.032109
0 0.586569 0.204339 0.037409 0.028470
0 0.628366 0.592451 0.054232 0.046465
0 0.714347 0.340794 0.047808 0.036615
0 0.603776 0.296172 0.050069 0.039219
0 0.606730 0.322165 0.045039 0.034551
0 0.727493 0.391576 0.045560 0.034948
0 0.400723 0.977197 0.064831 0.045605
0 0.595981 0.246868 0.047292 0.031862
0 0.602040 0.268457 0.038724 0.032448
0 0.589425 0.226045 0.042409 0.029434
0 0.905239 0.965208 0.066997 0.054740
0 0.414156 0.434495 0.044935 0.038509