0 0.386649 0.729608 0.081816 0.065454
0 0.383081 0.679749 0.072184 0.053836
0 0.640514 0.732834 0.071858 0.051954
0 0.386448 0.632495 0.066318 0.050538
0 0.808793 0.740835 0.078187 0.052423
0 0.394999 0.545433 0.064770 0.044350
0 0.820745 0.791720 0.073990 0.055352
0 0.551083 0.552018 0.060487 0.050488
0 0.633772 0.686670 0.060697 0.046785
0 0.549528 0.515230 0.060565 0.044962
0 0.401347 0.505344 0.046269 0.045535
0 0.607272 0.417710 0.054287 0.041884
0 0.748709 0.489042 0.064434 0.043011
0 0.754709 0.525232 0.063741 0.037528
0 0.632691 0.640463 0.057472 0.047921
0 0.621703 0.554908 0.067286 0.052370
0 0.601941 0.382261 0.048231 0.042423
0 0.797569 0.693196 0.069712 0.045355
0 0.408007 0.372809 0.046941 0.044247
0 0.568688 0.783320 0.061983 0.058645
0 0.788459 0.645003 0.070995 0.047757
0 0.542314 0.477281 0.045441 0.041522
0 0.573223 0.838428 0.072807 0.050048
0 0.659512 0.843919 0.067713 0.050059
0 0.390069 0.784625 0.052929 0.051743
0 0.764320 0.557958 0.066850 0.040254
0 0.558655 0.639114 0.064751 0.048821
0 0.610176 0.482789 0.051749 0.040698
0 0.597767 0.310011 0.049858 0.033182
0 0.563659 0.731635 0.066212 0.047070
0 0.540795 0.378081 0.042047 0.038104
0 0.618886 0.519406 0.066048 0.043820
0 0.741855 0.451621 0.059824 0.042596
0 0.833414 0.841989 0.065946 0.051196
0 0.727211 0.394416 0.060053 0.036500
0 0.405036 0.478090 0.059719 0.038812
0 0.731631 0.418291 0.056370 0.040626
0 0.412895 0.339984 0.045192 0.033770
0 0.531622 0.351279 0.041925 0.032017
0 0.549110 0.410694 0.056565 0.038534
0 0.558456 0.683647 0.052773 0.047118
0 0.391269 0.847431 0.078906 0.061348
0 0.629304 0.599794 0.062965 0.049247
0 0.667056 0.910303 0.060967 0.052721
0 0.713168 0.339413 0.055844 0.034978
0 0.587223 0.240209 0.042568 0.036308
0 0.396501 0.439904 0.048411 0.035056
0 0.397753 0.585762 0.050915 0.043820
0 0.392745 0.921925 0.082632 0.060096
0 0.582215 0.905649 0.075955 0.057592
0 0.585136 0.974409 0.088475 0.049880
0 0.676532 0.982647 0.065939 0.031300
0 0.612263 0.450546 0.052584 0.036308
0 0.600160 0.358524 0.048411 0.035056
0 0.597656 0.285907 0.051749 0.032552
0 0.593900 0.262119 0.039229 0.032552
0 0.588058 0.217673 0.039229 0.031300
0 0.581798 0.182617 0.045072 0.036308
0 0.577207 0.160707 0.042568 0.030048
0 0.571782 0.145057 0.045072 0.023788
0 0.855152 0.913161 0.070947 0.047576
0 0.872680 0.978165 0.087640 0.042368
0 0.721187 0.368540 0.046741 0.032552
0 0.706163 0.315330 0.050080 0.026292
0 0.700321 0.296549 0.051749 0.028796
0 0.691139 0.270883 0.051749 0.027544
0 0.691139 0.247721 0.041733 0.031300
0 0.684879 0.225811 0.044237 0.025040
0 0.676532 0.206405 0.045907 0.023788
0 0.671524 0.185747 0.042568 0.025040
0 0.671107 0.162585 0.046741 0.031300