0 0.405323 0.852090 0.072140 0.053477
0 0.402843 0.788857 0.075243 0.053704
0 0.403628 0.731182 0.073429 0.052090
0 0.791094 0.581475 0.059158 0.042689
0 0.404646 0.551058 0.052010 0.042233
0 0.601159 0.432158 0.050139 0.039069
0 0.767791 0.497806 0.062491 0.041562
0 0.401801 0.920251 0.064844 0.058561
0 0.545484 0.573044 0.061185 0.044134
0 0.652867 0.785495 0.075126 0.056432
0 0.607231 0.499912 0.062491 0.044603
0 0.579855 0.853314 0.071775 0.055677
0 0.780760 0.536364 0.060608 0.042806
0 0.571094 0.733796 0.069158 0.050495
0 0.407556 0.591908 0.061866 0.044779
0 0.592997 0.973991 0.081523 0.048568
0 0.615475 0.541875 0.057539 0.045885
0 0.832524 0.778633 0.080786 0.055195
0 0.395341 0.636621 0.068355 0.049922
0 0.561641 0.672350 0.070477 0.053997
0 0.844807 0.839089 0.065994 0.052266
0 0.573099 0.787249 0.063863 0.053613
0 0.853414 0.899342 0.072687 0.052409
0 0.657795 0.904424 0.061354 0.053626
0 0.806506 0.674085 0.071649 0.051426
0 0.577878 0.913867 0.071042 0.057617
0 0.816471 0.724072 0.069601 0.049277
0 0.658576 0.845658 0.057795 0.047734
0 0.646463 0.729954 0.061189 0.050000
0 0.873359 0.965804 0.084644 0.061009
0 0.532411 0.377939 0.051749 0.039395
0 0.636790 0.633024 0.060395 0.048197
0 0.548759 0.615879 0.065564 0.051536
0 0.636643 0.678783 0.064996 0.049336
0 0.679850 0.971823 0.074570 0.053320
0 0.743479 0.423304 0.060299 0.042116
0 0.804110 0.629336 0.062092 0.047982
0 0.756799 0.460817 0.058763 0.040280
0 0.722533 0.362174 0.053772 0.034961
0 0.398257 0.681305 0.054770 0.046413
0 0.625742 0.591491 0.058255 0.045495
0 0.691059 0.238262 0.038194 0.033516
0 0.726565 0.391702 0.051584 0.035618
0 0.608757 0.465410 0.053980 0.039401