0 0.380317 0.960804 0.084193 0.063249
0 0.389429 0.754971 0.081072 0.055228
0 0.627227 0.612321 0.054870 0.043027
0 0.662973 0.832354 0.076137 0.054251
0 0.392289 0.808594 0.061966 0.054987
0 0.379425 0.882409 0.090239 0.063594
0 0.557077 0.636286 0.059657 0.047389
0 0.856521 0.898210 0.071463 0.049492
0 0.543702 0.512936 0.053064 0.041979
0 0.580102 0.821100 0.069952 0.052826
0 0.388761 0.651331 0.064605 0.050098
0 0.836031 0.830417 0.071385 0.052083
0 0.548511 0.551742 0.063411 0.042728
0 0.642630 0.707526 0.071050 0.049362
0 0.388548 0.519580 0.063980 0.045488
0 0.779410 0.619574 0.072917 0.046283
0 0.649878 0.760199 0.069653 0.049759
0 0.388895 0.563047 0.050039 0.043984
0 0.560495 0.697041 0.071467 0.048158
0 0.553457 0.592428 0.049240 0.042943
0 0.385072 0.696888 0.053320 0.048776
0 0.832852 0.767441 0.083194 0.052760
0 0.571076 0.752233 0.072674 0.053932
0 0.592276 0.959847 0.084622 0.058743
0 0.792439 0.665120 0.062674 0.046257
0 0.817426 0.713551 0.067457 0.045905
0 0.635063 0.657952 0.064414 0.046178
0 0.589499 0.883626 0.077713 0.059141
0 0.389646 0.608493 0.067253 0.044720
0 0.613707 0.531579 0.058663 0.040931
0 0.617496 0.568018 0.059705 0.045684
0 0.535143 0.478512 0.052752 0.037975
0 0.389529 0.480039 0.066532 0.045625
0 0.752598 0.476038 0.058025 0.039668
0 0.610052 0.490137 0.052431 0.044115
0 0.542205 0.444863 0.055043 0.041758
0 0.606437 0.456585 0.054705 0.039382
0 0.723856 0.374476 0.057279 0.038014
0 0.398118 0.416755 0.060421 0.039486
0 0.733006 0.404697 0.045369 0.036790
0 0.605041 0.333776 0.052331 0.040820
0 0.868885 0.962458 0.066701 0.052012
0 0.670460 0.893724 0.062370 0.056615
0 0.537266 0.378766 0.039905 0.033678
0 0.768945 0.580557 0.068108 0.044082
0 0.597257 0.394880 0.056493 0.038509
0 0.760514 0.546445 0.065013 0.044727
0 0.604542 0.425094 0.055161 0.038913
0 0.593531 0.363285 0.048416 0.036660
0 0.668926 0.966045 0.060994 0.053509
0 0.756949 0.511953 0.060078 0.041393
0 0.394230 0.448997 0.045924 0.037031
0 0.542070 0.412428 0.044210 0.036250
0 0.602311 0.302939 0.049240 0.041504
0 0.712350 0.344059 0.042713 0.035358
0 0.681022 0.219521 0.039015 0.030879
0 0.703598 0.315941 0.044193 0.036009
0 0.698184 0.288350 0.052391 0.036335
0 0.593529 0.217852 0.041345 0.028971
0 0.601808 0.263434 0.037001 0.035241
0 0.593856 0.239004 0.046124 0.032318
0 0.683079 0.243825 0.047496 0.028392
0 0.687214 0.265348 0.050764 0.029590