0 0.651975 0.781442 0.075521 0.055293
0 0.832083 0.775661 0.083950 0.051660
0 0.572591 0.784450 0.065330 0.052897
0 0.402773 0.787936 0.075764 0.056380
0 0.657830 0.840394 0.056658 0.045553
0 0.656875 0.898942 0.061493 0.051126
0 0.403887 0.852028 0.074596 0.055293
0 0.579818 0.850742 0.072049 0.054727
0 0.853262 0.896253 0.072878 0.051087
0 0.561085 0.669180 0.071632 0.051927
0 0.768045 0.496849 0.061819 0.041432
0 0.679596 0.969502 0.074271 0.055840
0 0.403249 0.731234 0.073806 0.053991
0 0.790148 0.580091 0.057891 0.042656
0 0.844034 0.835277 0.065239 0.050202
0 0.646081 0.726234 0.061076 0.048184
0 0.226115 0.802738 0.045061 0.110553
0 0.405684 0.593662 0.067036 0.047077
0 0.816517 0.720996 0.069240 0.049753
0 0.570380 0.731217 0.071602 0.049987
0 0.806074 0.670723 0.072574 0.049544
0 0.636176 0.672669 0.065260 0.053867
0 0.577648 0.909108 0.072248 0.059206
0 0.874657 0.962464 0.082760 0.059694
0 0.548605 0.613555 0.065195 0.052279
0 0.544796 0.571995 0.061476 0.045592
0 0.780521 0.535146 0.060356 0.045254
0 0.411230 0.467630 0.051246 0.043190
0 0.576170 0.224421 0.045135 0.036680
0 0.591400 0.968994 0.064492 0.055827
0 0.403574 0.550202 0.051315 0.045078
0 0.406508 0.509893 0.047435 0.043184
0 0.551934 0.532383 0.063424 0.046237
0 0.634171 0.628613 0.058238 0.047383
0 0.607526 0.500492 0.061033 0.044577
0 0.532077 0.376576 0.052817 0.039349
0 0.625888 0.590475 0.059301 0.045326
0 0.727205 0.390814 0.056597 0.039961
0 0.743251 0.421152 0.062665 0.043581
0 0.594273 0.401253 0.056931 0.042337
0 0.756918 0.458301 0.058333 0.044023
0 0.539874 0.492516 0.051441 0.042142
0 0.409583 0.420153 0.060095 0.048809
0 0.527643 0.404889 0.042127 0.037487
0 0.588845 0.300726 0.048264 0.036335
0 0.704683 0.310697 0.056319 0.042943
0 0.592190 0.363779 0.054162 0.047650
0 0.587192 0.268298 0.038299 0.035124
0 0.400113 0.921045 0.063151 0.058431
0 0.607702 0.465023 0.054874 0.039564
0 0.592020 0.331624 0.053181 0.041035
0 0.722040 0.360055 0.054002 0.037194
0 0.698422 0.283662 0.050768 0.028223
0 0.689878 0.238301 0.039002 0.037526