0 0.375678 0.721599 0.074831 0.053029
0 0.831796 0.843778 0.079554 0.054627
0 0.766074 0.562002 0.066612 0.039712
0 0.385726 0.623283 0.064959 0.047390
0 0.864148 0.967784 0.091348 0.056661
0 0.811168 0.743742 0.075447 0.053381
0 0.758722 0.523604 0.063896 0.044295
0 0.386868 0.581777 0.049354 0.040363
0 0.679030 0.970003 0.074299 0.051084
0 0.670477 0.908013 0.061210 0.052485
0 0.563254 0.743600 0.076428 0.051502
0 0.734236 0.422179 0.055999 0.040395
0 0.385854 0.671121 0.072909 0.050349
0 0.740960 0.456978 0.064598 0.043658
0 0.574836 0.853721 0.073531 0.059369
0 0.625175 0.638542 0.063485 0.044212
0 0.561665 0.687568 0.068604 0.049601
0 0.774146 0.601639 0.067694 0.050534
0 0.639493 0.682487 0.061559 0.048187
0 0.367134 0.850766 0.063549 0.051098
0 0.643669 0.731241 0.067655 0.049479
0 0.619051 0.593373 0.060868 0.041915
0 0.830406 0.790878 0.065350 0.051758
0 0.794474 0.647202 0.063763 0.053653
0 0.552285 0.633961 0.059025 0.045065
0 0.586172 0.911256 0.073463 0.053999
0 0.792652 0.693200 0.080761 0.051801
0 0.590306 0.972381 0.064569 0.050029
0 0.568763 0.793042 0.067398 0.052313
0 0.360550 0.779660 0.076937 0.057683
0 0.652777 0.784988 0.076980 0.054391
0 0.611194 0.551070 0.056391 0.042043
0 0.607940 0.514398 0.061230 0.046324
0 0.545463 0.557222 0.060776 0.039617
0 0.548796 0.589324 0.049310 0.039201
0 0.542879 0.513244 0.055007 0.039845
0 0.607060 0.479342 0.054643 0.043820
0 0.711707 0.337422 0.058753 0.039123
0 0.852030 0.904763 0.072886 0.051550
0 0.696991 0.304061 0.040045 0.031300
0 0.658322 0.848070 0.057899 0.053013
0 0.541379 0.442298 0.056154 0.038699
0 0.725656 0.390415 0.053408 0.038755
0 0.383977 0.540446 0.049611 0.043278
0 0.604738 0.448560 0.054280 0.045288
0 0.575833 0.176505 0.039784 0.030444
0 0.384398 0.510642 0.052584 0.038812
0 0.543820 0.478716 0.047576 0.035056
0 0.599326 0.416742 0.051749 0.036308
0 0.592231 0.383564 0.050915 0.035056
0 0.590144 0.357898 0.053419 0.036308
0 0.720353 0.367914 0.051749 0.033804
0 0.701573 0.289037 0.045907 0.028796
0 0.687800 0.247721 0.051749 0.038812