0 0.368365 0.669750 0.072701 0.051273
0 0.371277 0.721546 0.062695 0.052347
0 0.372912 0.769415 0.069206 0.054643
0 0.371049 0.826126 0.064018 0.052240
0 0.381453 0.497149 0.059139 0.042190
0 0.384571 0.417503 0.056801 0.045851
0 0.374668 0.616581 0.054916 0.047871
0 0.764427 0.526688 0.069244 0.044685
0 0.771121 0.569093 0.068103 0.044466
0 0.735738 0.416464 0.063062 0.042839
0 0.377568 0.570302 0.066770 0.055608
0 0.746192 0.451054 0.057549 0.044559
0 0.687521 0.247930 0.042841 0.028207
0 0.789390 0.657156 0.056024 0.045629
0 0.583913 0.361460 0.040701 0.037103
0 0.754393 0.487672 0.056664 0.041986
0 0.575683 0.273388 0.041438 0.040125
0 0.781768 0.608899 0.078068 0.053033
0 0.795121 0.713365 0.071640 0.047638
0 0.609922 0.492116 0.058542 0.046799
0 0.379544 0.536067 0.063112 0.044721
0 0.600152 0.455850 0.053404 0.048596
0 0.659223 0.151756 0.040655 0.030587
0 0.532259 0.477816 0.045941 0.076417
0 0.725981 0.386680 0.062289 0.042871
0 0.705416 0.332638 0.053248 0.032021
0 0.607434 0.531090 0.060541 0.047610
0 0.625055 0.660622 0.064849 0.048967
0 0.548327 0.662119 0.067512 0.047428
0 0.616832 0.612492 0.064896 0.045798
0 0.600578 0.428010 0.050915 0.046324
0 0.546027 0.615259 0.062861 0.046185
0 0.532984 0.458067 0.043434 0.036294
0 0.721009 0.356990 0.048385 0.031387
0 0.609589 0.572635 0.056445 0.041967
0 0.561710 0.760158 0.076312 0.053822
0 0.593483 0.399220 0.041733 0.038825
0 0.817819 0.762564 0.076918 0.050053
0 0.633127 0.711101 0.051738 0.041535
0 0.563636 0.709538 0.067282 0.047524
0 0.566356 0.816757 0.065939 0.055088
0 0.577207 0.877479 0.079294 0.061348
0 0.585136 0.952599 0.081798 0.066356
0 0.642728 0.767303 0.076790 0.053836
0 0.649823 0.824269 0.065939 0.057592
0 0.655248 0.884365 0.060096 0.050080
0 0.669438 0.953851 0.083467 0.058844
0 0.822182 0.824269 0.071782 0.055088
0 0.834702 0.882487 0.073451 0.061348
0 0.849726 0.943209 0.075120 0.065104