0 0.650044 0.771586 0.058666 0.051961
0 0.622414 0.604056 0.059538 0.043793
0 0.558415 0.767581 0.074192 0.049888
0 0.640577 0.720358 0.051846 0.040914
0 0.628329 0.653293 0.071135 0.044799
0 0.665067 0.829122 0.056704 0.053603
0 0.844558 0.880623 0.071528 0.057401
0 0.367932 0.715585 0.069198 0.049845
0 0.562113 0.836368 0.080190 0.064642
0 0.788715 0.671243 0.056938 0.045618
0 0.858255 0.961736 0.075862 0.062377
0 0.375328 0.767357 0.079858 0.058236
0 0.675976 0.896424 0.064344 0.053969
0 0.782021 0.627418 0.072525 0.046601
0 0.608046 0.538561 0.053709 0.040678
0 0.823630 0.820792 0.061548 0.048832
0 0.376252 0.835356 0.067858 0.050124
0 0.565310 0.706497 0.070126 0.049970
0 0.574703 0.896259 0.069278 0.057592
0 0.585554 0.966371 0.085971 0.062600
0 0.701573 0.969501 0.064269 0.056340
0 0.568860 0.155073 0.042568 0.040064
0 0.759999 0.539438 0.054253 0.040064
0 0.764173 0.580128 0.062600 0.043820
0 0.861829 0.774189 0.064269 0.056340