0 0.397691 0.668440 0.075868 0.058129
0 0.400381 0.374894 0.057185 0.043808
0 0.405194 0.616027 0.059732 0.045822
0 0.406060 0.434863 0.056003 0.039999
0 0.371878 0.841171 0.082632 0.061348
0 0.373548 0.906275 0.084302 0.063852
0 0.549663 0.394832 0.044237 0.045072
0 0.554671 0.434270 0.052584 0.036308
0 0.555923 0.469952 0.060096 0.040064
0 0.562183 0.506260 0.054253 0.042568
0 0.566774 0.545698 0.063435 0.048828
0 0.563852 0.587640 0.050915 0.042568
0 0.577207 0.720979 0.069278 0.051332
0 0.583050 0.778571 0.075955 0.058844
0 0.585971 0.837415 0.076790 0.066356
0 0.600578 0.906275 0.079294 0.061348
0 0.600578 0.973157 0.084302 0.052384
0 0.601830 0.253981 0.041733 0.043820
0 0.604334 0.315330 0.040064 0.033804
0 0.609342 0.340370 0.053419 0.033804
0 0.612263 0.374174 0.054253 0.038812
0 0.617271 0.435522 0.054253 0.036308
0 0.620192 0.469326 0.060096 0.041316
0 0.626035 0.508764 0.055088 0.045072
0 0.640642 0.628330 0.069278 0.048828
0 0.649823 0.674654 0.060931 0.046324
0 0.663595 0.732873 0.076790 0.060096
0 0.663595 0.789213 0.071782 0.052584
0 0.680706 0.915039 0.064269 0.051332
0 0.685714 0.973883 0.074286 0.046324
0 0.689887 0.247721 0.049245 0.036308
0 0.694060 0.279021 0.049245 0.036308
0 0.712006 0.349760 0.055088 0.042568
0 0.725361 0.377930 0.045072 0.036308
0 0.730786 0.409230 0.055923 0.033804
0 0.740802 0.441782 0.047576 0.038812
0 0.744558 0.478716 0.065104 0.040064
0 0.755826 0.513772 0.062600 0.047576
0 0.765842 0.551958 0.054253 0.041316
0 0.775441 0.595778 0.076790 0.053836
0 0.792551 0.644606 0.069278 0.051332
0 0.806323 0.695939 0.063435 0.048828
0 0.819261 0.744767 0.065939 0.051332
0 0.829277 0.796099 0.074286 0.046324
0 0.837206 0.848683 0.080128 0.053836
0 0.855152 0.908779 0.069278 0.053836
0 0.883113 0.971279 0.088475 0.056140