0 0.336312 0.848050 0.068637 0.057695
0 0.657178 0.844703 0.067036 0.053400
0 0.332330 0.782573 0.075511 0.060696
0 0.565445 0.739171 0.076986 0.055788
0 0.320243 0.909328 0.072025 0.059247
0 0.649266 0.781471 0.064350 0.053137
0 0.641755 0.732083 0.056090 0.049620
0 0.574099 0.790336 0.071666 0.054022
0 0.801356 0.689268 0.061105 0.052598
0 0.631695 0.687503 0.072299 0.047130
0 0.668153 0.913060 0.060200 0.058216
0 0.792132 0.649875 0.072383 0.049443
0 0.876084 0.972593 0.089853 0.049202
0 0.553304 0.629335 0.062449 0.045909
0 0.776516 0.556758 0.062627 0.045956
0 0.806274 0.739996 0.068027 0.053888
0 0.334264 0.715512 0.077132 0.061458
0 0.574794 0.845958 0.072757 0.059637
0 0.824392 0.789864 0.063367 0.051619
0 0.768118 0.519315 0.057012 0.045161
0 0.628595 0.638193 0.067296 0.055369
0 0.554340 0.678938 0.069061 0.050000
0 0.789869 0.604449 0.070541 0.048992
0 0.340999 0.671368 0.055065 0.056562
0 0.333883 0.621360 0.073322 0.054938
0 0.621318 0.593679 0.065288 0.051102
0 0.761884 0.482596 0.065380 0.044128
0 0.624162 0.557352 0.050934 0.042037
0 0.551414 0.556822 0.064849 0.041713
0 0.619035 0.517877 0.057947 0.043725
0 0.678477 0.972714 0.067866 0.048685
0 0.611800 0.450459 0.041920 0.031928
0 0.696721 0.264940 0.042048 0.032725
0 0.851828 0.906350 0.072819 0.060454
0 0.579123 0.970918 0.087476 0.053705
0 0.612337 0.482367 0.053227 0.036269
0 0.578943 0.211387 0.041562 0.036680
0 0.846252 0.842134 0.084177 0.051501
0 0.581856 0.911184 0.069292 0.054825
0 0.711684 0.349232 0.051779 0.038834