0 0.531467 0.469671 0.053870 0.040363
0 0.524132 0.432549 0.049098 0.037887
0 0.623989 0.646340 0.064068 0.048013
0 0.594533 0.482769 0.043132 0.042218
0 0.603385 0.332045 0.051978 0.037188
0 0.611575 0.598319 0.061824 0.047228
0 0.758260 0.513622 0.062762 0.042924
0 0.604346 0.520054 0.056015 0.039367
0 0.691955 0.257111 0.048448 0.035056
0 0.611894 0.560170 0.051394 0.036720
0 0.720651 0.408677 0.056637 0.036496
0 0.551469 0.632017 0.061081 0.049774
0 0.587629 0.450246 0.051332 0.042502
0 0.395618 0.533351 0.068362 0.046915
0 0.745507 0.477009 0.064925 0.038903
0 0.395775 0.585052 0.064423 0.044617
0 0.735384 0.442154 0.055868 0.034956
0 0.403254 0.673600 0.068237 0.049106
0 0.596815 0.276281 0.037239 0.039639
0 0.672513 0.190385 0.049860 0.030565
0 0.394426 0.428380 0.061932 0.037838
0 0.401697 0.495866 0.047491 0.040295
0 0.599927 0.248764 0.037192 0.033385
0 0.538660 0.551438 0.062904 0.042356
0 0.630451 0.704532 0.066416 0.046147
0 0.327988 0.831838 0.080615 0.056408
0 0.400458 0.462302 0.044943 0.034297
0 0.586447 0.424286 0.047458 0.036243
0 0.789765 0.644953 0.069707 0.042624
0 0.775115 0.602735 0.070764 0.047718
0 0.703832 0.345353 0.057294 0.038495
0 0.654911 0.809886 0.077675 0.051834
0 0.404013 0.793595 0.061765 0.051332
0 0.410690 0.853065 0.068443 0.060096
0 0.567191 0.763547 0.070947 0.048828
0 0.571364 0.816757 0.075955 0.050080
0 0.581798 0.871845 0.078459 0.057592
0 0.586388 0.928185 0.059261 0.062600
0 0.659839 0.874349 0.064269 0.052584
0 0.674028 0.937575 0.072616 0.063852
0 0.641059 0.756661 0.068443 0.050080
0 0.585971 0.393580 0.050080 0.040064
0 0.602664 0.306566 0.048411 0.038812
0 0.794221 0.695939 0.070947 0.051332
0 0.811331 0.751653 0.065104 0.050080
0 0.826356 0.813627 0.075120 0.053836
0 0.838041 0.878731 0.071782 0.056340
0 0.869341 0.947591 0.090979 0.061348
0 0.772937 0.558218 0.058427 0.041316
0 0.720353 0.377930 0.058427 0.038812
0 0.714927 0.312200 0.045907 0.035056
0 0.689470 0.232697 0.040064 0.028796