0 0.391732 0.786131 0.077069 0.055020
0 0.671589 0.914666 0.068706 0.054411
0 0.589297 0.850813 0.071784 0.053481
0 0.612795 0.559096 0.059178 0.041812
0 0.589017 0.913370 0.072099 0.056863
0 0.665499 0.854733 0.077094 0.055558
0 0.647350 0.795306 0.066429 0.047305
0 0.387725 0.911407 0.082656 0.059092
0 0.770759 0.550032 0.068562 0.047231
0 0.832157 0.795728 0.075686 0.051057
0 0.630915 0.691568 0.065641 0.046290
0 0.814836 0.740912 0.054756 0.046127
0 0.857714 0.910111 0.070986 0.052210
0 0.776605 0.594039 0.066334 0.052081
0 0.211419 0.977272 0.091380 0.041212
0 0.790002 0.642211 0.061942 0.051143
0 0.848343 0.845586 0.059923 0.052304
0 0.803628 0.687272 0.070118 0.049653
0 0.687452 0.977897 0.082963 0.039578
0 0.754763 0.511792 0.068065 0.043616
0 0.600179 0.979678 0.082178 0.036482
0 0.635912 0.741336 0.059419 0.049668
0 0.616085 0.600880 0.059417 0.045297
0 0.576276 0.784831 0.057784 0.058844
0 0.626611 0.643883 0.067823 0.048529
0 0.879411 0.975804 0.076394 0.044722