0 0.210111 0.825732 0.093095 0.063145
0 0.309191 0.608968 0.072687 0.048678
0 0.194342 0.897285 0.093815 0.058294
0 0.382268 0.769199 0.079588 0.062331
0 0.762170 0.536732 0.063177 0.044570
0 0.803424 0.674033 0.077587 0.048887
0 0.389505 0.901335 0.080720 0.064102
0 0.776656 0.578275 0.068138 0.044974
0 0.666610 0.890618 0.063394 0.051328
0 0.224342 0.721022 0.069240 0.050872
0 0.659744 0.825400 0.079358 0.060553
0 0.754091 0.499886 0.059518 0.040918
0 0.641649 0.674001 0.073290 0.050449
0 0.860922 0.970638 0.075109 0.052643
0 0.213746 0.768151 0.065877 0.054427
0 0.381300 0.622454 0.064779 0.049648
0 0.732975 0.432780 0.057348 0.043073
0 0.379136 0.574440 0.073177 0.057044
0 0.398917 0.414645 0.054023 0.039928
0 0.543505 0.539290 0.065299 0.050156
0 0.382020 0.533210 0.068016 0.044727
0 0.391296 0.966243 0.074831 0.060221
0 0.812604 0.730804 0.061450 0.052493
0 0.632287 0.616247 0.066892 0.052520
0 0.381168 0.712995 0.078637 0.061419
0 0.640397 0.722324 0.075968 0.058841
0 0.553587 0.580508 0.050412 0.043750
0 0.677385 0.960719 0.080768 0.057116
0 0.846884 0.903330 0.072726 0.054902
0 0.602129 0.399121 0.055924 0.041576
0 0.393568 0.450003 0.049931 0.041569
0 0.651704 0.775179 0.058155 0.049421
0 0.829718 0.835521 0.064323 0.048164
0 0.580421 0.969408 0.090148 0.056719
0 0.557507 0.724284 0.071237 0.050885
0 0.749056 0.464567 0.052339 0.040514
0 0.550699 0.623200 0.066693 0.054186
0 0.575082 0.772715 0.075582 0.056432
0 0.606964 0.494613 0.056836 0.044733
0 0.539985 0.498877 0.059770 0.045736
0 0.620369 0.569567 0.054948 0.049681
0 0.722465 0.398984 0.055712 0.041523
0 0.386992 0.838942 0.069158 0.058861
0 0.388234 0.487969 0.050052 0.046094
0 0.602339 0.430928 0.055460 0.039681
0 0.558672 0.676947 0.070599 0.050195
0 0.784792 0.618864 0.058151 0.051634
0 0.577932 0.897217 0.071463 0.057611
0 0.825289 0.778382 0.068043 0.053249
0 0.608743 0.532865 0.060482 0.046849
0 0.712828 0.369176 0.053025 0.034095
0 0.536421 0.432106 0.055629 0.043223
0 0.671714 0.212204 0.048715 0.036973
0 0.709117 0.343467 0.054466 0.036009
0 0.582858 0.232884 0.043511 0.029779
0 0.537650 0.465690 0.050412 0.039232
0 0.702763 0.313737 0.047574 0.034518
0 0.678913 0.237363 0.043346 0.036276
0 0.691554 0.286751 0.045356 0.034909
0 0.603611 0.462272 0.057839 0.041497
0 0.588110 0.283470 0.051775 0.037448
0 0.587068 0.258789 0.049553 0.039714
0 0.686777 0.264473 0.050612 0.029258
0 0.591352 0.308112 0.052956 0.037487
0 0.594082 0.333232 0.054553 0.038105
0 0.592062 0.356081 0.047431 0.042005