0 0.393394 0.570595 0.064084 0.049526
0 0.387207 0.826545 0.067829 0.056504
0 0.385238 0.773484 0.070622 0.054812
0 0.386562 0.714975 0.075933 0.056740
0 0.556420 0.712079 0.074565 0.050762
0 0.555796 0.662090 0.061372 0.050391
0 0.545836 0.570987 0.062269 0.050055
0 0.560379 0.133458 0.042511 0.038036
0 0.559968 0.759338 0.078800 0.062847
0 0.735330 0.466139 0.057037 0.040995
0 0.753181 0.538195 0.061259 0.043609
0 0.565583 0.819944 0.071827 0.058737
0 0.384927 0.656570 0.068666 0.050218
0 0.706060 0.343137 0.059959 0.037914
0 0.732169 0.431382 0.058281 0.038433
0 0.773960 0.620048 0.065020 0.043908
0 0.396871 0.494997 0.054159 0.040073
0 0.767591 0.574418 0.070506 0.050153
0 0.721529 0.400011 0.052660 0.039712
0 0.629317 0.714501 0.064036 0.053092
0 0.645768 0.820818 0.062931 0.055938
0 0.549253 0.613461 0.050687 0.050308
0 0.717262 0.371914 0.055446 0.037632
0 0.537814 0.492761 0.057850 0.041838
0 0.641343 0.767778 0.069395 0.053547
0 0.796417 0.712678 0.068241 0.047414
0 0.694468 0.289280 0.053265 0.042815
0 0.624462 0.615187 0.055054 0.050993
0 0.744734 0.498940 0.053078 0.046670
0 0.701141 0.316340 0.053378 0.029769
0 0.848746 0.945695 0.087199 0.055603
0 0.817308 0.762248 0.063078 0.045354
0 0.606084 0.496724 0.060801 0.044843
0 0.779448 0.660149 0.074440 0.047461
0 0.610326 0.533954 0.056696 0.043141
0 0.586484 0.367217 0.057400 0.037702
0 0.652408 0.883248 0.059206 0.050684
0 0.542369 0.530621 0.058741 0.044380
0 0.632377 0.660735 0.069261 0.052651
0 0.400497 0.529709 0.056131 0.045291
0 0.840191 0.876964 0.070894 0.050685
0 0.688891 0.243820 0.043372 0.031234
0 0.531762 0.394778 0.051349 0.036701
0 0.387546 0.612042 0.052907 0.047420
0 0.689049 0.261213 0.043266 0.025737
0 0.594212 0.425881 0.061955 0.039764
0 0.536603 0.455394 0.058013 0.041735
0 0.818932 0.817911 0.070265 0.051034
0 0.587187 0.393672 0.045560 0.035371
0 0.601965 0.459837 0.056674 0.043594
0 0.534167 0.422597 0.051041 0.040066
0 0.585365 0.336792 0.057216 0.035952
0 0.570530 0.882487 0.072616 0.058844
0 0.574286 0.956355 0.085136 0.068860
0 0.663595 0.955729 0.066774 0.057592
0 0.396918 0.458684 0.052584 0.040064