0 0.831127 0.791486 0.073059 0.049542
0 0.778265 0.589420 0.074564 0.051092
0 0.801714 0.684883 0.074249 0.050908
0 0.398813 0.553994 0.067144 0.046459
0 0.768886 0.547084 0.073268 0.049598
0 0.391111 0.681843 0.069468 0.052345
0 0.788456 0.635455 0.064426 0.054610
0 0.398629 0.632779 0.068636 0.048063
0 0.755308 0.506413 0.065455 0.043331
0 0.847542 0.844446 0.062404 0.062309
0 0.816037 0.738796 0.056152 0.060770
0 0.394832 0.435522 0.046741 0.046324
0 0.592600 0.412253 0.059396 0.040041
0 0.858669 0.908216 0.071304 0.057467
0 0.398659 0.632595 0.068586 0.048201
0 0.526278 0.402641 0.054807 0.039429
0 0.603929 0.308611 0.036994 0.036884
0 0.675424 0.209461 0.046021 0.031273
0 0.378352 0.845601 0.093687 0.061488
0 0.395666 0.476212 0.063435 0.045072
0 0.399422 0.786083 0.064269 0.053836
0 0.391910 0.909405 0.074286 0.065104
0 0.575955 0.783579 0.063435 0.058844
0 0.557175 0.677784 0.059261 0.052584
0 0.552584 0.632712 0.065104 0.045072
0 0.544237 0.592648 0.063435 0.045072
0 0.542985 0.509390 0.064269 0.046324
0 0.538812 0.474960 0.050915 0.040064
0 0.540481 0.436774 0.055923 0.043820
0 0.590144 0.848683 0.070112 0.058844
0 0.591396 0.915039 0.075955 0.063852
0 0.595987 0.975135 0.080128 0.046324
0 0.689052 0.974509 0.082632 0.047576
0 0.670272 0.916291 0.066774 0.058844
0 0.664847 0.855569 0.075955 0.055088
0 0.650240 0.796725 0.065104 0.050080
0 0.637720 0.741637 0.060096 0.047576
0 0.629791 0.692182 0.064269 0.048828
0 0.627287 0.642728 0.064269 0.050080
0 0.614350 0.598908 0.063435 0.040064
0 0.610594 0.556966 0.064269 0.043820
0 0.610176 0.520032 0.058427 0.045072
0 0.605168 0.480594 0.058427 0.043820
0 0.589310 0.381686 0.056757 0.043820
0 0.600578 0.353516 0.042568 0.035056
0 0.592648 0.222681 0.050080 0.038812
0 0.693643 0.262745 0.045072 0.031300
0 0.696565 0.283403 0.052584 0.032552
0 0.700738 0.315330 0.049245 0.036308
0 0.725778 0.391702 0.044237 0.036308
0 0.730786 0.428636 0.054253 0.042568
0 0.749566 0.468700 0.063435 0.047576
0 0.881444 0.974509 0.076790 0.047576