0 0.810805 0.737237 0.080547 0.052537
0 0.789858 0.645455 0.071928 0.050195
0 0.806447 0.687679 0.074442 0.047008
0 0.754792 0.477101 0.057553 0.041122
0 0.788405 0.601332 0.059386 0.047328
0 0.775777 0.556359 0.065292 0.045072
0 0.765027 0.515542 0.071889 0.043988
0 0.650243 0.787571 0.062618 0.047909
0 0.569925 0.730284 0.068577 0.051389
0 0.571999 0.784031 0.072916 0.055593
0 0.569395 0.681343 0.065855 0.047706
0 0.651922 0.846632 0.076797 0.053067
0 0.643647 0.688346 0.070449 0.051401
0 0.817500 0.787935 0.061082 0.047778
0 0.699615 0.290131 0.047001 0.036626
0 0.748140 0.438949 0.056855 0.039114
0 0.838864 0.847035 0.071117 0.049675
0 0.593633 0.306816 0.048111 0.031802
0 0.639983 0.734155 0.054543 0.041176
0 0.593338 0.354414 0.048631 0.033959
0 0.736211 0.405215 0.052020 0.038715
0 0.724109 0.369166 0.052584 0.041316
0 0.693307 0.262355 0.045151 0.038444
0 0.712423 0.342248 0.047576 0.032552
0 0.614065 0.477111 0.056406 0.042497
0 0.599157 0.382471 0.049636 0.039877
0 0.552882 0.512244 0.057116 0.037228
0 0.551655 0.472498 0.055433 0.040512
0 0.619042 0.515412 0.059814 0.047193
0 0.626009 0.560935 0.061316 0.044485
0 0.560176 0.628418 0.048251 0.041492
0 0.669282 0.150754 0.040375 0.030174
0 0.685714 0.213291 0.040899 0.030048
0 0.578838 0.232941 0.042644 0.031787
0 0.631931 0.641841 0.061660 0.043297
0 0.857883 0.908754 0.089193 0.061368
0 0.314943 0.679576 0.075300 0.046631
0 0.420289 0.349760 0.044237 0.035056
0 0.415281 0.386694 0.059261 0.041316
0 0.400257 0.443660 0.049245 0.032552
0 0.401092 0.479968 0.054253 0.040064
0 0.399005 0.515650 0.055088 0.041316
0 0.397753 0.554462 0.047576 0.041316
0 0.395666 0.593900 0.066774 0.042568
0 0.393580 0.630208 0.050915 0.045072
0 0.391910 0.683418 0.057592 0.046324
0 0.390241 0.731621 0.070947 0.050080
0 0.338074 0.777319 0.060096 0.051332
0 0.334736 0.846179 0.065104 0.051332
0 0.330980 0.903771 0.070947 0.056340
0 0.554671 0.550706 0.052584 0.036308
0 0.561348 0.593900 0.049245 0.040064
0 0.575955 0.853691 0.073451 0.051332
0 0.579711 0.913787 0.070947 0.053836
0 0.588058 0.976287 0.085971 0.046124
0 0.661508 0.912535 0.069278 0.051332
0 0.672359 0.973257 0.059261 0.045072
0 0.630208 0.603290 0.048411 0.038812
0 0.609342 0.446164 0.050080 0.040064
0 0.606003 0.417994 0.053419 0.033804
0 0.589310 0.281525 0.045072 0.031300
0 0.586806 0.257737 0.046741 0.031300
0 0.579294 0.210787 0.040064 0.027544
0 0.575538 0.185747 0.032552 0.025040
0 0.568860 0.167593 0.040899 0.026292
0 0.570947 0.148813 0.036725 0.028796
0 0.672359 0.171975 0.039229 0.025040
0 0.681123 0.191381 0.040064 0.026292
0 0.709919 0.320338 0.050915 0.033804
0 0.862664 0.974509 0.072616 0.045072
0 0.689024 0.235989 0.046085 0.027507