0 0.387838 0.730425 0.073917 0.056181
0 0.584839 0.857982 0.076195 0.060277
0 0.659934 0.858626 0.059313 0.049774
0 0.577423 0.740619 0.077219 0.053385
0 0.393388 0.678456 0.070641 0.052742
0 0.652140 0.699012 0.064643 0.055201
0 0.577869 0.923059 0.078948 0.067844
0 0.670266 0.924231 0.073456 0.061646
0 0.394194 0.629926 0.068835 0.048456
0 0.397643 0.585305 0.069539 0.051774
0 0.578883 0.640640 0.069767 0.051761
0 0.400155 0.546091 0.056130 0.040245
0 0.638787 0.604521 0.057243 0.042556
0 0.622488 0.482062 0.062421 0.047284
0 0.787363 0.646383 0.068905 0.050277
0 0.777758 0.605076 0.067211 0.048238
0 0.628604 0.564110 0.060014 0.046741
0 0.392917 0.784381 0.054597 0.057240
0 0.727447 0.414341 0.065939 0.038605
0 0.578813 0.790793 0.062728 0.059440
0 0.648466 0.649358 0.053629 0.045811
0 0.571926 0.684719 0.054067 0.048821
0 0.698966 0.277602 0.049041 0.039147
0 0.576037 0.593414 0.065488 0.047281
0 0.829760 0.797629 0.076623 0.049372
0 0.565407 0.557920 0.068678 0.041345
0 0.715969 0.347322 0.059676 0.042436
0 0.802091 0.690691 0.059752 0.048453
0 0.555481 0.482002 0.057544 0.038427
0 0.611864 0.416436 0.050043 0.040704
0 0.725657 0.380000 0.057528 0.040412
0 0.601891 0.329173 0.048509 0.035488
0 0.845375 0.854191 0.069094 0.052933
0 0.601513 0.383166 0.052112 0.039131
0 0.393162 0.847431 0.088475 0.063852
0 0.614494 0.449816 0.052968 0.040026
0 0.403008 0.504540 0.044452 0.042016
0 0.558633 0.519521 0.056790 0.035966
0 0.860716 0.923370 0.076952 0.058644
0 0.876197 0.976306 0.085563 0.043145
0 0.400339 0.471551 0.050696 0.039053
0 0.808295 0.738169 0.067838 0.053160
0 0.688635 0.223933 0.040064 0.031300
0 0.396746 0.424407 0.060585 0.051025
0 0.547784 0.450602 0.052715 0.041393
0 0.760834 0.522536 0.060931 0.047576
0 0.548710 0.415101 0.049041 0.034356
0 0.601550 0.303435 0.042293 0.037560
0 0.678570 0.973513 0.068828 0.045628
0 0.386068 0.922551 0.080963 0.061348
0 0.654414 0.749775 0.053419 0.056340
0 0.602247 0.360402 0.047576 0.036308
0 0.595987 0.278395 0.036725 0.032552
0 0.594318 0.261493 0.045072 0.028796
0 0.593900 0.235201 0.044237 0.031300
0 0.593483 0.215795 0.045072 0.032552
0 0.593066 0.195137 0.034221 0.028796
0 0.677784 0.205153 0.038395 0.023788
0 0.693226 0.251477 0.049245 0.031300
0 0.737046 0.449920 0.058427 0.045072