0 0.827257 0.720067 0.080574 0.050884
0 0.593758 0.268458 0.047735 0.039975
0 0.813893 0.670410 0.072983 0.054383
0 0.600969 0.356170 0.050541 0.037092
0 0.611570 0.527224 0.065514 0.050065
0 0.607039 0.469857 0.048843 0.043631
0 0.618723 0.572268 0.059987 0.047243
0 0.739552 0.460826 0.054863 0.043973
0 0.782884 0.565731 0.062383 0.047833
0 0.622358 0.625671 0.061230 0.048722
0 0.796619 0.611275 0.066170 0.047283
0 0.652066 0.846995 0.058620 0.051487
0 0.716950 0.353970 0.052658 0.038678
0 0.765418 0.521966 0.062483 0.049061
0 0.733578 0.425151 0.056521 0.039864
0 0.639729 0.786695 0.070224 0.050356
0 0.582486 0.168580 0.039817 0.030540
0 0.708156 0.302953 0.052875 0.034197
0 0.622799 0.669648 0.058206 0.043344
0 0.724408 0.396345 0.056817 0.047592
0 0.578588 0.969279 0.086058 0.055397
0 0.386722 0.719814 0.054270 0.048522
0 0.654104 0.911148 0.059145 0.048450
0 0.857977 0.902019 0.070111 0.053276
0 0.628483 0.723503 0.065458 0.051075
0 0.867712 0.965573 0.086725 0.061005
0 0.391708 0.669825 0.052473 0.046630
0 0.660720 0.971625 0.059241 0.048309
0 0.372450 0.900021 0.084698 0.056002
0 0.840662 0.842300 0.071190 0.051689
0 0.380677 0.766197 0.070955 0.049351
0 0.394546 0.628921 0.059805 0.043042
0 0.549385 0.660816 0.071714 0.047858
0 0.555469 0.716113 0.070129 0.048416
0 0.560030 0.780228 0.072871 0.056320
0 0.377864 0.832023 0.059821 0.045938
0 0.579416 0.902855 0.072370 0.058265
0 0.570112 0.836789 0.069278 0.048828
0 0.606420 0.438026 0.043403 0.037560