0 0.814961 0.782868 0.083759 0.053001
0 0.563937 0.903493 0.084852 0.062012
0 0.561634 0.725124 0.072930 0.057188
0 0.629425 0.635970 0.067096 0.050625
0 0.661421 0.900498 0.089440 0.066608
0 0.560119 0.673685 0.078234 0.055937
0 0.551204 0.628402 0.064032 0.046960
0 0.392192 0.847712 0.065608 0.054447
0 0.616651 0.552682 0.057105 0.044401
0 0.863908 0.969603 0.084501 0.054531
0 0.404128 0.679137 0.055347 0.052090
0 0.402274 0.550283 0.062977 0.047220
0 0.752595 0.519707 0.064540 0.042174
0 0.399071 0.730160 0.078160 0.058861
0 0.568976 0.836449 0.071146 0.057233
0 0.401710 0.629053 0.064436 0.056608
0 0.543186 0.510023 0.059714 0.042585
0 0.645523 0.785195 0.076940 0.059297
0 0.599169 0.386895 0.053754 0.040807
0 0.631265 0.681510 0.054223 0.049518
0 0.787313 0.634850 0.063116 0.050625
0 0.809412 0.727617 0.078650 0.050508
0 0.647051 0.840238 0.076628 0.055267
0 0.614531 0.514710 0.060859 0.045553
0 0.746285 0.483688 0.064280 0.043483
0 0.796250 0.677699 0.057726 0.048366
0 0.778874 0.589867 0.071350 0.051113
0 0.546868 0.548376 0.062131 0.044355
0 0.568149 0.778034 0.071549 0.054505
0 0.726801 0.416699 0.061719 0.043919
0 0.402435 0.512181 0.062049 0.044479
0 0.621170 0.593812 0.050056 0.039915
0 0.668529 0.970846 0.086832 0.053190
0 0.637437 0.730703 0.064544 0.051133
0 0.845228 0.898327 0.072652 0.053281
0 0.552530 0.589502 0.066502 0.045085
0 0.577329 0.969756 0.072999 0.053652
0 0.403611 0.589277 0.061441 0.047253
0 0.838240 0.833363 0.084353 0.056270
0 0.539004 0.412340 0.055681 0.036921
0 0.396992 0.785977 0.060226 0.059583
0 0.537600 0.442881 0.051849 0.037715
0 0.699286 0.285723 0.048615 0.034049
0 0.739438 0.448919 0.055638 0.038437
0 0.689688 0.241670 0.048819 0.031491
0 0.406743 0.444326 0.061706 0.043861
0 0.766202 0.553337 0.064540 0.044121
0 0.406641 0.377949 0.054870 0.038320
0 0.290506 0.744180 0.042114 0.079831
0 0.602704 0.476868 0.055946 0.039870
0 0.593557 0.303392 0.050933 0.038815
0 0.717203 0.360228 0.048190 0.038073
0 0.407539 0.409961 0.052778 0.039583
0 0.537112 0.475934 0.053199 0.038548
0 0.579559 0.218434 0.045864 0.034382
0 0.601645 0.445771 0.046476 0.035931
0 0.577654 0.194274 0.041810 0.029629
0 0.693457 0.262588 0.046723 0.028822
0 0.720480 0.387861 0.051810 0.033483
0 0.711562 0.335078 0.047161 0.034661
0 0.540562 0.379756 0.043772 0.042129
0 0.706126 0.311702 0.054197 0.031204
0 0.587949 0.255483 0.038078 0.035393
0 0.587645 0.353020 0.071089 0.042910
0 0.598118 0.330706 0.048103 0.036191