0 0.395017 0.660947 0.071146 0.058014
0 0.655043 0.781260 0.077344 0.052611
0 0.392949 0.832900 0.070317 0.054147
0 0.812626 0.782943 0.069036 0.052292
0 0.829846 0.839932 0.079414 0.052038
0 0.394918 0.772116 0.071918 0.056393
0 0.396066 0.713789 0.053242 0.048893
0 0.399952 0.575195 0.065417 0.047201
0 0.637391 0.669674 0.070720 0.052865
0 0.654045 0.845661 0.078099 0.060592
0 0.403383 0.491624 0.058546 0.044173
0 0.404779 0.377135 0.058273 0.045052
0 0.596656 0.326292 0.040404 0.038535
0 0.398993 0.617308 0.067908 0.047103
0 0.583429 0.967660 0.086172 0.058236
0 0.642632 0.719645 0.073945 0.052507
0 0.765224 0.554635 0.068286 0.048047
0 0.582791 0.365391 0.054844 0.044349
0 0.405139 0.453496 0.049366 0.039635
0 0.572624 0.901165 0.075734 0.061263
0 0.314937 0.828965 0.074076 0.057552
0 0.800490 0.684512 0.069722 0.051250
0 0.398103 0.532734 0.048958 0.044180
0 0.659922 0.901465 0.063733 0.059570
0 0.316623 0.892562 0.083160 0.056400
0 0.574612 0.769007 0.084414 0.061335
0 0.558016 0.666777 0.071840 0.050677
0 0.531187 0.427227 0.059631 0.043633
0 0.792990 0.635638 0.075495 0.055534
0 0.777391 0.594658 0.073438 0.045293
0 0.569262 0.832884 0.077405 0.059948
0 0.589392 0.231361 0.047161 0.036250
0 0.404609 0.417318 0.042708 0.038971
0 0.843659 0.904255 0.074948 0.054928
0 0.813307 0.729652 0.062708 0.053353
0 0.613164 0.537389 0.055885 0.042565
0 0.554123 0.623031 0.067587 0.048522
0 0.545124 0.538952 0.057678 0.044245
0 0.585221 0.195465 0.040911 0.030775
0 0.562220 0.716608 0.077426 0.061445
0 0.540013 0.462975 0.053056 0.044271
0 0.859301 0.959831 0.068594 0.055612
0 0.629542 0.618242 0.054484 0.050039
0 0.740727 0.452012 0.059562 0.048151
0 0.552530 0.579876 0.065252 0.046211
0 0.667437 0.968086 0.062010 0.053151
0 0.596426 0.433486 0.053043 0.042663
0 0.623869 0.577191 0.058824 0.047246
0 0.543861 0.501481 0.050326 0.040996
0 0.731343 0.418965 0.057522 0.040911
0 0.721612 0.390371 0.054926 0.035299
0 0.685028 0.238994 0.048893 0.036100
0 0.705189 0.310299 0.043511 0.034271
0 0.589110 0.402217 0.054141 0.040618
0 0.713372 0.341165 0.045365 0.034935
0 0.702422 0.285085 0.045373 0.034740