0 0.398043 0.786240 0.078898 0.056478
0 0.795530 0.634027 0.069575 0.044746
0 0.389974 0.841279 0.060938 0.051764
0 0.395011 0.497044 0.058911 0.041797
0 0.556037 0.503447 0.057109 0.039603
0 0.385699 0.894229 0.063125 0.057949
0 0.399941 0.720433 0.068832 0.052741
0 0.408173 0.382471 0.058212 0.045827
0 0.871576 0.951517 0.091050 0.057552
0 0.798993 0.681260 0.066380 0.046439
0 0.850467 0.891693 0.073451 0.053424
0 0.396669 0.616221 0.066628 0.047520
0 0.748516 0.475687 0.061927 0.043145
0 0.769490 0.546725 0.067895 0.044258
0 0.557873 0.541520 0.058715 0.042129
0 0.625195 0.544281 0.060608 0.045710
0 0.811656 0.729616 0.072001 0.048711
0 0.593188 0.969671 0.084605 0.058522
0 0.703900 0.344486 0.052140 0.039753
0 0.597133 0.374232 0.055794 0.036810
0 0.393537 0.665120 0.076806 0.055345
0 0.589095 0.898148 0.078043 0.059056
0 0.571489 0.675687 0.068845 0.050618
0 0.733915 0.435000 0.060113 0.042539
0 0.719427 0.402995 0.052873 0.039023
0 0.781302 0.588213 0.058316 0.047389
0 0.571066 0.726549 0.064067 0.049557
0 0.572728 0.779115 0.077357 0.053906
0 0.583911 0.832959 0.070078 0.053809
0 0.655903 0.782393 0.073116 0.054694
0 0.840417 0.831481 0.069323 0.050046
0 0.398240 0.575117 0.065681 0.043906
0 0.624460 0.585602 0.054779 0.044655
0 0.563802 0.626156 0.063854 0.045931
0 0.650345 0.727637 0.061984 0.050391
0 0.829989 0.777220 0.069362 0.052109
0 0.666146 0.897757 0.059609 0.052507
0 0.662394 0.839665 0.063537 0.053470
0 0.623845 0.505485 0.062986 0.045853
0 0.678542 0.272041 0.046476 0.032689
0 0.758010 0.512773 0.062218 0.038333
0 0.630180 0.627874 0.060951 0.046152
0 0.641714 0.674860 0.055000 0.052350
0 0.397038 0.534775 0.048147 0.040970
0 0.562595 0.581615 0.049549 0.043125
0 0.605425 0.403994 0.050095 0.037897
0 0.617398 0.468337 0.052721 0.045397
0 0.712977 0.375866 0.050503 0.034336
0 0.690495 0.295378 0.053533 0.037695
0 0.675276 0.969775 0.075178 0.056608
0 0.611426 0.435895 0.053702 0.038639
0 0.696845 0.318490 0.043576 0.034570