0 0.315457 0.846739 0.065460 0.055462
0 0.357134 0.716892 0.069204 0.050300
0 0.320158 0.771384 0.076091 0.055520
0 0.788148 0.647190 0.066314 0.042580
0 0.754524 0.519408 0.066030 0.049182
0 0.575226 0.171714 0.041222 0.030833
0 0.801653 0.692748 0.070071 0.046796
0 0.773849 0.563195 0.067168 0.045486
0 0.354136 0.667773 0.070913 0.052132
0 0.783033 0.599187 0.063833 0.045581
0 0.682398 0.923585 0.085067 0.055925
0 0.701706 0.290139 0.052980 0.035550
0 0.727446 0.441439 0.054696 0.037889
0 0.691856 0.254372 0.040789 0.038010
0 0.841695 0.843656 0.071101 0.051898
0 0.723953 0.402792 0.057747 0.039510
0 0.642149 0.745293 0.063247 0.049570
0 0.631366 0.695033 0.063733 0.049181
0 0.824070 0.789386 0.065303 0.051158
0 0.618168 0.608287 0.060840 0.045315
0 0.564749 0.650296 0.063185 0.047720
0 0.655064 0.809338 0.063641 0.051995
0 0.359508 0.534064 0.050660 0.044827
0 0.664109 0.861802 0.059488 0.051095
0 0.379932 0.496096 0.063406 0.040083
0 0.580873 0.277468 0.048180 0.038329
0 0.599258 0.454475 0.055622 0.041259
0 0.712900 0.319361 0.050425 0.033804
0 0.757158 0.475179 0.059644 0.043245
0 0.630061 0.652835 0.048557 0.038226
0 0.581199 0.866973 0.080838 0.057535
0 0.686787 0.206357 0.049603 0.033715
0 0.580300 0.811628 0.076125 0.057033
0 0.688337 0.232762 0.049603 0.032058
0 0.714242 0.374708 0.049529 0.033870
0 0.602933 0.495269 0.054550 0.039552
0 0.403442 0.378963 0.058206 0.044015
0 0.588762 0.937443 0.081292 0.055798
0 0.848985 0.902731 0.082581 0.061600
0 0.562436 0.694845 0.054427 0.044315
0 0.358802 0.576233 0.050148 0.045463
0 0.597045 0.315917 0.039590 0.032029
0 0.537435 0.477270 0.056785 0.044392
0 0.714698 0.343226 0.043276 0.029404
0 0.565079 0.747584 0.079859 0.055706
0 0.578132 0.340931 0.056749 0.045092
0 0.871257 0.968218 0.090627 0.055975
0 0.356243 0.620797 0.050823 0.046674
0 0.356060 0.620748 0.050739 0.046369
0 0.607861 0.529621 0.057096 0.040827
0 0.532109 0.412771 0.049036 0.039245
0 0.534197 0.447986 0.052893 0.036413
0 0.591725 0.396973 0.045966 0.038273
0 0.610710 0.565927 0.051013 0.042872
0 0.543135 0.518362 0.057700 0.040356
0 0.552454 0.601168 0.056676 0.044116
0 0.551153 0.558036 0.058904 0.041853
0 0.588743 0.371443 0.037977 0.036040
0 0.683790 0.979880 0.067163 0.038938
0 0.597476 0.990137 0.089648 0.018425