0 0.826844 0.783834 0.085306 0.053323
0 0.391767 0.623372 0.067832 0.049876
0 0.647904 0.778873 0.061240 0.054317
0 0.388325 0.725082 0.074375 0.061901
0 0.565640 0.734560 0.076126 0.054867
0 0.803228 0.728787 0.072963 0.055748
0 0.638473 0.637314 0.066483 0.053406
0 0.395098 0.679180 0.071248 0.042856
0 0.403449 0.541913 0.068408 0.045570
0 0.405305 0.433680 0.056650 0.043847
0 0.581108 0.840233 0.073721 0.059792
0 0.658398 0.846007 0.065483 0.050988
0 0.631066 0.682556 0.066218 0.045234
0 0.396579 0.778508 0.057322 0.049363
0 0.666628 0.904519 0.060799 0.053068
0 0.559213 0.680219 0.067213 0.053916
0 0.397606 0.580920 0.050494 0.044852
0 0.776882 0.595045 0.072368 0.046305
0 0.639520 0.726072 0.062445 0.052223
0 0.731135 0.427828 0.053555 0.039177
0 0.576224 0.782816 0.054356 0.061660
0 0.741830 0.471743 0.057839 0.037236
0 0.624374 0.550108 0.060079 0.045128
0 0.750397 0.510040 0.058434 0.045120
0 0.801146 0.680687 0.063773 0.051788
0 0.404760 0.501779 0.059109 0.040921
0 0.553955 0.633220 0.050747 0.050034
0 0.631952 0.595344 0.072192 0.047966
0 0.554930 0.550061 0.050905 0.042224
0 0.727288 0.395905 0.059194 0.037511
0 0.785714 0.637486 0.067928 0.042099
0 0.585393 0.966687 0.070679 0.058017
0 0.556335 0.589785 0.056990 0.043081
0 0.607962 0.404171 0.058451 0.042979
0 0.852029 0.908594 0.071375 0.050481
0 0.825205 0.844339 0.064066 0.047653
0 0.870823 0.974117 0.074661 0.046791
0 0.394191 0.370053 0.053031 0.038084
0 0.562130 0.512171 0.061931 0.044071
0 0.706265 0.315654 0.051545 0.029444
0 0.715238 0.341474 0.041947 0.033509
0 0.614219 0.475325 0.050341 0.039335
0 0.604234 0.366947 0.040796 0.036212
0 0.574452 0.172047 0.038199 0.028938
0 0.602995 0.438971 0.050672 0.034824
0 0.694635 0.269671 0.047849 0.036788
0 0.721107 0.366380 0.054163 0.035276
0 0.548373 0.373511 0.040118 0.037466
0 0.663792 0.977239 0.061372 0.045523
0 0.544779 0.408562 0.055882 0.039337
0 0.761185 0.550077 0.060230 0.040058
0 0.393092 0.838995 0.098061 0.055884
0 0.551038 0.473877 0.050838 0.034447
0 0.579711 0.905023 0.069278 0.053836
0 0.544237 0.444286 0.051749 0.033804
0 0.623948 0.508764 0.044237 0.037560
0 0.594735 0.332858 0.055923 0.041316
0 0.598074 0.307192 0.035891 0.035056
0 0.687383 0.248973 0.042568 0.028796