0 0.557005 0.729176 0.075877 0.052116
0 0.782177 0.633789 0.075794 0.050404
0 0.562990 0.782412 0.085712 0.061921
0 0.574653 0.841784 0.074809 0.054049
0 0.729475 0.412744 0.062161 0.042103
0 0.854898 0.965514 0.090638 0.059740
0 0.625349 0.633727 0.068989 0.050293
0 0.543563 0.508174 0.062101 0.043145
0 0.402214 0.633691 0.070694 0.055208
0 0.389449 0.783896 0.070903 0.054746
0 0.775367 0.590492 0.061220 0.048288
0 0.580393 0.900540 0.075846 0.060977
0 0.544271 0.631878 0.059714 0.048665
0 0.213665 0.743926 0.039379 0.079049
0 0.824859 0.780934 0.077253 0.052897
0 0.540660 0.585104 0.049653 0.044766
0 0.581246 0.962686 0.082587 0.059199
0 0.396339 0.683617 0.067938 0.051868
0 0.601853 0.443408 0.056372 0.040970
0 0.691330 0.968604 0.077148 0.054160
0 0.797689 0.681702 0.074076 0.052376
0 0.617190 0.546810 0.052852 0.046576
0 0.393863 0.846497 0.082205 0.058138
0 0.634151 0.677327 0.061029 0.048066
0 0.604123 0.476136 0.057326 0.039004
0 0.640924 0.726999 0.062630 0.048776
0 0.558181 0.677214 0.070226 0.048828
0 0.647255 0.781123 0.057921 0.049069
0 0.414583 0.586162 0.051450 0.047402
0 0.739310 0.446960 0.059106 0.042487
0 0.746871 0.481719 0.060634 0.038125
0 0.663902 0.899756 0.058906 0.048691
0 0.386413 0.730843 0.057183 0.054564
0 0.201428 0.890947 0.090035 0.085176
0 0.542808 0.544704 0.057109 0.044603
0 0.614253 0.510798 0.057977 0.047376
0 0.835686 0.838115 0.073411 0.054720
0 0.623822 0.588470 0.066610 0.047630
0 0.848457 0.896455 0.073850 0.057272
0 0.403921 0.434049 0.064596 0.050924
0 0.533422 0.409482 0.046940 0.037559
0 0.754889 0.513997 0.062626 0.045482
0 0.652374 0.836230 0.059887 0.056289
0 0.804794 0.728083 0.072999 0.052077
0 0.588288 0.282093 0.049727 0.038730
0 0.539249 0.442119 0.060139 0.040814
0 0.543023 0.475791 0.059214 0.037689
0 0.758427 0.551917 0.063364 0.046882
0 0.690106 0.261123 0.053928 0.037676
0 0.719570 0.384316 0.056710 0.037526
0 0.596964 0.412454 0.051654 0.038255
0 0.397921 0.474092 0.053194 0.043822
0 0.587747 0.307731 0.050764 0.042741
0 0.399253 0.543021 0.065981 0.049974
0 0.596300 0.380560 0.043641 0.038958
0 0.707674 0.334378 0.044705 0.033275
0 0.406554 0.507721 0.060503 0.042604
0 0.693989 0.286087 0.045642 0.030182
0 0.581879 0.254850 0.050321 0.038177
0 0.700940 0.309561 0.048129 0.035085
0 0.715590 0.359795 0.053273 0.032884
0 0.393190 0.911738 0.066545 0.055130
0 0.356725 0.969453 0.127683 0.059791