0 0.800580 0.689122 0.078919 0.051018
0 0.772086 0.572139 0.054864 0.043917
0 0.354140 0.786114 0.078920 0.057236
0 0.815983 0.738301 0.071489 0.053040
0 0.844620 0.841926 0.086272 0.055529
0 0.823833 0.790126 0.069293 0.052887
0 0.353496 0.731579 0.055230 0.050821
0 0.741716 0.421544 0.056288 0.046874
0 0.643541 0.732010 0.061763 0.047376
0 0.847742 0.903387 0.070903 0.055289
0 0.762973 0.533580 0.056652 0.042120
0 0.651765 0.785814 0.061212 0.049428
0 0.377422 0.684016 0.066421 0.050885
0 0.747088 0.461793 0.060193 0.044147
0 0.570452 0.788513 0.078410 0.056575
0 0.580047 0.172927 0.039234 0.032082
0 0.665388 0.903807 0.061279 0.050325
0 0.628514 0.597363 0.065043 0.047900
0 0.675010 0.973264 0.079119 0.047481
0 0.566394 0.729428 0.067876 0.049655
0 0.633768 0.681876 0.054855 0.052037
0 0.660594 0.840897 0.072515 0.053074
0 0.867150 0.971486 0.083653 0.051820
0 0.615658 0.416558 0.053757 0.042782
0 0.565549 0.676399 0.066666 0.047068
0 0.712172 0.332960 0.054756 0.039016
0 0.618160 0.512257 0.059236 0.047104
0 0.630140 0.641131 0.049727 0.037800
0 0.382135 0.634142 0.068591 0.050252
0 0.622721 0.555081 0.057926 0.046643
0 0.689496 0.232358 0.042272 0.031267
0 0.594251 0.381204 0.047742 0.040428
0 0.582377 0.970795 0.088168 0.054176
0 0.612241 0.474663 0.052380 0.044125
0 0.581546 0.231827 0.035128 0.033613
0 0.754289 0.495650 0.051511 0.040584
0 0.595016 0.318842 0.050485 0.041847
0 0.554316 0.540596 0.063647 0.047590
0 0.698876 0.262206 0.049631 0.034882
0 0.560787 0.628075 0.058568 0.046379
0 0.590995 0.351928 0.042305 0.036361
0 0.731346 0.395224 0.054250 0.040151
0 0.550809 0.471061 0.055648 0.038246
0 0.728282 0.366662 0.052584 0.036308
0 0.555784 0.583733 0.061140 0.049282
0 0.390637 0.552776 0.065260 0.048380
0 0.401053 0.447656 0.058882 0.040766
0 0.569145 0.838326 0.071320 0.047268
0 0.590440 0.288274 0.038911 0.028644
0 0.610062 0.449292 0.053918 0.038215
0 0.388785 0.590886 0.050800 0.044203
0 0.579961 0.904034 0.067616 0.054780
0 0.418620 0.344126 0.052584 0.036308
0 0.414864 0.384816 0.056757 0.042568
0 0.400257 0.484350 0.057592 0.038812
0 0.397753 0.515024 0.067608 0.045072
0 0.378973 0.856195 0.076790 0.051332
0 0.551332 0.510016 0.054253 0.040064
0 0.702407 0.288411 0.050915 0.030048
0 0.708667 0.309070 0.058427 0.031300