0 0.356042 0.701561 0.073087 0.052374
0 0.654185 0.846008 0.067328 0.054902
0 0.744580 0.471246 0.065369 0.041685
0 0.668003 0.903323 0.060154 0.051615
0 0.776277 0.596251 0.066771 0.051026
0 0.356176 0.651096 0.071776 0.053244
0 0.625097 0.633821 0.062441 0.050743
0 0.752327 0.508650 0.067007 0.040753
0 0.359102 0.754399 0.055586 0.053022
0 0.761774 0.544896 0.063303 0.045918
0 0.786580 0.642431 0.067429 0.048223
0 0.619662 0.587316 0.058182 0.052348
0 0.802453 0.684102 0.056600 0.048095
0 0.358702 0.805754 0.074872 0.056153
0 0.636045 0.681192 0.058540 0.046284
0 0.808340 0.737732 0.066422 0.053135
0 0.585895 0.972105 0.090292 0.049749
0 0.545128 0.536789 0.065617 0.048701
0 0.549948 0.622882 0.063814 0.050941
0 0.551700 0.581465 0.063613 0.045957
0 0.639325 0.727670 0.059688 0.049525
0 0.554062 0.667236 0.062740 0.050707
0 0.602307 0.442673 0.056150 0.043996
0 0.568430 0.841556 0.073736 0.059096
0 0.542365 0.498384 0.047680 0.040249
0 0.617947 0.548571 0.054033 0.041481
0 0.651621 0.783755 0.075074 0.049436
0 0.610640 0.493793 0.056862 0.069324
0 0.712405 0.347090 0.050580 0.041450
0 0.565979 0.726135 0.069138 0.050211
0 0.589547 0.385004 0.057952 0.039189
0 0.847254 0.840045 0.080064 0.052835
0 0.401000 0.471631 0.058143 0.046934
0 0.832145 0.786441 0.065399 0.044485
0 0.853544 0.906274 0.071383 0.053312
0 0.566075 0.776710 0.056027 0.054276
0 0.598173 0.409794 0.052425 0.036562
0 0.724958 0.410129 0.054223 0.034350
0 0.364162 0.607715 0.050934 0.039293
0 0.530757 0.385446 0.044805 0.038063
0 0.867324 0.971877 0.090005 0.051075
0 0.579711 0.902519 0.072616 0.057592
0 0.701900 0.294552 0.050400 0.031164
0 0.707982 0.318945 0.049553 0.031615
0 0.369984 0.564814 0.065854 0.046846
0 0.731792 0.435593 0.056955 0.040784
0 0.400460 0.434463 0.058505 0.042713
0 0.407004 0.383987 0.058130 0.044327
0 0.718040 0.376878 0.047810 0.033898
0 0.590316 0.298756 0.051405 0.034462
0 0.668475 0.979282 0.061079 0.036293
0 0.709174 0.263064 0.052423 0.034799
0 0.694413 0.234751 0.040193 0.029147
0 0.373158 0.517544 0.063203 0.046117
0 0.528343 0.357989 0.049965 0.038335
0 0.613937 0.514997 0.055933 0.043874
0 0.593483 0.353516 0.053419 0.036308
0 0.586388 0.329102 0.039229 0.032552
0 0.588475 0.277143 0.035056 0.031300
0 0.583467 0.257737 0.045072 0.027544
0 0.578459 0.232697 0.036725 0.030048
0 0.581380 0.213917 0.052584 0.035056
0 0.575120 0.191381 0.045072 0.030048
0 0.683210 0.186999 0.042568 0.033804
0 0.687800 0.209535 0.046741 0.026292