0 0.817758 0.729215 0.075638 0.052897
0 0.565441 0.706348 0.075195 0.056745
0 0.778327 0.586722 0.069648 0.049590
0 0.661845 0.882425 0.075443 0.055319
0 0.795569 0.632266 0.060807 0.049401
0 0.390920 0.751563 0.073793 0.060911
0 0.736421 0.433441 0.056749 0.039889
0 0.809750 0.678877 0.078398 0.052038
0 0.834572 0.782998 0.069336 0.057507
0 0.381554 0.693607 0.080156 0.064336
0 0.564861 0.828890 0.071259 0.055033
0 0.756838 0.503128 0.063754 0.041257
0 0.745098 0.468118 0.058086 0.039115
0 0.555586 0.652311 0.073021 0.055104
0 0.390256 0.803978 0.063247 0.055273
0 0.548882 0.561475 0.061202 0.048405
0 0.842342 0.840882 0.083563 0.052246
0 0.547240 0.607458 0.058194 0.046139
0 0.865178 0.896833 0.090061 0.056934
0 0.386454 0.637822 0.065365 0.054551
0 0.656552 0.826169 0.065786 0.054395
0 0.764425 0.541159 0.062904 0.047513
0 0.578759 0.885221 0.076085 0.058203
0 0.627760 0.630781 0.058290 0.046849
0 0.571092 0.761204 0.076115 0.057826
0 0.650360 0.773337 0.068342 0.056686
0 0.877268 0.969450 0.083494 0.055436
0 0.377808 0.926048 0.077318 0.060547
0 0.712426 0.337350 0.056250 0.036992
0 0.590894 0.959385 0.085026 0.063431
0 0.393800 0.474759 0.059119 0.042096
0 0.389690 0.593340 0.064414 0.049792
0 0.633850 0.674974 0.066944 0.050365
0 0.731020 0.398633 0.056753 0.040039
0 0.584479 0.234961 0.046189 0.036940
0 0.671319 0.953975 0.063516 0.054824
0 0.620137 0.589525 0.059744 0.046224
0 0.625762 0.550524 0.062826 0.046543
0 0.590339 0.384489 0.056545 0.040020
0 0.638394 0.724271 0.055694 0.045612
0 0.595089 0.351784 0.052261 0.038659
0 0.720699 0.365677 0.058446 0.038346
0 0.538086 0.416751 0.042474 0.036419
0 0.395749 0.510563 0.062348 0.044095
0 0.547617 0.523496 0.061311 0.043281
0 0.545291 0.483594 0.053941 0.042422
0 0.394872 0.546735 0.061003 0.051152
0 0.585441 0.268682 0.048043 0.035605
0 0.619253 0.509567 0.060590 0.046243
0 0.378333 0.859505 0.065790 0.062839
0 0.542847 0.448018 0.051944 0.038079
0 0.610412 0.473848 0.053698 0.042747
0 0.587107 0.295443 0.047782 0.033919
0 0.690197 0.240993 0.040187 0.035241
0 0.599965 0.415771 0.056562 0.042467
0 0.702938 0.293600 0.048342 0.030651
0 0.595050 0.319131 0.040230 0.036673
0 0.610375 0.443675 0.046263 0.036491
0 0.695597 0.272038 0.050456 0.030104
0 0.705901 0.312933 0.043225 0.028939