0 0.766537 0.580275 0.067083 0.043577
0 0.647517 0.712295 0.071084 0.055283
0 0.803307 0.711585 0.078298 0.055033
0 0.558607 0.764549 0.078091 0.054282
0 0.835175 0.882832 0.091957 0.063867
0 0.647228 0.822904 0.066751 0.056030
0 0.564247 0.821200 0.072606 0.061145
0 0.738015 0.465886 0.068585 0.042687
0 0.630485 0.659706 0.067507 0.053045
0 0.782660 0.663024 0.073734 0.053890
0 0.745224 0.500882 0.064910 0.048040
0 0.622726 0.614682 0.068724 0.050190
0 0.642663 0.766192 0.069936 0.059246
0 0.778751 0.617942 0.056400 0.044265
0 0.846959 0.950064 0.087073 0.056844
0 0.714966 0.372686 0.061164 0.041931
0 0.544536 0.573569 0.058039 0.043220
0 0.756823 0.535523 0.059549 0.048859
0 0.545489 0.611578 0.062600 0.044773
0 0.659840 0.881190 0.063510 0.055442
0 0.358821 0.769398 0.075595 0.058188
0 0.368285 0.609356 0.071148 0.051272
0 0.586504 0.334949 0.042337 0.044646
0 0.702461 0.342196 0.053425 0.041271
0 0.734959 0.434270 0.064269 0.036308
0 0.368623 0.564750 0.066507 0.050744
0 0.363893 0.657116 0.071894 0.058866
0 0.365451 0.716543 0.063769 0.047683
0 0.545172 0.497047 0.053654 0.045067
0 0.612079 0.535196 0.057959 0.044792
0 0.617816 0.574439 0.058677 0.048595
0 0.667104 0.958132 0.071441 0.067810
0 0.373955 0.523959 0.066895 0.042470
0 0.726670 0.403866 0.063714 0.035316
0 0.600259 0.432079 0.046543 0.035682
0 0.687329 0.245812 0.041614 0.039454
0 0.574738 0.216478 0.047189 0.043955
0 0.570354 0.882045 0.068705 0.055197
0 0.573420 0.940662 0.081944 0.054208
0 0.541494 0.458284 0.060564 0.043059
0 0.595127 0.393799 0.044784 0.041199
0 0.376492 0.487781 0.049776 0.040345
0 0.356761 0.822164 0.071134 0.051785
0 0.693332 0.313694 0.040686 0.037075
0 0.348526 0.888395 0.087664 0.059811
0 0.403854 0.362926 0.061447 0.046365
0 0.603705 0.465171 0.057170 0.048031
0 0.552584 0.661508 0.075120 0.052584
0 0.815922 0.823017 0.074286 0.055088