0 0.397791 0.784769 0.079384 0.057415
0 0.393025 0.664411 0.078012 0.061387
0 0.399763 0.719635 0.069162 0.052266
0 0.390734 0.841406 0.060174 0.052174
0 0.795675 0.633685 0.070482 0.048529
0 0.380981 0.961257 0.083950 0.064688
0 0.584883 0.830749 0.069236 0.056107
0 0.541026 0.426999 0.060629 0.045820
0 0.394629 0.495085 0.059779 0.043008
0 0.385807 0.894954 0.063099 0.055234
0 0.573757 0.778037 0.076654 0.056309
0 0.625519 0.542894 0.061350 0.045527
0 0.589210 0.897594 0.077734 0.059017
0 0.655877 0.777038 0.074991 0.056315
0 0.558203 0.539561 0.059661 0.043327
0 0.704158 0.344362 0.053151 0.040260
0 0.407183 0.382249 0.058498 0.044616
0 0.593533 0.968288 0.084714 0.059909
0 0.564156 0.622806 0.064883 0.049219
0 0.396651 0.615934 0.067626 0.046751
0 0.849622 0.890326 0.076215 0.057773
0 0.391682 0.456637 0.057096 0.038913
0 0.571628 0.673659 0.069210 0.051849
0 0.734058 0.433392 0.060694 0.045052
0 0.555814 0.500589 0.058607 0.042389
0 0.811834 0.727855 0.075577 0.051569
0 0.840171 0.829912 0.071740 0.051868
0 0.570799 0.725169 0.064479 0.049987
0 0.562463 0.578193 0.049987 0.045228
0 0.769950 0.545020 0.068424 0.045430
0 0.397031 0.573630 0.064453 0.043822
0 0.661630 0.837643 0.064214 0.053385
0 0.665480 0.894954 0.062522 0.054635
0 0.830736 0.772715 0.068598 0.058255
0 0.649805 0.724105 0.064948 0.049993
0 0.799657 0.680632 0.068498 0.051016
0 0.605536 0.401074 0.049579 0.039727
0 0.640914 0.673167 0.055933 0.053040
0 0.872858 0.951608 0.087938 0.061719
0 0.630727 0.623337 0.063572 0.051738
0 0.673531 0.241006 0.050473 0.035879
0 0.623548 0.504508 0.064536 0.046738
0 0.221809 0.735714 0.048066 0.117235
0 0.551302 0.465732 0.049427 0.040983
0 0.690441 0.295843 0.051576 0.041061
0 0.404516 0.421302 0.043841 0.039323
0 0.316964 0.691494 0.036853 0.091569
0 0.594067 0.341895 0.054245 0.038633
0 0.396788 0.535007 0.049609 0.041172
0 0.668147 0.967445 0.062960 0.057676
0 0.678223 0.271058 0.047964 0.034772
0 0.758589 0.510163 0.063845 0.041732
0 0.624284 0.582653 0.057778 0.044954
0 0.581000 0.260482 0.047513 0.034349
0 0.616979 0.465924 0.054080 0.045117
0 0.748839 0.473662 0.062826 0.044486
0 0.580310 0.234085 0.048381 0.034902
0 0.781018 0.581699 0.057244 0.054010
0 0.720807 0.401077 0.054028 0.038783
0 0.611461 0.433350 0.052522 0.039043
0 0.583203 0.286618 0.039497 0.034395
0 0.715354 0.373490 0.053806 0.034375
0 0.597852 0.372764 0.055061 0.040059
0 0.589627 0.315166 0.047318 0.035033
0 0.330506 0.600596 0.033954 0.063939