0 0.387190 0.731212 0.074053 0.055796
0 0.787514 0.645987 0.068754 0.049964
0 0.778250 0.604057 0.069111 0.048162
0 0.392998 0.679720 0.070491 0.053004
0 0.575946 0.740896 0.079353 0.053513
0 0.660288 0.861388 0.061702 0.055971
0 0.652994 0.697191 0.066785 0.051333
0 0.585557 0.853471 0.073634 0.051204
0 0.578338 0.639280 0.067764 0.047259
0 0.655039 0.799858 0.077909 0.059263
0 0.397787 0.585457 0.069026 0.050977
0 0.576634 0.786231 0.064971 0.053278
0 0.394467 0.628473 0.067752 0.045719
0 0.749031 0.485114 0.066476 0.042164
0 0.601308 0.356020 0.049454 0.037560
0 0.715018 0.347627 0.059443 0.041825
0 0.603437 0.385528 0.056882 0.033977
0 0.653634 0.741929 0.057178 0.054390
0 0.579479 0.916850 0.083169 0.061930
0 0.740763 0.444845 0.067530 0.040198
0 0.624022 0.520729 0.059627 0.043715
0 0.400708 0.545938 0.056561 0.041574
0 0.667439 0.922417 0.071034 0.057524
0 0.637989 0.605958 0.056220 0.045997
0 0.829936 0.795701 0.077824 0.046648
0 0.803276 0.689889 0.061447 0.046894
0 0.627849 0.563203 0.064705 0.044483
0 0.612361 0.416294 0.050719 0.040420
0 0.398602 0.785175 0.055895 0.055651
0 0.572515 0.685276 0.055290 0.055129
0 0.700168 0.276357 0.046436 0.041638
0 0.592835 0.212132 0.046367 0.035241
0 0.646928 0.651245 0.056705 0.049585
0 0.564083 0.556618 0.067007 0.040194
0 0.808672 0.738813 0.072092 0.054449
0 0.545632 0.452396 0.055006 0.041342
0 0.295956 0.586338 0.028666 0.059420
0 0.593704 0.279973 0.041291 0.030698
0 0.844375 0.855659 0.072584 0.057586
0 0.399600 0.473195 0.052960 0.044286
0 0.757249 0.520854 0.064807 0.051484
0 0.730685 0.412471 0.062749 0.046994
0 0.725759 0.378327 0.059039 0.039438
0 0.620609 0.483265 0.060933 0.046659
0 0.404202 0.504889 0.039391 0.041053
0 0.773264 0.556698 0.058061 0.050906
0 0.554002 0.482844 0.057131 0.041428
0 0.396337 0.426360 0.061438 0.054632
0 0.681014 0.205632 0.038612 0.032258
0 0.599860 0.305524 0.040664 0.034224
0 0.576064 0.591714 0.065074 0.049222
0 0.691190 0.252302 0.046842 0.032155
0 0.614577 0.451172 0.054633 0.037560
0 0.236662 0.605168 0.054253 0.150240
0 0.398588 0.850561 0.074286 0.065104
0 0.390658 0.921299 0.076790 0.066356
0 0.560513 0.516902 0.062600 0.046324
0 0.672776 0.974409 0.071782 0.049880
0 0.601830 0.329728 0.050080 0.035056
0 0.595152 0.259615 0.046741 0.027544
0 0.592648 0.238957 0.046741 0.028796
0 0.686548 0.225185 0.042568 0.028796
0 0.859742 0.920673 0.066774 0.052584
0 0.871845 0.975135 0.082632 0.043820