0 0.487068 0.464948 0.041254 0.073178
0 0.559685 0.503483 0.059956 0.043768
0 0.615752 0.310165 0.037456 0.036352
0 0.406603 0.902019 0.078091 0.056683
0 0.594663 0.382378 0.055517 0.035553
0 0.417981 0.577384 0.057100 0.044973
0 0.747594 0.477707 0.059602 0.043161
0 0.738390 0.444630 0.057198 0.036866
0 0.406390 0.962743 0.065870 0.059438
0 0.601069 0.252770 0.038927 0.030891
0 0.729711 0.410352 0.060392 0.037897
0 0.415399 0.619153 0.064671 0.049353
0 0.416287 0.828635 0.060007 0.051666
0 0.415998 0.536218 0.048654 0.040516
0 0.752641 0.511765 0.061113 0.047343
0 0.602894 0.414317 0.056526 0.036996
0 0.413457 0.499152 0.055882 0.034855
0 0.774778 0.590273 0.073131 0.046516
0 0.419200 0.764833 0.059156 0.051147
0 0.409438 0.666516 0.069278 0.047576
0 0.412360 0.712215 0.068443 0.048828
0 0.566774 0.546950 0.056757 0.046324
0 0.569695 0.589518 0.062600 0.046324
0 0.572199 0.635842 0.067608 0.046324
0 0.579294 0.679662 0.051749 0.046324
0 0.584302 0.736003 0.066774 0.048828
0 0.586806 0.788587 0.076790 0.051332
0 0.590979 0.846805 0.068443 0.050080
0 0.581798 0.908779 0.073451 0.058844
0 0.599743 0.971379 0.075955 0.053836
0 0.682375 0.976913 0.060931 0.044872
0 0.669855 0.910657 0.079294 0.060096
0 0.675698 0.846805 0.070947 0.050080
0 0.666099 0.790465 0.066774 0.050080
0 0.657752 0.736003 0.060096 0.046324
0 0.649823 0.686548 0.070947 0.050080
0 0.640224 0.637094 0.065104 0.046324
0 0.635634 0.587640 0.057592 0.045072
0 0.631460 0.549454 0.059261 0.041316
0 0.625618 0.510642 0.045907 0.038812
0 0.620192 0.478716 0.053419 0.042568
0 0.613098 0.447416 0.059261 0.040064
0 0.727447 0.385442 0.059261 0.038812
0 0.765425 0.553836 0.051749 0.045072
0 0.789630 0.641476 0.068443 0.042568
0 0.810497 0.685922 0.063435 0.048828
0 0.813418 0.742263 0.074286 0.053836
0 0.833033 0.791717 0.068443 0.050080
0 0.845553 0.852439 0.078459 0.056340
0 0.853482 0.911909 0.070947 0.057592
0 0.877270 0.973783 0.090144 0.051132