0 0.397747 0.628870 0.062179 0.046921
0 0.841096 0.901924 0.081272 0.058405
0 0.694121 0.970785 0.079518 0.051764
0 0.651892 0.839476 0.072795 0.054004
0 0.840495 0.841657 0.085582 0.057441
0 0.661595 0.901543 0.061949 0.055417
0 0.571921 0.839499 0.074076 0.055182
0 0.553060 0.676735 0.072726 0.051139
0 0.402897 0.845462 0.065308 0.055404
0 0.559258 0.723779 0.069609 0.053574
0 0.643132 0.729303 0.073234 0.055482
0 0.397674 0.675153 0.064045 0.050801
0 0.400404 0.537536 0.060903 0.051230
0 0.777556 0.594909 0.069384 0.045065
0 0.784863 0.634733 0.068181 0.048073
0 0.565080 0.782402 0.070673 0.053646
0 0.650260 0.783330 0.075868 0.056361
0 0.867678 0.967438 0.087951 0.058014
0 0.400226 0.584414 0.065286 0.050117
0 0.809321 0.727985 0.061003 0.050072
0 0.586128 0.968874 0.063264 0.053841
0 0.608600 0.513503 0.057817 0.045339
0 0.577496 0.900843 0.070590 0.059225
0 0.611549 0.471810 0.055286 0.045781
0 0.824440 0.784486 0.076302 0.059258
0 0.396176 0.728831 0.080043 0.058483
0 0.551250 0.546423 0.062865 0.044212
0 0.402954 0.378470 0.058077 0.045872
0 0.552504 0.583799 0.053733 0.044902
0 0.800679 0.678955 0.078329 0.054538
0 0.399529 0.467285 0.059084 0.043190
0 0.550035 0.623955 0.060582 0.051829
0 0.767216 0.556178 0.067400 0.043503
0 0.740171 0.449297 0.053459 0.041445
0 0.618859 0.552402 0.054792 0.042904
0 0.748596 0.515228 0.065317 0.051003
0 0.722157 0.390892 0.057891 0.039245
0 0.579750 0.210511 0.041124 0.032975
0 0.617485 0.442152 0.055951 0.042324
0 0.633607 0.675212 0.069323 0.059707
0 0.624987 0.589967 0.058073 0.045729
0 0.604052 0.384115 0.052695 0.038893
0 0.549540 0.434056 0.046128 0.039258
0 0.714703 0.360176 0.050369 0.038281
0 0.397372 0.500570 0.062661 0.043249
0 0.728116 0.420153 0.055269 0.041478
0 0.743392 0.482266 0.062938 0.040911
0 0.550475 0.470120 0.059015 0.041595
0 0.584136 0.253317 0.044488 0.034642
0 0.612582 0.411185 0.043663 0.035924
0 0.398839 0.433271 0.047817 0.037897
0 0.628336 0.630589 0.060256 0.044551
0 0.547127 0.504398 0.055816 0.043952
0 0.709399 0.333024 0.057574 0.036947
0 0.590538 0.276761 0.036345 0.036882
0 0.405545 0.785439 0.065621 0.060046
0 0.686723 0.240527 0.045495 0.029115
0 0.702730 0.306387 0.054852 0.035846
0 0.599197 0.328232 0.041571 0.039473
0 0.598071 0.354622 0.050282 0.033138
0 0.693579 0.263193 0.049744 0.037012
0 0.696973 0.285752 0.048433 0.029902