0 0.386554 0.712421 0.076898 0.059999
0 0.388654 0.826582 0.071501 0.056513
0 0.384990 0.769825 0.070137 0.060560
0 0.392854 0.571670 0.064201 0.048064
0 0.796418 0.714056 0.067427 0.046045
0 0.779402 0.663916 0.074663 0.053531
0 0.735879 0.468040 0.058012 0.042876
0 0.776138 0.620242 0.068427 0.043306
0 0.753566 0.539618 0.063172 0.043640
0 0.750248 0.501681 0.062485 0.042828
0 0.546501 0.570800 0.062380 0.050250
0 0.401572 0.532068 0.056731 0.044700
0 0.630988 0.712985 0.064610 0.051590
0 0.556017 0.662288 0.062464 0.049454
0 0.537648 0.493731 0.058692 0.044278
0 0.817710 0.762678 0.062962 0.044499
0 0.384591 0.661043 0.071312 0.054661
0 0.846832 0.945960 0.082311 0.057116
0 0.556127 0.712787 0.073626 0.048943
0 0.819913 0.818664 0.068648 0.051143
0 0.766623 0.576344 0.074380 0.050414
0 0.838804 0.877862 0.075141 0.049796
0 0.632615 0.664718 0.070423 0.055993
0 0.640073 0.767693 0.070570 0.055774
0 0.608474 0.533605 0.055307 0.042349
0 0.605650 0.497555 0.061161 0.044085
0 0.549261 0.615917 0.049985 0.047125
0 0.722748 0.401866 0.056184 0.040120
0 0.624533 0.614431 0.055036 0.051958
0 0.704533 0.344373 0.055679 0.037266
0 0.387727 0.614533 0.056295 0.049361
0 0.730450 0.433472 0.058846 0.038566
0 0.715859 0.373195 0.053691 0.038253
0 0.559714 0.758136 0.079867 0.056814
0 0.617641 0.575382 0.062059 0.046492
0 0.586621 0.370806 0.057003 0.040903
0 0.544011 0.533200 0.062350 0.047320
0 0.535303 0.422377 0.047494 0.033435
0 0.700589 0.317875 0.052209 0.030329
0 0.537357 0.457218 0.057543 0.045453
0 0.692861 0.289430 0.054016 0.039021
0 0.593685 0.429656 0.061077 0.041756
0 0.603363 0.460472 0.058558 0.043562
0 0.589083 0.394109 0.044598 0.034893
0 0.531987 0.394141 0.050040 0.034950
0 0.395111 0.489564 0.055967 0.052926
0 0.383027 0.884435 0.088416 0.062282
0 0.650539 0.885932 0.061105 0.055372
0 0.689688 0.268938 0.040142 0.028662
0 0.566148 0.818502 0.073543 0.061111
0 0.397753 0.460562 0.049245 0.041316
0 0.570530 0.885617 0.069278 0.062600
0 0.575955 0.955729 0.086806 0.062600
0 0.660751 0.956057 0.068269 0.054560
0 0.686966 0.249599 0.045072 0.025040
0 0.679454 0.223307 0.041733 0.037560
0 0.584107 0.344297 0.055764 0.035677