0 0.320496 0.906557 0.072092 0.055810
0 0.332204 0.844774 0.063999 0.054527
0 0.331278 0.780914 0.075451 0.056470
0 0.656568 0.842181 0.064470 0.056063
0 0.647517 0.780155 0.064697 0.054320
0 0.572914 0.786931 0.071285 0.051823
0 0.352898 0.579862 0.063262 0.048592
0 0.641728 0.730788 0.068913 0.052905
0 0.572823 0.845594 0.074813 0.065587
0 0.564199 0.737176 0.074938 0.053335
0 0.334598 0.716970 0.073176 0.052079
0 0.845596 0.838206 0.085093 0.058739
0 0.737386 0.411224 0.055971 0.041299
0 0.790823 0.646230 0.072576 0.044584
0 0.875291 0.970507 0.091054 0.054048
0 0.800480 0.684983 0.059203 0.045998
0 0.745846 0.444998 0.064478 0.043209
0 0.806816 0.729496 0.064700 0.058792
0 0.721860 0.371172 0.055998 0.045584
0 0.709109 0.339116 0.048891 0.035064
0 0.823964 0.784724 0.062932 0.050396
0 0.789524 0.600924 0.071570 0.052309
0 0.535702 0.358919 0.053568 0.038193
0 0.667780 0.904750 0.059338 0.051394
0 0.757988 0.478010 0.070574 0.043309
0 0.545329 0.473418 0.047255 0.038232
0 0.356543 0.499908 0.062083 0.046503
0 0.552226 0.674095 0.070157 0.047495
0 0.549720 0.554893 0.065056 0.043665
0 0.850799 0.907421 0.073767 0.057650
0 0.356849 0.538424 0.049709 0.046312
0 0.626492 0.633932 0.062921 0.047695
0 0.573163 0.189181 0.033962 0.028152
0 0.363279 0.461308 0.055772 0.039868
0 0.551337 0.512846 0.059303 0.044039
0 0.624310 0.555321 0.051393 0.040764
0 0.617459 0.516558 0.060229 0.044994
0 0.552092 0.626999 0.062677 0.044268
0 0.771839 0.558570 0.068970 0.043271
0 0.577276 0.906416 0.077501 0.060095
0 0.631201 0.684426 0.069796 0.052096
0 0.591979 0.354176 0.044741 0.032622
0 0.702860 0.316700 0.046426 0.034992
0 0.394149 0.384623 0.057998 0.044177
0 0.621053 0.596029 0.061713 0.043069
0 0.680507 0.973455 0.063754 0.048033
0 0.592735 0.375183 0.043032 0.035375
0 0.604206 0.414864 0.058683 0.041316
0 0.340289 0.668681 0.055261 0.048002
0 0.610705 0.482265 0.055701 0.041729
0 0.580385 0.972741 0.089185 0.049549
0 0.701058 0.288132 0.046158 0.031509
0 0.545489 0.440530 0.044237 0.032552
0 0.610176 0.449920 0.043403 0.036308
0 0.588475 0.333484 0.043403 0.028796
0 0.591396 0.307818 0.050915 0.035056
0 0.587640 0.279021 0.045072 0.035056
0 0.581798 0.252729 0.050080 0.030048
0 0.579711 0.229567 0.045907 0.031300
0 0.578042 0.210787 0.037560 0.028796
0 0.678619 0.176357 0.030048 0.022536
0 0.680288 0.200145 0.040064 0.025040
0 0.684462 0.221429 0.046741 0.025040
0 0.686966 0.240209 0.040064 0.025040
0 0.696147 0.262745 0.041733 0.022536