0 0.403340 0.470139 0.064782 0.045446
0 0.396231 0.371167 0.056546 0.037822
0 0.398855 0.841964 0.081497 0.055422
0 0.608251 0.407108 0.059917 0.046054
0 0.394817 0.627710 0.061736 0.042579
0 0.827919 0.786244 0.083014 0.056139
0 0.557002 0.592983 0.057796 0.044847
0 0.563159 0.512947 0.060317 0.041328
0 0.598818 0.270772 0.044418 0.034833
0 0.803967 0.731262 0.074662 0.050837
0 0.785782 0.637404 0.066487 0.047626
0 0.397783 0.582867 0.049342 0.044514
0 0.545807 0.410809 0.055519 0.038120
0 0.639747 0.639864 0.065405 0.050781
0 0.554119 0.552247 0.053783 0.042107
0 0.762166 0.550606 0.062200 0.043008
0 0.823971 0.843480 0.064867 0.043803
0 0.550648 0.480538 0.056133 0.033017
0 0.543992 0.447922 0.050070 0.031949
0 0.613010 0.478261 0.054087 0.038094
0 0.715713 0.342603 0.041217 0.033524
0 0.597599 0.333889 0.052368 0.042751
0 0.605579 0.369797 0.041034 0.037243
0 0.732504 0.430693 0.055380 0.035354
0 0.549107 0.376614 0.043198 0.038101
0 0.779155 0.597023 0.067532 0.043031
0 0.631586 0.685480 0.065905 0.044655
0 0.852021 0.911369 0.072818 0.051387
0 0.628208 0.594995 0.063933 0.045392
0 0.648354 0.780956 0.059711 0.051602
0 0.658388 0.847074 0.066239 0.052148
0 0.407352 0.435522 0.053419 0.036308
0 0.558427 0.684670 0.065104 0.046324
0 0.565104 0.739133 0.070112 0.045072
0 0.578876 0.784831 0.054253 0.051332
0 0.581380 0.846179 0.070947 0.051332
0 0.579294 0.910657 0.065104 0.050080
0 0.585971 0.970753 0.068443 0.052584
0 0.667351 0.978165 0.060931 0.042368
0 0.669020 0.913161 0.065939 0.055088
0 0.641894 0.730995 0.058427 0.046324
0 0.596822 0.242713 0.036725 0.036308
0 0.873932 0.974509 0.078459 0.042568
0 0.751235 0.513772 0.060096 0.035056
0 0.743723 0.480594 0.056757 0.033804
0 0.728282 0.400466 0.057592 0.033804
0 0.708250 0.320338 0.055923 0.028796
0 0.708250 0.293419 0.042568 0.035056
0 0.698234 0.273387 0.050915 0.030048
0 0.689470 0.250851 0.043403 0.027544