0 0.650612 0.806586 0.074285 0.053629
0 0.394241 0.862285 0.063980 0.054846
0 0.646334 0.749448 0.062770 0.051646
0 0.622246 0.600057 0.068953 0.046669
0 0.636614 0.691717 0.054217 0.051187
0 0.401271 0.804087 0.077129 0.058696
0 0.388144 0.921476 0.065126 0.060995
0 0.781893 0.627763 0.065066 0.044827
0 0.850423 0.904746 0.074377 0.052228
0 0.794912 0.671175 0.063501 0.048449
0 0.407623 0.743421 0.057057 0.049663
0 0.626400 0.648251 0.067766 0.052276
0 0.824377 0.775154 0.081834 0.051036
0 0.667389 0.927650 0.057669 0.056159
0 0.862396 0.971713 0.087728 0.050548
0 0.800696 0.718608 0.075310 0.046994
0 0.540389 0.408538 0.053947 0.039826
0 0.659825 0.868736 0.065967 0.056298
0 0.594320 0.982084 0.081792 0.030173
0 0.584302 0.876853 0.073451 0.065104
0 0.409403 0.695873 0.069594 0.050274
0 0.674446 0.982647 0.065104 0.031300
0 0.765842 0.577624 0.062600 0.042568
0 0.757495 0.538812 0.062600 0.040064
0 0.709502 0.342248 0.048411 0.042568