0 0.369463 0.843114 0.087423 0.067722
0 0.376167 0.778251 0.076915 0.055102
0 0.372920 0.915370 0.082803 0.058529
0 0.881531 0.967169 0.089134 0.058915
0 0.696601 0.288091 0.042058 0.038594
0 0.381082 0.718321 0.058262 0.051286
0 0.856269 0.898325 0.063051 0.051153
0 0.779053 0.605055 0.067852 0.047947
0 0.377368 0.671232 0.069564 0.051236
0 0.381598 0.627991 0.051526 0.042446
0 0.792554 0.648005 0.071892 0.048319
0 0.806814 0.737597 0.061291 0.057039
0 0.793454 0.693519 0.065160 0.048946
0 0.570695 0.786492 0.074354 0.049508
0 0.822470 0.784099 0.079178 0.052916
0 0.632584 0.686362 0.064869 0.048917
0 0.502087 0.571990 0.062600 0.056340
0 0.555923 0.625200 0.071782 0.047576
0 0.557175 0.677784 0.069278 0.047576
0 0.565104 0.725987 0.058427 0.051332
0 0.574286 0.842423 0.065104 0.053836
0 0.580963 0.905649 0.071782 0.057592
0 0.587223 0.972005 0.087640 0.050080
0 0.604334 0.483098 0.066774 0.046324
0 0.613515 0.523162 0.061765 0.046324
0 0.618523 0.565104 0.063435 0.042568
0 0.628122 0.602664 0.055923 0.040064
0 0.629791 0.640850 0.059261 0.038812
0 0.652327 0.791091 0.060931 0.051332
0 0.659004 0.846805 0.077624 0.057592
0 0.666099 0.905023 0.066774 0.056340
0 0.665682 0.977013 0.065939 0.042568
0 0.838458 0.844301 0.069278 0.052584