0 0.542374 0.572643 0.061181 0.043346
0 0.544353 0.618408 0.065000 0.044993
0 0.549039 0.664541 0.070482 0.051673
0 0.535885 0.532266 0.059401 0.041823
0 0.383880 0.701686 0.075269 0.051315
0 0.615388 0.631315 0.066610 0.048620
0 0.385720 0.875065 0.078533 0.054206
0 0.382166 0.649548 0.066233 0.048835
0 0.400590 0.589320 0.064670 0.045931
0 0.410994 0.371966 0.058628 0.045026
0 0.570614 0.834287 0.074987 0.053145
0 0.639842 0.730856 0.061011 0.049980
0 0.577563 0.901227 0.071220 0.060723
0 0.379345 0.948779 0.080972 0.064629
0 0.386619 0.809935 0.060122 0.050404
0 0.797786 0.680898 0.076528 0.051445
0 0.810119 0.730332 0.072921 0.051563
0 0.560024 0.724489 0.075082 0.050176
0 0.380013 0.759919 0.057300 0.045749
0 0.565556 0.774430 0.065130 0.051751
0 0.606545 0.548395 0.061780 0.043626
0 0.538863 0.495749 0.061832 0.042305
0 0.652483 0.843646 0.069158 0.056302
0 0.401766 0.468929 0.045469 0.039837
0 0.845087 0.903512 0.071632 0.057949
0 0.604473 0.509561 0.053963 0.044603
0 0.611341 0.588343 0.060243 0.045866
0 0.759284 0.483252 0.062352 0.048353
0 0.642960 0.785742 0.072804 0.055299
0 0.402049 0.547503 0.059774 0.041413
0 0.399588 0.434746 0.055460 0.035560
0 0.625896 0.683470 0.064084 0.048516
0 0.836819 0.834225 0.080339 0.058359
0 0.786960 0.636273 0.056454 0.042467
0 0.780855 0.596943 0.068550 0.045319
0 0.400126 0.507516 0.046667 0.038991
0 0.823370 0.780309 0.077817 0.054421
0 0.664687 0.917786 0.078698 0.061901
0 0.763702 0.527103 0.066389 0.044466
0 0.859329 0.971130 0.077148 0.053874
0 0.743863 0.439408 0.057222 0.039714
0 0.734123 0.407572 0.061892 0.039505
0 0.602964 0.442793 0.054375 0.037747
0 0.579733 0.972715 0.089987 0.051458
0 0.595523 0.352188 0.051740 0.036966
0 0.608151 0.476846 0.056233 0.043040
0 0.595896 0.381755 0.054918 0.039720
0 0.599833 0.410410 0.049240 0.038047
0 0.537276 0.430270 0.051602 0.036530
0 0.574345 0.206455 0.043776 0.035671
0 0.537760 0.462500 0.058151 0.038711
0 0.710736 0.317344 0.050013 0.033464
0 0.701560 0.289665 0.047235 0.034460
0 0.717507 0.347077 0.057018 0.035104
0 0.722695 0.376520 0.054358 0.034512
0 0.666450 0.981305 0.064661 0.035462
0 0.698464 0.261615 0.052231 0.037943