0 0.382702 0.778057 0.074996 0.057572
0 0.577036 0.967591 0.088924 0.056680
0 0.377515 0.719277 0.081471 0.064505
0 0.376836 0.661497 0.073967 0.056536
0 0.567591 0.841468 0.082344 0.057936
0 0.630714 0.634232 0.071793 0.053151
0 0.380562 0.610446 0.066784 0.049954
0 0.802478 0.731279 0.082118 0.053275
0 0.647326 0.778428 0.070304 0.055449
0 0.664071 0.902077 0.061849 0.053555
0 0.386554 0.567419 0.066311 0.049395
0 0.576419 0.899811 0.076528 0.056172
0 0.620111 0.551536 0.055039 0.045482
0 0.834115 0.839450 0.082188 0.057077
0 0.285336 0.797731 0.083069 0.058887
0 0.670059 0.971159 0.075386 0.051706
0 0.640000 0.681273 0.060443 0.047467
0 0.617728 0.511546 0.057574 0.047884
0 0.790069 0.634785 0.075747 0.053880
0 0.762535 0.554255 0.070495 0.046204
0 0.642142 0.728184 0.072487 0.054180
0 0.799310 0.684069 0.069835 0.048815
0 0.562695 0.729827 0.075495 0.053822
0 0.557674 0.677539 0.058134 0.052122
0 0.553338 0.587848 0.050651 0.045814
0 0.825011 0.782477 0.068060 0.053392
0 0.380089 0.909619 0.076549 0.065215
0 0.755102 0.514499 0.064518 0.046693
0 0.769225 0.592832 0.071888 0.050273
0 0.708034 0.332907 0.051797 0.036204
0 0.653702 0.838506 0.070556 0.056178
0 0.546554 0.509863 0.059010 0.040482
0 0.716398 0.363464 0.057005 0.036771
0 0.554251 0.632139 0.069970 0.052376
0 0.845569 0.898187 0.074523 0.059447
0 0.861089 0.969010 0.086319 0.055378
0 0.739021 0.450687 0.059475 0.039251
0 0.610931 0.441911 0.056411 0.041478
0 0.392936 0.527588 0.064605 0.045645
0 0.562062 0.781491 0.073681 0.053242
0 0.538140 0.404274 0.061315 0.044342
0 0.626497 0.592314 0.053273 0.043848
0 0.723147 0.391816 0.054818 0.034284
0 0.552055 0.548063 0.058225 0.047598
0 0.381385 0.838083 0.082465 0.067611
0 0.596189 0.309840 0.053776 0.043991
0 0.744900 0.478682 0.056076 0.041400
0 0.392947 0.438945 0.064193 0.048021
0 0.605532 0.406374 0.054206 0.039297
0 0.703112 0.309382 0.050095 0.035000
0 0.616029 0.477292 0.058220 0.043333
0 0.539796 0.473874 0.054861 0.044935
0 0.597724 0.374632 0.055074 0.039499
0 0.396354 0.495635 0.050286 0.039603
0 0.728874 0.418402 0.052938 0.036712
0 0.601519 0.347249 0.051597 0.038327
0 0.691521 0.258848 0.047661 0.033047
0 0.400204 0.407842 0.056181 0.043210
0 0.581868 0.231829 0.045551 0.035469
0 0.591853 0.281504 0.050937 0.037031
0 0.539460 0.442477 0.054232 0.041022
0 0.697400 0.285485 0.045981 0.032272
0 0.683912 0.223127 0.040910 0.036463
0 0.586623 0.255820 0.047535 0.034141
0 0.404397 0.378486 0.045078 0.034447