0 0.790158 0.633496 0.074501 0.048984
0 0.690104 0.950199 0.075278 0.053704
0 0.399542 0.740713 0.065456 0.051074
0 0.395423 0.797015 0.077808 0.057025
0 0.401146 0.634264 0.068542 0.049974
0 0.659429 0.768503 0.080343 0.059674
0 0.395885 0.471930 0.044592 0.038783
0 0.669959 0.885007 0.061758 0.053359
0 0.830543 0.839375 0.071997 0.052383
0 0.382405 0.915814 0.063021 0.053398
0 0.815647 0.731865 0.076259 0.052103
0 0.652311 0.667754 0.070299 0.051146
0 0.393924 0.852939 0.063385 0.054316
0 0.588188 0.880296 0.076628 0.057311
0 0.390931 0.680055 0.072062 0.054668
0 0.666313 0.827220 0.069440 0.057656
0 0.654926 0.716849 0.072804 0.053659
0 0.604013 0.251279 0.044718 0.036204
0 0.556502 0.483714 0.053186 0.043066
0 0.557997 0.524382 0.063971 0.045299
0 0.803891 0.683542 0.068485 0.050977
0 0.848158 0.898477 0.085655 0.061185
0 0.747114 0.475326 0.061198 0.042070
0 0.611714 0.431201 0.056970 0.042962
0 0.573459 0.651283 0.069384 0.047826
0 0.824944 0.778975 0.070451 0.048249
0 0.872899 0.955326 0.092405 0.060534
0 0.570295 0.602113 0.063550 0.048001
0 0.638088 0.581449 0.056784 0.045762
0 0.575033 0.748630 0.065473 0.051543
0 0.395883 0.541012 0.066228 0.045866
0 0.643865 0.620462 0.056706 0.047031
0 0.393186 0.577256 0.062526 0.049056
0 0.577253 0.696927 0.068177 0.050885
0 0.630692 0.539349 0.057331 0.049596
0 0.554898 0.444665 0.045499 0.041882
0 0.756194 0.507770 0.062951 0.046882
0 0.601137 0.948226 0.062491 0.056777
0 0.740393 0.439092 0.055412 0.043483
0 0.566296 0.560039 0.057756 0.044115
0 0.624327 0.500677 0.056198 0.045117
0 0.579418 0.811283 0.079019 0.058151
0 0.766113 0.547412 0.064674 0.047272
0 0.777107 0.584668 0.057478 0.048073
0 0.616758 0.465697 0.054106 0.039779
0 0.720421 0.366061 0.041727 0.042930
0 0.698453 0.287900 0.043806 0.042637
0 0.582127 0.221348 0.039783 0.033555
0 0.581901 0.197747 0.039427 0.035404