0 0.205738 0.761898 0.045017 0.109316
0 0.396688 0.491699 0.061884 0.044076
0 0.392910 0.847318 0.081046 0.055677
0 0.392209 0.618411 0.065148 0.047253
0 0.387454 0.916891 0.075299 0.057741
0 0.388854 0.716722 0.068255 0.052155
0 0.404494 0.384121 0.058494 0.044102
0 0.650903 0.783203 0.069722 0.051185
0 0.388034 0.665195 0.066007 0.049115
0 0.391903 0.782217 0.073589 0.054147
0 0.621243 0.579850 0.066975 0.046146
0 0.392980 0.570898 0.061888 0.044492
0 0.826359 0.783770 0.077569 0.052070
0 0.808014 0.674974 0.076636 0.050052
0 0.634763 0.671911 0.068355 0.048783
0 0.812606 0.726335 0.069562 0.049206
0 0.403522 0.423304 0.050482 0.039212
0 0.752960 0.500990 0.059184 0.041745
0 0.546107 0.533633 0.053724 0.041745
0 0.588025 0.906504 0.075191 0.059154
0 0.840623 0.840501 0.070551 0.057227
0 0.558893 0.674850 0.070234 0.049935
0 0.778305 0.585420 0.070421 0.046777
0 0.548092 0.576608 0.061341 0.043945
0 0.624564 0.624886 0.061992 0.046517
0 0.659913 0.843844 0.064149 0.054772
0 0.572817 0.780592 0.067639 0.052161
0 0.583555 0.842793 0.073967 0.058190
0 0.643841 0.721989 0.059444 0.048223
0 0.850011 0.902184 0.072096 0.058874
0 0.578958 0.214912 0.043611 0.031426
0 0.717975 0.389619 0.057635 0.039954
0 0.573372 0.723867 0.070330 0.052448
0 0.877218 0.972396 0.085087 0.051536
0 0.788338 0.634482 0.070165 0.045384
0 0.741300 0.458369 0.066471 0.045566
0 0.602483 0.432080 0.055260 0.040397
0 0.767053 0.543477 0.060113 0.042695
0 0.617413 0.538841 0.059010 0.043047
0 0.536150 0.415697 0.045694 0.037266
0 0.610710 0.499632 0.054336 0.043535
0 0.587678 0.369401 0.051814 0.037057
0 0.553507 0.621559 0.058967 0.047923
0 0.594271 0.973047 0.076137 0.051393
0 0.544121 0.486816 0.061766 0.047396
0 0.594071 0.400951 0.056233 0.036641
0 0.660150 0.904788 0.059640 0.051413
0 0.599596 0.285055 0.051623 0.040736
0 0.672322 0.969642 0.063030 0.055859
0 0.708761 0.360384 0.048173 0.034154
0 0.608650 0.466615 0.045017 0.036953
0 0.402815 0.456810 0.044683 0.038216
0 0.691960 0.279219 0.042904 0.032643
0 0.728563 0.424564 0.048576 0.035690
0 0.536753 0.450257 0.053368 0.041139
0 0.600562 0.314531 0.052826 0.038086
0 0.599985 0.341781 0.052548 0.037676
0 0.708071 0.333851 0.049666 0.032298