0 0.377804 0.718662 0.081102 0.063405
0 0.382873 0.778304 0.075000 0.060436
0 0.567480 0.841846 0.082504 0.059134
0 0.576764 0.967627 0.088286 0.058001
0 0.380621 0.610166 0.066849 0.049915
0 0.377057 0.661136 0.074557 0.056882
0 0.801905 0.731234 0.081580 0.052337
0 0.386558 0.567620 0.066658 0.048978
0 0.576102 0.900872 0.076832 0.058802
0 0.630755 0.634482 0.071771 0.053275
0 0.621404 0.551872 0.055673 0.045658
0 0.664106 0.902331 0.062934 0.054349
0 0.562515 0.729049 0.075916 0.053815
0 0.647407 0.777887 0.070673 0.054642
0 0.763268 0.554889 0.072326 0.044844
0 0.860113 0.968711 0.085278 0.056016
0 0.834121 0.838893 0.083051 0.057448
0 0.617713 0.511605 0.057387 0.046478
0 0.798713 0.683988 0.069188 0.049902
0 0.556632 0.676686 0.057066 0.049753
0 0.790020 0.635436 0.076367 0.053203
0 0.380547 0.910062 0.077127 0.064902
0 0.639225 0.681077 0.061003 0.047741
0 0.553075 0.588180 0.051168 0.046009
0 0.538023 0.404912 0.060838 0.043626
0 0.551884 0.548535 0.056927 0.043867
0 0.554785 0.632435 0.071141 0.053229
0 0.546306 0.511624 0.058767 0.042363
0 0.754735 0.514378 0.064401 0.048118
0 0.716549 0.363421 0.057734 0.036335
0 0.823711 0.781647 0.065252 0.055312
0 0.393741 0.490319 0.050226 0.040430
0 0.392697 0.527897 0.065126 0.044948
0 0.642196 0.727891 0.073785 0.054805
0 0.708537 0.333659 0.052604 0.035482
0 0.769043 0.594342 0.071619 0.049036
0 0.846029 0.897995 0.073559 0.055690
0 0.670905 0.972488 0.075846 0.050167
0 0.564006 0.781507 0.077266 0.056895
0 0.380536 0.837337 0.082010 0.066367
0 0.626814 0.592689 0.054019 0.042057
0 0.704677 0.310332 0.052747 0.033411
0 0.595994 0.309020 0.053915 0.043652
0 0.392641 0.438271 0.062661 0.047949
0 0.739247 0.450452 0.059779 0.038835
0 0.724067 0.391888 0.056997 0.034232
0 0.539731 0.474779 0.054896 0.043411
0 0.405286 0.381917 0.043880 0.040579
0 0.744473 0.479987 0.056332 0.041289
0 0.653362 0.836159 0.070473 0.058958
0 0.728822 0.418994 0.053338 0.036569
0 0.601170 0.346885 0.051124 0.039056
0 0.597298 0.374661 0.054648 0.039271
0 0.691026 0.258633 0.047287 0.031393
0 0.616426 0.477520 0.056523 0.043060
0 0.539342 0.441797 0.055239 0.039193
0 0.606111 0.406637 0.055642 0.039108
0 0.610697 0.441823 0.055916 0.039596
0 0.580488 0.234603 0.045204 0.030339
0 0.591558 0.281273 0.049957 0.035814
0 0.580877 0.214723 0.046944 0.030697
0 0.693244 0.285169 0.052027 0.035313
0 0.588082 0.258330 0.049418 0.034694
0 0.684648 0.227318 0.040972 0.038255