0 0.569894 0.903704 0.085907 0.061745
0 0.566944 0.839372 0.073663 0.054551
0 0.667776 0.968301 0.084397 0.056589
0 0.401923 0.634271 0.073568 0.057513
0 0.643637 0.782777 0.075885 0.056048
0 0.385959 0.794967 0.085443 0.068906
0 0.552413 0.633164 0.059427 0.047630
0 0.579779 0.970020 0.085755 0.053581
0 0.758485 0.555749 0.064852 0.043607
0 0.791819 0.633857 0.063142 0.050319
0 0.402248 0.587904 0.069618 0.051289
0 0.841847 0.896169 0.083268 0.059421
0 0.553631 0.588971 0.058919 0.045156
0 0.715996 0.361527 0.058364 0.038092
0 0.803715 0.679674 0.080243 0.051667
0 0.615851 0.548649 0.058420 0.047103
0 0.397346 0.680993 0.054527 0.049681
0 0.627609 0.634115 0.060642 0.049401
0 0.614052 0.510983 0.057652 0.044727
0 0.852867 0.966468 0.084162 0.060632
0 0.640859 0.682340 0.053689 0.045892
0 0.811782 0.728626 0.072739 0.050859
0 0.643685 0.730781 0.064887 0.052982
0 0.778646 0.591305 0.054566 0.046934
0 0.758047 0.515833 0.062656 0.048255
0 0.620547 0.588867 0.059462 0.048490
0 0.406636 0.546299 0.068542 0.048132
0 0.605397 0.447809 0.060543 0.045228
0 0.545269 0.547152 0.055469 0.043301
0 0.562281 0.775882 0.076411 0.053900
0 0.562033 0.724541 0.072426 0.049238
0 0.655862 0.837555 0.070543 0.057559
0 0.557813 0.678483 0.068108 0.047891
0 0.405026 0.506204 0.048498 0.041615
0 0.746675 0.482982 0.061762 0.040039
0 0.235920 0.681641 0.057422 0.152044
0 0.825211 0.778447 0.070499 0.052480
0 0.834583 0.833818 0.075807 0.057507
0 0.580098 0.237503 0.049857 0.041478
0 0.392635 0.730553 0.058915 0.049935
0 0.660538 0.898984 0.069141 0.058542
0 0.697133 0.283428 0.055586 0.036868
0 0.593084 0.385758 0.054049 0.038249
0 0.691326 0.240166 0.040187 0.034694
0 0.741515 0.450358 0.063698 0.040339
0 0.599414 0.412780 0.056163 0.040664
0 0.584030 0.275072 0.047270 0.039167
0 0.591087 0.330378 0.050890 0.035052
0 0.378848 0.860052 0.063763 0.063242
0 0.591899 0.354801 0.049614 0.038496
0 0.401968 0.474642 0.060412 0.040456
0 0.588210 0.302718 0.040569 0.036439
0 0.704386 0.311582 0.051437 0.042695