0 0.401838 0.633480 0.067548 0.049082
0 0.670059 0.884229 0.061671 0.052233
0 0.689876 0.949225 0.074848 0.053203
0 0.399447 0.740160 0.064701 0.048835
0 0.790484 0.633044 0.075091 0.048730
0 0.657337 0.774876 0.078234 0.051953
0 0.815714 0.731126 0.076133 0.050547
0 0.651849 0.667399 0.071372 0.051009
0 0.549631 0.413711 0.049210 0.037760
0 0.393201 0.577471 0.061419 0.047389
0 0.395438 0.795967 0.077656 0.057546
0 0.393531 0.853630 0.063494 0.053001
0 0.654898 0.716468 0.072869 0.053822
0 0.831246 0.839157 0.071311 0.053158
0 0.588500 0.879873 0.076168 0.057728
0 0.843819 0.901520 0.075130 0.056634
0 0.558125 0.524027 0.064106 0.044954
0 0.804238 0.684372 0.068780 0.051309
0 0.644030 0.620745 0.055681 0.045189
0 0.617105 0.465137 0.055625 0.040156
0 0.575063 0.745856 0.064015 0.049095
0 0.556723 0.482799 0.053411 0.041641
0 0.397795 0.432321 0.045260 0.044290
0 0.569401 0.600921 0.060165 0.044329
0 0.574366 0.648561 0.068628 0.047799
0 0.666443 0.825326 0.069640 0.057292
0 0.637077 0.574294 0.068624 0.053574
0 0.746979 0.474421 0.060929 0.042135
0 0.312355 0.854352 0.085256 0.054759
0 0.824015 0.778109 0.069826 0.049759
0 0.600503 0.311859 0.054670 0.043809
0 0.577140 0.695798 0.067179 0.051152
0 0.756617 0.506722 0.062687 0.046986
0 0.624425 0.500423 0.057426 0.044375
0 0.565911 0.558685 0.054523 0.043464
0 0.611799 0.430560 0.056341 0.041367
0 0.777255 0.584801 0.057088 0.048861
0 0.631257 0.535833 0.057947 0.042591
0 0.601478 0.948714 0.062166 0.057793
0 0.766293 0.547269 0.063976 0.046400
0 0.872454 0.956559 0.090959 0.064056
0 0.578826 0.809476 0.077027 0.059655
0 0.604271 0.375804 0.053490 0.036908
0 0.740601 0.439587 0.054883 0.043822
0 0.729855 0.411947 0.059570 0.037500
0 0.577730 0.194688 0.038655 0.033112
0 0.599651 0.346576 0.051845 0.037461
0 0.703531 0.311123 0.055004 0.032559
0 0.712808 0.335469 0.042760 0.033594
0 0.584883 0.233887 0.037092 0.037513
0 0.719961 0.365293 0.042144 0.041315
0 0.607726 0.401475 0.045365 0.035944
0 0.695464 0.263568 0.045790 0.030703
0 0.698266 0.285687 0.044874 0.032637
0 0.684596 0.242249 0.049071 0.030762