0 0.386338 0.712416 0.076710 0.062141
0 0.385323 0.770858 0.070161 0.057544
0 0.388047 0.826075 0.070276 0.058585
0 0.392372 0.572497 0.064479 0.042964
0 0.384311 0.657424 0.069103 0.051926
0 0.555899 0.661068 0.062394 0.050779
0 0.735829 0.467524 0.057408 0.043214
0 0.750014 0.502750 0.062287 0.041507
0 0.545511 0.569898 0.061835 0.050260
0 0.555928 0.711714 0.073803 0.049308
0 0.753612 0.538003 0.062214 0.041850
0 0.630146 0.713018 0.062866 0.052614
0 0.537550 0.492078 0.059176 0.044424
0 0.778247 0.663270 0.075935 0.053885
0 0.633180 0.661794 0.069096 0.050971
0 0.640193 0.767796 0.070489 0.058511
0 0.795764 0.714800 0.067084 0.046171
0 0.604583 0.496228 0.061298 0.040402
0 0.775175 0.620216 0.067699 0.044094
0 0.559175 0.757144 0.078400 0.058061
0 0.624448 0.613283 0.055617 0.050383
0 0.766319 0.577113 0.075876 0.050977
0 0.723177 0.401052 0.056945 0.039081
0 0.548626 0.613970 0.050144 0.046787
0 0.849278 0.946628 0.087569 0.057237
0 0.396210 0.492568 0.058432 0.047730
0 0.609030 0.532661 0.054852 0.043081
0 0.716244 0.372400 0.052641 0.038251
0 0.601827 0.458470 0.058204 0.046777
0 0.838581 0.876172 0.074537 0.049460
0 0.400088 0.536049 0.055882 0.039322
0 0.817218 0.762155 0.061434 0.044304
0 0.730822 0.433053 0.060115 0.038430
0 0.535768 0.455127 0.056473 0.043014
0 0.543344 0.530737 0.060281 0.044173
0 0.595838 0.426234 0.058724 0.035260
0 0.704706 0.343859 0.056316 0.037441
0 0.650960 0.884998 0.063790 0.055632
0 0.693084 0.290774 0.053525 0.041444
0 0.617345 0.573720 0.059871 0.043508
0 0.386597 0.612944 0.055972 0.047918
0 0.566228 0.818815 0.073231 0.057810
0 0.399747 0.424505 0.054337 0.046034
0 0.700539 0.316313 0.051375 0.028513
0 0.818208 0.815384 0.067412 0.046485
0 0.586957 0.363763 0.056466 0.042443
0 0.690387 0.266867 0.038559 0.029528
0 0.397287 0.455954 0.045360 0.035169
0 0.384816 0.896259 0.081798 0.056340
0 0.570112 0.884365 0.070112 0.062600
0 0.573034 0.959485 0.084302 0.060096
0 0.659422 0.956981 0.070112 0.055088
0 0.533387 0.397962 0.055088 0.033804
0 0.535056 0.424880 0.048411 0.037560
0 0.590562 0.394832 0.045907 0.040064
0 0.580963 0.334736 0.055088 0.032552
0 0.687383 0.245843 0.047576 0.025040