0 0.601484 0.251539 0.038941 0.035854
0 0.368705 0.741938 0.073641 0.054738
0 0.656004 0.821622 0.076015 0.056183
0 0.653336 0.739120 0.060144 0.049479
0 0.480028 0.572631 0.043546 0.074533
0 0.397905 0.378778 0.056249 0.044642
0 0.741503 0.450428 0.061144 0.037682
0 0.566904 0.633205 0.063687 0.044278
0 0.575679 0.735744 0.065538 0.048668
0 0.571467 0.819538 0.075888 0.056439
0 0.372654 0.809753 0.058971 0.048868
0 0.373945 0.634509 0.070271 0.048039
0 0.368257 0.684560 0.069592 0.053859
0 0.382658 0.549742 0.063482 0.049289
0 0.586990 0.951107 0.083668 0.056701
0 0.570604 0.888360 0.077774 0.059618
0 0.642025 0.686638 0.061064 0.046566
0 0.857402 0.920833 0.085306 0.052938
0 0.636568 0.641386 0.055502 0.045002
0 0.608570 0.385989 0.056329 0.039076
0 0.378306 0.592340 0.059285 0.045435
0 0.378582 0.592469 0.060163 0.044840
0 0.640303 0.596078 0.063752 0.045873
0 0.570591 0.680048 0.056045 0.050561
0 0.652312 0.882473 0.069053 0.053139
0 0.567497 0.579291 0.045609 0.041501
0 0.615902 0.478675 0.063165 0.043712
0 0.382340 0.481251 0.052785 0.036667
0 0.751019 0.489240 0.058577 0.038656
0 0.622286 0.513299 0.055432 0.041362
0 0.612724 0.443194 0.054236 0.039282
0 0.387451 0.511583 0.049369 0.034012
0 0.333901 0.916291 0.146902 0.098908
0 0.667768 0.968249 0.061765 0.052584
0 0.840128 0.859325 0.067608 0.052584
0 0.829277 0.797977 0.082632 0.057592
0 0.819678 0.744141 0.060096 0.047576
0 0.799646 0.696565 0.066774 0.047576
0 0.793803 0.647110 0.058427 0.048828
0 0.779614 0.601412 0.063435 0.042568
0 0.767511 0.559470 0.060931 0.041316
0 0.764173 0.520658 0.052584 0.041316
0 0.632295 0.555714 0.057592 0.043820
0 0.562183 0.543820 0.060931 0.042568
0 0.608763 0.411331 0.053167 0.040036