0 0.391929 0.726227 0.071419 0.056100
0 0.378027 0.929417 0.084848 0.063040
0 0.396385 0.804502 0.077995 0.060007
0 0.395488 0.677900 0.071020 0.052012
0 0.646699 0.783923 0.064753 0.051152
0 0.398168 0.632428 0.063012 0.048242
0 0.385419 0.862933 0.073112 0.057585
0 0.822296 0.743034 0.069618 0.049193
0 0.619015 0.618525 0.070104 0.050215
0 0.394290 0.589235 0.068181 0.045879
0 0.551046 0.642135 0.069748 0.050208
0 0.397711 0.548128 0.063563 0.045684
0 0.590692 0.914723 0.076393 0.056100
0 0.613375 0.572210 0.066480 0.047845
0 0.521263 0.380205 0.052075 0.034408
0 0.571280 0.788874 0.073819 0.058190
0 0.583481 0.379427 0.056042 0.044753
0 0.600603 0.487533 0.063351 0.046289
0 0.396766 0.509316 0.060122 0.042969
0 0.641380 0.731022 0.070590 0.055833
0 0.535458 0.515618 0.064240 0.044167
0 0.540862 0.554199 0.060638 0.043737
0 0.605514 0.529902 0.058997 0.044831
0 0.563720 0.685951 0.068281 0.050365
0 0.574655 0.844469 0.069015 0.057376
0 0.848971 0.842806 0.080998 0.053372
0 0.876517 0.970381 0.084188 0.053249
0 0.791398 0.636426 0.074418 0.055820
0 0.737993 0.445218 0.063711 0.042741
0 0.763047 0.518968 0.052865 0.045150
0 0.840013 0.795661 0.065425 0.047168
0 0.750052 0.482702 0.060564 0.048229
0 0.599937 0.349590 0.055404 0.039453
0 0.704666 0.316797 0.058108 0.040078
0 0.652639 0.843903 0.071076 0.057793
0 0.769941 0.557021 0.057018 0.044147
0 0.855069 0.902126 0.072161 0.053118
0 0.724164 0.410602 0.060213 0.043861
0 0.527871 0.440804 0.048207 0.037598
0 0.633648 0.674593 0.073364 0.054694
0 0.805944 0.694863 0.066298 0.050273
0 0.394520 0.473577 0.047444 0.039655
0 0.665753 0.902295 0.063624 0.056621
0 0.546309 0.597591 0.067010 0.049518
0 0.391387 0.441670 0.046332 0.038770
0 0.592109 0.268861 0.046823 0.033633
0 0.595414 0.973415 0.069466 0.047637
0 0.531233 0.477093 0.050191 0.041413
0 0.671487 0.975306 0.063537 0.044674
0 0.683537 0.238949 0.053377 0.042819
0 0.777298 0.596289 0.061749 0.044401
0 0.568639 0.733193 0.077357 0.055762
0 0.525306 0.409840 0.041758 0.036074
0 0.713073 0.347725 0.055373 0.042507
0 0.589336 0.242080 0.046589 0.034342
0 0.595575 0.316732 0.039431 0.038086
0 0.592044 0.421820 0.053247 0.038483
0 0.595169 0.454049 0.052300 0.042083
0 0.584427 0.216488 0.046589 0.034473
0 0.694204 0.289017 0.041975 0.034115
0 0.721224 0.379990 0.058819 0.037897
0 0.583088 0.194753 0.042930 0.031081
0 0.595030 0.293415 0.041797 0.031712