0 0.621815 0.602310 0.063265 0.044518
0 0.368048 0.714062 0.068735 0.051046
0 0.370579 0.658230 0.071650 0.053618
0 0.560976 0.834977 0.082652 0.063224
0 0.667571 0.828177 0.065026 0.052613
0 0.381157 0.565398 0.063987 0.051273
0 0.554088 0.650765 0.058653 0.048276
0 0.545744 0.563465 0.062136 0.044632
0 0.677682 0.893375 0.063887 0.051376
0 0.726374 0.402696 0.054896 0.043583
0 0.607295 0.535590 0.054672 0.044938
0 0.558328 0.765593 0.075659 0.053561
0 0.640701 0.721471 0.052500 0.042767
0 0.791615 0.675113 0.062804 0.044737
0 0.604587 0.494743 0.053265 0.049570
0 0.540227 0.487214 0.048993 0.038740
0 0.377794 0.766374 0.085565 0.057793
0 0.552578 0.604684 0.049582 0.044378
0 0.374564 0.611986 0.051148 0.047908
0 0.743771 0.469588 0.058914 0.049000
0 0.648190 0.768995 0.058797 0.053117
0 0.581608 0.278828 0.047808 0.037211
0 0.748928 0.500960 0.051227 0.034439
0 0.783523 0.624172 0.075926 0.048569
0 0.542616 0.526785 0.058272 0.042192
0 0.821641 0.818712 0.063891 0.049026
0 0.587174 0.964806 0.086467 0.059492
0 0.767094 0.574494 0.065104 0.053836
0 0.592978 0.424783 0.055272 0.039907
0 0.844873 0.877458 0.068378 0.057949
0 0.754221 0.537807 0.071076 0.040558
0 0.736587 0.435288 0.055628 0.035092
0 0.719865 0.370671 0.048287 0.034458
0 0.715253 0.340544 0.046559 0.038463
0 0.378112 0.835550 0.075116 0.052043
0 0.862980 0.767364 0.063192 0.050719
0 0.961629 0.868560 0.066422 0.117618
0 0.532546 0.426501 0.060173 0.044209
0 0.575955 0.888383 0.070112 0.062077
0 0.700995 0.285869 0.046486 0.031461
0 0.575501 0.253938 0.049539 0.035056
0 0.536372 0.395519 0.047704 0.038689
0 0.381279 0.528452 0.064109 0.043496
0 0.692896 0.263263 0.051575 0.032335
0 0.670879 0.970790 0.058951 0.048652
0 0.571654 0.155348 0.039854 0.028027
0 0.703164 0.314861 0.048551 0.034792
0 0.600017 0.460987 0.050409 0.043352
0 0.526126 0.362668 0.053663 0.035167
0 0.678854 0.184271 0.036257 0.031478
0 0.595241 0.393902 0.048372 0.036037
0 0.684037 0.209999 0.040884 0.031625
0 0.800898 0.714093 0.064269 0.040064
0 0.586903 0.360844 0.054873 0.033000
0 0.390241 0.421124 0.062600 0.045072
0 0.392745 0.386694 0.052584 0.038812
0 0.386485 0.354142 0.055088 0.036308
0 0.591396 0.332858 0.044237 0.036308
0 0.689470 0.243339 0.046741 0.027544
0 0.856821 0.960737 0.074286 0.062600