0 0.800931 0.727956 0.074891 0.053281
0 0.397969 0.731696 0.073516 0.056061
0 0.799479 0.680029 0.071024 0.047324
0 0.583147 0.897262 0.080703 0.059876
0 0.568275 0.775804 0.073407 0.055423
0 0.399666 0.788320 0.079418 0.058581
0 0.672496 0.969053 0.080321 0.054824
0 0.765951 0.550501 0.071085 0.044062
0 0.558950 0.727607 0.062153 0.051178
0 0.789158 0.633454 0.064097 0.050775
0 0.579512 0.965983 0.087201 0.059076
0 0.752767 0.515303 0.069197 0.043457
0 0.400015 0.636305 0.071115 0.049967
0 0.400028 0.864479 0.067062 0.058880
0 0.609497 0.474674 0.054670 0.037839
0 0.604325 0.440407 0.059622 0.041947
0 0.612348 0.508577 0.057526 0.045462
0 0.819076 0.779756 0.072700 0.048392
0 0.660757 0.900299 0.059874 0.050482
0 0.838524 0.901507 0.072309 0.054538
0 0.775543 0.590456 0.070894 0.047995
0 0.854060 0.965801 0.074622 0.059531
0 0.626593 0.627874 0.066944 0.051087
0 0.638299 0.722347 0.063628 0.050059
0 0.397663 0.681413 0.053867 0.049766
0 0.747969 0.477191 0.062231 0.044342
0 0.828066 0.835358 0.069275 0.054935
0 0.731161 0.418949 0.061194 0.044551
0 0.616031 0.544854 0.061897 0.043561
0 0.219946 0.720384 0.065004 0.144583
0 0.643485 0.773861 0.079028 0.061667
0 0.655295 0.838558 0.065043 0.056634
0 0.630161 0.671501 0.063368 0.053171
0 0.558168 0.674977 0.068325 0.050827
0 0.621133 0.584720 0.067743 0.052682
0 0.714731 0.359290 0.050391 0.040846
0 0.133841 0.958620 0.073203 0.061536
0 0.594266 0.353812 0.044679 0.038040
0 0.690182 0.239066 0.039826 0.034629
0 0.597509 0.384648 0.041085 0.037826