0 0.791259 0.678727 0.078828 0.049004
0 0.833655 0.835967 0.078863 0.053796
0 0.724798 0.386406 0.053746 0.037070
0 0.584677 0.970905 0.079536 0.052422
0 0.857669 0.965378 0.087405 0.060156
0 0.562444 0.782666 0.068976 0.054785
0 0.845182 0.895085 0.072726 0.054375
0 0.624269 0.551934 0.062183 0.045547
0 0.746712 0.515459 0.063555 0.045293
0 0.768824 0.552913 0.060321 0.046048
0 0.810712 0.724720 0.063064 0.046992
0 0.628715 0.632656 0.061337 0.047786
0 0.548663 0.546986 0.064002 0.043711
0 0.734931 0.418750 0.059306 0.038815
0 0.390098 0.846777 0.086037 0.059583
0 0.391161 0.721777 0.071359 0.056289
0 0.568963 0.836676 0.081840 0.055475
0 0.642524 0.783649 0.073181 0.053822
0 0.552700 0.584225 0.064323 0.051133
0 0.623281 0.590192 0.057795 0.045762
0 0.405158 0.505830 0.061801 0.044876
0 0.664544 0.901126 0.076163 0.062747
0 0.637114 0.728154 0.056380 0.049290
0 0.599863 0.415234 0.061011 0.042917
0 0.578503 0.900260 0.072413 0.057513
0 0.636133 0.678050 0.060599 0.049681
0 0.668240 0.974928 0.063563 0.045182
0 0.539188 0.508060 0.059453 0.044740
0 0.395241 0.630970 0.071810 0.055195
0 0.768848 0.594147 0.070569 0.044948
0 0.554833 0.628242 0.061211 0.049115
0 0.739603 0.451243 0.053129 0.037161
0 0.821886 0.778929 0.062782 0.047285
0 0.390176 0.776563 0.079761 0.065885
0 0.406150 0.583216 0.065686 0.054583
0 0.397771 0.675326 0.072053 0.054323
0 0.594227 0.381038 0.056267 0.041686
0 0.558583 0.675645 0.072782 0.051719
0 0.740881 0.478561 0.058082 0.040052
0 0.787556 0.629023 0.076840 0.050039
0 0.404983 0.544378 0.063307 0.045736
0 0.530048 0.380807 0.055938 0.049141
0 0.561695 0.725358 0.077470 0.056094
0 0.536053 0.474076 0.050534 0.040091
0 0.409084 0.420065 0.043620 0.041497
0 0.697053 0.287025 0.053420 0.037096
0 0.603470 0.444782 0.056246 0.038639
0 0.535773 0.442259 0.052630 0.038555
0 0.712580 0.332852 0.052617 0.034427
0 0.717370 0.359515 0.053568 0.036165
0 0.610720 0.508428 0.063724 0.052871
0 0.654800 0.836263 0.061415 0.054479
0 0.583429 0.279443 0.041493 0.035228
0 0.608283 0.476973 0.057305 0.039505
0 0.409776 0.471120 0.049076 0.040807
0 0.696135 0.263444 0.052305 0.036172
0 0.592066 0.351517 0.043837 0.035547
0 0.593236 0.327210 0.043155 0.037533