0 0.569273 0.903092 0.085100 0.063620
0 0.399329 0.631432 0.068199 0.052188
0 0.566877 0.839307 0.074049 0.057103
0 0.642641 0.782666 0.074076 0.057988
0 0.619965 0.587780 0.055686 0.045742
0 0.667878 0.967458 0.084089 0.056947
0 0.604703 0.446820 0.059970 0.042324
0 0.614049 0.509476 0.057361 0.041569
0 0.643197 0.728434 0.061784 0.049290
0 0.627559 0.632451 0.060855 0.047454
0 0.790549 0.633285 0.062930 0.050527
0 0.562144 0.775208 0.075417 0.053125
0 0.803442 0.679600 0.080920 0.051465
0 0.615710 0.547829 0.059457 0.046413
0 0.747554 0.483128 0.065256 0.041087
0 0.853370 0.967301 0.084848 0.057975
0 0.759004 0.555430 0.066176 0.044115
0 0.579308 0.967617 0.088112 0.058711
0 0.810595 0.726038 0.072839 0.051504
0 0.639605 0.680674 0.053160 0.046426
0 0.397164 0.680557 0.053286 0.048353
0 0.843976 0.894131 0.087405 0.061556
0 0.826975 0.776634 0.069965 0.051576
0 0.833001 0.832982 0.072122 0.052982
0 0.691309 0.239395 0.039666 0.035573
0 0.659303 0.898428 0.067313 0.060007
0 0.378995 0.858535 0.062166 0.056628
0 0.396048 0.732966 0.079028 0.058498