0 0.514793 0.395735 0.055634 0.041553
0 0.758894 0.512479 0.063822 0.042014
0 0.523789 0.432943 0.048821 0.037281
0 0.623446 0.645676 0.064295 0.048923
0 0.401018 0.726196 0.080982 0.054516
0 0.790021 0.645006 0.069116 0.044250
0 0.745361 0.476842 0.064301 0.038418
0 0.735132 0.442128 0.056094 0.036582
0 0.611600 0.598574 0.060727 0.047669
0 0.551151 0.631980 0.061521 0.047382
0 0.605152 0.519952 0.056998 0.041159
0 0.594937 0.482853 0.042511 0.043271
0 0.550851 0.687755 0.073469 0.056187
0 0.720920 0.408735 0.055578 0.034660
0 0.630395 0.703822 0.064822 0.048712
0 0.537580 0.549558 0.058386 0.038605
0 0.775689 0.602240 0.069736 0.045870
0 0.536667 0.506333 0.053536 0.042421
0 0.532030 0.469015 0.051277 0.035468
0 0.793086 0.694586 0.071211 0.047060
0 0.405642 0.791776 0.060792 0.049814
0 0.403454 0.672560 0.066150 0.048836
0 0.410215 0.852689 0.069911 0.052347
0 0.585877 0.449705 0.050915 0.039370
0 0.405866 0.923588 0.084873 0.063087
0 0.654403 0.809806 0.078566 0.052860
0 0.611383 0.560301 0.050737 0.035485
0 0.402202 0.627625 0.050435 0.039430
0 0.586663 0.424976 0.048695 0.037368
0 0.700639 0.279201 0.042766 0.038453
0 0.716916 0.374200 0.056765 0.038681
0 0.573311 0.809723 0.080226 0.055342
0 0.584134 0.388608 0.046965 0.037286
0 0.691162 0.256320 0.048365 0.031630
0 0.545545 0.586689 0.062488 0.045673
0 0.400002 0.494837 0.051115 0.039740
0 0.396712 0.539460 0.067891 0.046842
0 0.584483 0.867247 0.081057 0.056899
0 0.396193 0.584563 0.062339 0.041162
0 0.567694 0.758832 0.072926 0.052456
0 0.582957 0.361946 0.046093 0.035724
0 0.399798 0.461035 0.045089 0.034782
0 0.640663 0.757585 0.065897 0.049426
0 0.659840 0.873386 0.061213 0.049333
0 0.673590 0.935980 0.072354 0.054456
0 0.586036 0.926810 0.062110 0.057228
0 0.810082 0.750340 0.067557 0.049504
0 0.827190 0.811749 0.073451 0.052584
0 0.837206 0.878731 0.070112 0.058844
0 0.868924 0.949469 0.090144 0.057592
0 0.770850 0.558218 0.060931 0.043820
0 0.716179 0.314078 0.041733 0.041316