0 0.630820 0.703698 0.060301 0.048004
0 0.613343 0.566800 0.062466 0.047625
0 0.805456 0.670788 0.070559 0.052530
0 0.635994 0.751837 0.058263 0.047538
0 0.562230 0.753075 0.077129 0.053556
0 0.619641 0.609798 0.065481 0.048824
0 0.629466 0.654085 0.050518 0.040265
0 0.565159 0.803551 0.073990 0.057747
0 0.743150 0.474351 0.059975 0.041095
0 0.383302 0.615308 0.068731 0.051129
0 0.770895 0.542811 0.067519 0.046810
0 0.601897 0.490142 0.059575 0.045728
0 0.819984 0.718238 0.069344 0.063334
0 0.786523 0.583838 0.063863 0.048019
0 0.653629 0.859562 0.070032 0.054326
0 0.757330 0.507572 0.063609 0.043109
0 0.737960 0.439780 0.056211 0.042882
0 0.796839 0.625600 0.055748 0.050471
0 0.598394 0.449983 0.053537 0.046266
0 0.591286 0.413551 0.056452 0.043185
0 0.610293 0.526774 0.064901 0.044589
0 0.576929 0.860335 0.069662 0.055872
0 0.368780 0.717259 0.069572 0.050246
0 0.386230 0.663813 0.072444 0.050097
0 0.364577 0.768377 0.060637 0.051480
0 0.663079 0.913588 0.055808 0.050655
0 0.554881 0.646529 0.065048 0.049367
0 0.556304 0.685091 0.069354 0.045143
0 0.586643 0.359069 0.048858 0.033636
0 0.852394 0.823565 0.083465 0.052540
0 0.547466 0.593131 0.065560 0.051613
0 0.582331 0.207364 0.032823 0.031821
0 0.543097 0.517440 0.040401 0.044718
0 0.844082 0.765090 0.065749 0.057198
0 0.688218 0.267127 0.042568 0.036308
0 0.384825 0.565495 0.056411 0.049435
0 0.362243 0.834781 0.077511 0.053050
0 0.389406 0.425506 0.044237 0.040064
0 0.389406 0.459310 0.060931 0.047576
0 0.381060 0.493740 0.055923 0.043820
0 0.383981 0.535056 0.056757 0.043820
0 0.588475 0.931941 0.063435 0.053836
0 0.544237 0.559470 0.056757 0.047576
0 0.588892 0.386694 0.052584 0.037560
0 0.688218 0.246469 0.044237 0.027544
0 0.693226 0.296549 0.049245 0.030048
0 0.708667 0.324720 0.041733 0.031300
0 0.714093 0.358524 0.049245 0.036308
0 0.733290 0.407352 0.057592 0.031300