0 0.815093 0.782790 0.083824 0.053327
0 0.563750 0.903141 0.084566 0.062220
0 0.561571 0.724941 0.072804 0.057253
0 0.629425 0.635859 0.067756 0.050716
0 0.392122 0.847627 0.065425 0.053145
0 0.559974 0.673620 0.077969 0.055938
0 0.402170 0.550107 0.063064 0.046960
0 0.551259 0.628402 0.063854 0.047012
0 0.661345 0.900658 0.089349 0.067370
0 0.864121 0.969688 0.083919 0.054362
0 0.752565 0.519430 0.064280 0.042012
0 0.404021 0.679281 0.055109 0.050892
0 0.543038 0.509746 0.059288 0.042122
0 0.616981 0.552539 0.057444 0.044010
0 0.401738 0.628809 0.064023 0.056237
0 0.599121 0.386566 0.053615 0.040202
0 0.398711 0.729821 0.077214 0.058105
0 0.645085 0.784668 0.076706 0.059023
0 0.631430 0.681318 0.054041 0.049108
0 0.779032 0.590039 0.071927 0.050990
0 0.796350 0.677624 0.057847 0.048047
0 0.787396 0.634772 0.063194 0.051081
0 0.746372 0.483249 0.064063 0.043607
0 0.646988 0.840283 0.077734 0.056634
0 0.637687 0.730540 0.063872 0.051693
0 0.569193 0.836351 0.071424 0.057975
0 0.809338 0.727806 0.078511 0.051693
0 0.552721 0.589124 0.065799 0.044759
0 0.547025 0.547998 0.062088 0.043691
0 0.402511 0.512126 0.061992 0.045241
0 0.727103 0.416764 0.061558 0.043464
0 0.669143 0.970921 0.084701 0.052936
0 0.403750 0.589349 0.061181 0.047122
0 0.837873 0.834173 0.084219 0.054714
0 0.614668 0.514557 0.060161 0.045469
0 0.567878 0.777738 0.070877 0.053366
0 0.845809 0.898145 0.072895 0.054115
0 0.579154 0.969398 0.076189 0.054290
0 0.621057 0.593835 0.049614 0.040339
0 0.537999 0.442780 0.051753 0.037344
0 0.766274 0.553288 0.064822 0.044909
0 0.538952 0.412422 0.055725 0.037214
0 0.397081 0.785524 0.060013 0.058717
0 0.699084 0.285690 0.048733 0.034505
0 0.739475 0.448757 0.055095 0.038034
0 0.689783 0.241387 0.048516 0.031341
0 0.406782 0.377842 0.054831 0.037415
0 0.406523 0.444290 0.061502 0.043711
0 0.290048 0.745911 0.041840 0.079349
0 0.716990 0.360101 0.048798 0.037780
0 0.603212 0.477142 0.054896 0.039388
0 0.593587 0.303610 0.051194 0.038001
0 0.536992 0.475469 0.053082 0.037526
0 0.720126 0.387799 0.051302 0.033099
0 0.579334 0.218451 0.045647 0.034206
0 0.406997 0.410078 0.052760 0.039310
0 0.577654 0.194206 0.041654 0.029323
0 0.601942 0.445817 0.045794 0.036165
0 0.540573 0.379521 0.043411 0.041374
0 0.693511 0.262620 0.046701 0.028678
0 0.711923 0.335433 0.046892 0.034876
0 0.706148 0.311572 0.053885 0.030762
0 0.586777 0.258203 0.039926 0.040885
0 0.587094 0.354270 0.070518 0.046748
0 0.595423 0.330244 0.050200 0.030849