0 0.590354 0.972135 0.088129 0.048659
0 0.395888 0.791087 0.065256 0.051380
0 0.681322 0.966579 0.075881 0.055996
0 0.551786 0.580996 0.065508 0.045339
0 0.666986 0.901214 0.061732 0.054004
0 0.578244 0.844160 0.073563 0.058411
0 0.397326 0.623027 0.075582 0.058047
0 0.398624 0.726608 0.074557 0.053828
0 0.400480 0.576318 0.067956 0.047415
0 0.659831 0.843584 0.077335 0.056673
0 0.647218 0.787565 0.066050 0.053451
0 0.639744 0.732702 0.074036 0.054414
0 0.587734 0.383906 0.052352 0.036862
0 0.772930 0.598014 0.068064 0.047188
0 0.528314 0.387568 0.055412 0.041243
0 0.629781 0.640918 0.051992 0.042018
0 0.541806 0.499163 0.053542 0.042897
0 0.805106 0.735273 0.068919 0.050299
0 0.394755 0.672305 0.055516 0.052122
0 0.402652 0.534883 0.056988 0.043971
0 0.560163 0.675863 0.068286 0.049590
0 0.387244 0.847777 0.082370 0.060970
0 0.837389 0.838239 0.087079 0.059473
0 0.636300 0.683613 0.054579 0.051471
0 0.762146 0.555654 0.067661 0.048743
0 0.614878 0.558132 0.063359 0.047240
0 0.738448 0.454889 0.057348 0.041289
0 0.575245 0.785986 0.070065 0.053366
0 0.799032 0.682490 0.057656 0.050007
0 0.849546 0.964746 0.084961 0.061667
0 0.580189 0.903109 0.075326 0.059928
0 0.623485 0.598389 0.062205 0.047012
0 0.410610 0.500781 0.048303 0.039857
0 0.604460 0.474036 0.054753 0.045859
0 0.598147 0.441006 0.057786 0.042546
0 0.302743 0.535146 0.029609 0.078678
0 0.782543 0.639743 0.065729 0.048665
0 0.540432 0.537464 0.049188 0.046361
0 0.813294 0.784320 0.065564 0.049967
0 0.843796 0.903659 0.076272 0.058789
0 0.559134 0.724990 0.071740 0.055085
0 0.605365 0.510993 0.059731 0.047871
0 0.535323 0.428760 0.053624 0.037988
0 0.538579 0.462331 0.052747 0.044414
0 0.749616 0.519795 0.061845 0.044538
0 0.691628 0.264782 0.053767 0.033483
0 0.604740 0.355254 0.056068 0.038932
0 0.593533 0.266253 0.049644 0.038861
0 0.384544 0.916377 0.090599 0.064538
0 0.715137 0.363392 0.053260 0.035521
0 0.733264 0.421247 0.054340 0.042467
0 0.722841 0.392337 0.056124 0.039857
0 0.407969 0.469701 0.055234 0.038372
0 0.703743 0.314736 0.050291 0.033223
0 0.407858 0.407376 0.060916 0.042187
0 0.598394 0.327813 0.051406 0.033555
0 0.697806 0.289606 0.041975 0.030397
0 0.597695 0.300186 0.042656 0.036061
0 0.710495 0.339375 0.050026 0.033529
0 0.581929 0.217376 0.046749 0.032826
0 0.685836 0.240973 0.039605 0.028717
0 0.586484 0.241247 0.047830 0.033822
0 0.402858 0.437454 0.047747 0.040651
0 0.679006 0.220791 0.038611 0.028743