0 0.380126 0.567353 0.063170 0.047573
0 0.621934 0.603191 0.061187 0.044055
0 0.606645 0.536319 0.053734 0.046333
0 0.735114 0.438484 0.054713 0.034925
0 0.605204 0.498078 0.054339 0.045323
0 0.627725 0.654456 0.071980 0.047447
0 0.706581 0.317992 0.040899 0.042252
0 0.378285 0.835848 0.074208 0.054214
0 0.725923 0.404067 0.054240 0.037047
0 0.742474 0.469687 0.059615 0.041465
0 0.367939 0.715167 0.068815 0.050398
0 0.374776 0.766303 0.081018 0.056335
0 0.565251 0.705569 0.070976 0.050335
0 0.373696 0.611778 0.052401 0.047942
0 0.666137 0.830588 0.063280 0.050020
0 0.558483 0.766601 0.075529 0.052097
0 0.719396 0.372465 0.048970 0.030853
0 0.370209 0.659630 0.072616 0.052584
0 0.554253 0.656500 0.061765 0.051332
0 0.564687 0.833659 0.080963 0.055088
0 0.575538 0.892503 0.067608 0.060096
0 0.585554 0.966371 0.084302 0.057592
0 0.639807 0.721605 0.052584 0.043820
0 0.649823 0.772311 0.060931 0.055088
0 0.679871 0.898137 0.069278 0.056340
0 0.702407 0.970753 0.070947 0.048828
0 0.715345 0.344126 0.048411 0.032552
0 0.749983 0.507512 0.050915 0.036308
0 0.758747 0.542568 0.056757 0.043820
0 0.765007 0.583884 0.062600 0.041316
0 0.781701 0.630834 0.077624 0.047576
0 0.788378 0.677158 0.059261 0.050080
0 0.804654 0.722231 0.073451 0.050080
0 0.863916 0.772937 0.061765 0.046324
0 0.822599 0.821139 0.062600 0.052584
0 0.844301 0.886869 0.074286 0.058844
0 0.857656 0.959485 0.079294 0.063852