0 0.213036 0.767933 0.047296 0.109681
0 0.391838 0.915983 0.086940 0.057865
0 0.392830 0.849661 0.080825 0.056589
0 0.391990 0.785661 0.073911 0.056478
0 0.572943 0.725710 0.070148 0.053880
0 0.387960 0.671143 0.070747 0.049030
0 0.404143 0.385449 0.058798 0.043242
0 0.588069 0.908226 0.075000 0.058613
0 0.572561 0.782845 0.068047 0.052969
0 0.801986 0.681315 0.075673 0.050885
0 0.256565 0.585114 0.035430 0.066895
0 0.558448 0.674515 0.068841 0.051139
0 0.826602 0.785827 0.076814 0.052721
0 0.650892 0.787129 0.070187 0.054010
0 0.850836 0.902826 0.071567 0.056628
0 0.583045 0.844053 0.074136 0.060684
0 0.778947 0.587217 0.070881 0.047467
0 0.396617 0.723496 0.069266 0.051771
0 0.838906 0.842090 0.077734 0.051510
0 0.548359 0.579303 0.062370 0.044128
0 0.393147 0.572835 0.062153 0.047350
0 0.588056 0.370241 0.052509 0.035677
0 0.635838 0.675381 0.067474 0.051491
0 0.766758 0.545016 0.061050 0.042806
0 0.396328 0.493704 0.062023 0.043411
0 0.621367 0.582913 0.067483 0.046660
0 0.877086 0.972848 0.086185 0.050905
0 0.788355 0.635641 0.068533 0.048092
0 0.813056 0.729027 0.070130 0.050176
0 0.594188 0.973424 0.077370 0.050339
0 0.403535 0.425241 0.051801 0.040182
0 0.644499 0.724821 0.060065 0.049902
0 0.553594 0.624827 0.058628 0.048040
0 0.391795 0.621243 0.064553 0.048893
0 0.741591 0.458910 0.065725 0.046165
0 0.624839 0.628324 0.063403 0.047402
0 0.660137 0.846061 0.063919 0.054492
0 0.402878 0.459085 0.045017 0.037897
0 0.546194 0.536029 0.054453 0.042187
0 0.392609 0.531566 0.065816 0.047207
0 0.602578 0.432119 0.055156 0.041048
0 0.544188 0.489375 0.062431 0.047279
0 0.594852 0.400710 0.055712 0.036706
0 0.752728 0.502106 0.058581 0.043626
0 0.660673 0.906969 0.059062 0.051491
0 0.617276 0.541309 0.059570 0.043841
0 0.718155 0.390286 0.056398 0.040872
0 0.611066 0.500807 0.054935 0.044440
0 0.608874 0.467393 0.045855 0.035905
0 0.537567 0.452425 0.055004 0.039785
0 0.601189 0.315404 0.052743 0.037266
0 0.537144 0.416182 0.044991 0.038079
0 0.527398 0.387067 0.045395 0.035124
0 0.672854 0.970560 0.064284 0.054831
0 0.709299 0.360719 0.046905 0.033613
0 0.583079 0.215326 0.041984 0.030547
0 0.727246 0.425010 0.048051 0.035762
0 0.707865 0.333874 0.049470 0.033607
0 0.587053 0.240820 0.045451 0.033138
0 0.692773 0.278203 0.043064 0.035794
0 0.600280 0.343223 0.052669 0.036953
0 0.701612 0.306465 0.042730 0.034583
0 0.678863 0.226514 0.046007 0.036309
0 0.599614 0.285924 0.049792 0.039115
0 0.682420 0.251849 0.038780 0.032383
0 0.591250 0.263464 0.039627 0.025039