0 0.387022 0.632536 0.066557 0.051987
0 0.640104 0.737998 0.070352 0.047812
0 0.648350 0.791323 0.077232 0.056804
0 0.383187 0.679283 0.072132 0.055927
0 0.390830 0.733541 0.066016 0.053695
0 0.776641 0.601951 0.073766 0.047686
0 0.395518 0.546742 0.065914 0.046504
0 0.573160 0.843812 0.073744 0.059330
0 0.568463 0.785713 0.063381 0.060354
0 0.658543 0.849087 0.068238 0.058998
0 0.548724 0.516197 0.060294 0.042984
0 0.558852 0.639944 0.065406 0.052740
0 0.633620 0.686461 0.061670 0.047789
0 0.828325 0.792947 0.070958 0.054282
0 0.808233 0.744061 0.076309 0.049920
0 0.551078 0.553764 0.059605 0.050868
0 0.565050 0.735142 0.069127 0.052433
0 0.788241 0.646408 0.071536 0.047518
0 0.387638 0.790741 0.057791 0.059543
0 0.554290 0.592908 0.047910 0.047692
0 0.749047 0.491680 0.065149 0.043086
0 0.632579 0.642205 0.057884 0.047474
0 0.539725 0.480930 0.058039 0.049074
0 0.754150 0.526952 0.062859 0.039988
0 0.557354 0.683857 0.053698 0.044956
0 0.624034 0.598439 0.061550 0.050472
0 0.621295 0.555108 0.065988 0.052228
0 0.665428 0.910627 0.061211 0.050643
0 0.740271 0.454975 0.058112 0.042975
0 0.402989 0.476368 0.059560 0.042191
0 0.764089 0.562672 0.069198 0.043291
0 0.794867 0.697437 0.066316 0.046817
0 0.732106 0.422166 0.055115 0.036222
0 0.612398 0.514331 0.051766 0.041965
0 0.832859 0.845363 0.066950 0.054381
0 0.584635 0.973615 0.087721 0.048075
0 0.600504 0.383331 0.046559 0.039133
0 0.534724 0.350534 0.042398 0.033508
0 0.606820 0.422875 0.050116 0.033550
0 0.547019 0.445311 0.049524 0.033350
0 0.727447 0.392328 0.042568 0.035056
0 0.595201 0.267224 0.036057 0.033981
0 0.399332 0.511080 0.050862 0.035238
0 0.711740 0.339397 0.056024 0.040211
0 0.406340 0.439760 0.053993 0.040013
0 0.609917 0.486388 0.051230 0.035376
0 0.580904 0.201498 0.033053 0.036666
0 0.575799 0.167398 0.045383 0.033415
0 0.598187 0.359185 0.050688 0.041245
0 0.855187 0.911761 0.072545 0.047279
0 0.405146 0.405177 0.043595 0.038280
0 0.597844 0.305929 0.049705 0.032573
0 0.580128 0.903771 0.066774 0.053836
0 0.586618 0.240259 0.044099 0.037795
0 0.406201 0.378890 0.060165 0.042144
0 0.543259 0.379182 0.049793 0.041316
0 0.719780 0.367607 0.051730 0.032679
0 0.708726 0.318095 0.056640 0.030778
0 0.675434 0.981033 0.065487 0.033924
0 0.700961 0.297528 0.048633 0.040054
0 0.390658 0.849309 0.075120 0.050080
0 0.380225 0.923803 0.084302 0.053836
0 0.414864 0.343500 0.041733 0.032552
0 0.547576 0.414238 0.051749 0.033804
0 0.613098 0.453676 0.052584 0.032552
0 0.594735 0.334736 0.050915 0.035056
0 0.573451 0.148813 0.045072 0.026292
0 0.871010 0.978891 0.082632 0.038812
0 0.690304 0.271509 0.051749 0.031300
0 0.691556 0.248973 0.039229 0.026292
0 0.686548 0.227689 0.045907 0.026292
0 0.675698 0.208283 0.044237 0.027544
0 0.672776 0.186999 0.043403 0.027544