0 0.768262 0.497894 0.062374 0.040475
0 0.791847 0.581755 0.060308 0.041908
0 0.407893 0.852399 0.075985 0.053158
0 0.403325 0.788906 0.076554 0.054766
0 0.876682 0.963665 0.089527 0.056979
0 0.807873 0.673034 0.072943 0.048919
0 0.595612 0.973691 0.087717 0.051068
0 0.406840 0.512015 0.047196 0.041204
0 0.757207 0.460576 0.059327 0.041973
0 0.816970 0.722686 0.069592 0.048079
0 0.591306 0.268369 0.037483 0.034251
0 0.781087 0.535921 0.060464 0.043431
0 0.404583 0.732087 0.075356 0.051921
0 0.833995 0.777214 0.086141 0.054206
0 0.571378 0.732988 0.069787 0.050234
0 0.854449 0.898206 0.074418 0.049863
0 0.573075 0.785879 0.064110 0.052148
0 0.561504 0.671637 0.070768 0.053249
0 0.552010 0.533180 0.062378 0.044876
0 0.804395 0.628584 0.064119 0.047142
0 0.402105 0.436250 0.046528 0.039687
0 0.401673 0.919863 0.064214 0.058633
0 0.532441 0.376849 0.052114 0.038750
0 0.545323 0.573903 0.060907 0.044264
0 0.579991 0.852542 0.072283 0.055332
0 0.577958 0.911660 0.071289 0.059102
0 0.396680 0.636432 0.070955 0.050898
0 0.657947 0.903151 0.062943 0.052734
0 0.652463 0.784463 0.074683 0.055384
0 0.658657 0.844382 0.057782 0.047057
0 0.407958 0.591318 0.062227 0.045202
0 0.844601 0.838145 0.065981 0.050781
0 0.549021 0.616152 0.066046 0.050326
0 0.743804 0.422666 0.060534 0.042181
0 0.637687 0.677158 0.066997 0.050827
0 0.404820 0.551175 0.052209 0.043926
0 0.680736 0.971146 0.075178 0.055664
0 0.723188 0.362454 0.054891 0.035130
0 0.607617 0.501650 0.063108 0.042936
0 0.692387 0.262604 0.047943 0.036068
0 0.636723 0.633001 0.063134 0.048320
0 0.728296 0.392578 0.054310 0.034518
0 0.616133 0.543294 0.058333 0.045339
0 0.625951 0.591234 0.059106 0.046022
0 0.647224 0.729450 0.063780 0.050970
0 0.595421 0.402858 0.057622 0.041081
0 0.590968 0.366465 0.055477 0.045937
0 0.398357 0.681077 0.055195 0.047155
0 0.589948 0.300885 0.047023 0.034896
0 0.601148 0.433249 0.052244 0.039297
0 0.609488 0.466090 0.057127 0.040098
0 0.706582 0.309391 0.054796 0.036829
0 0.712493 0.334128 0.044501 0.035339
0 0.597919 0.331849 0.053754 0.043724
0 0.699753 0.285462 0.048932 0.027591
0 0.692183 0.237412 0.039922 0.031712