0 0.678099 0.963854 0.075165 0.055404
0 0.668357 0.894740 0.060699 0.050677
0 0.785621 0.621302 0.056363 0.044310
0 0.804138 0.678363 0.076185 0.049264
0 0.861519 0.972887 0.075729 0.049004
0 0.825113 0.783086 0.069141 0.051484
0 0.660499 0.830348 0.078464 0.058835
0 0.558730 0.730065 0.067148 0.048672
0 0.847999 0.906139 0.071988 0.051250
0 0.811931 0.733109 0.060773 0.048574
0 0.829054 0.839801 0.063125 0.046100
0 0.576066 0.219701 0.043155 0.034518
0 0.687693 0.256351 0.047938 0.041243
0 0.691523 0.290846 0.044340 0.037370
0 0.174340 0.852090 0.048333 0.040599