0 0.547776 0.616637 0.063468 0.050280
0 0.774505 0.584020 0.074297 0.047103
0 0.390684 0.751530 0.072782 0.059648
0 0.714019 0.358561 0.054071 0.036901
0 0.563678 0.826598 0.072435 0.054121
0 0.722615 0.389971 0.056905 0.038639
0 0.545148 0.571693 0.050651 0.045781
0 0.758199 0.502126 0.066858 0.042337
0 0.814839 0.721820 0.077300 0.054616
0 0.558652 0.718001 0.069232 0.053477
0 0.825009 0.776572 0.073099 0.054421
0 0.629629 0.724069 0.067253 0.051667
0 0.799551 0.675218 0.058407 0.047806
0 0.551912 0.664098 0.071732 0.052350
0 0.575827 0.970632 0.084831 0.055195
0 0.745820 0.465010 0.062066 0.044590
0 0.562782 0.772015 0.066380 0.054499
0 0.623813 0.674967 0.064536 0.049193
0 0.388223 0.808161 0.077730 0.056413
0 0.851554 0.894938 0.074323 0.053366
0 0.643882 0.831673 0.074510 0.054180
0 0.867077 0.964574 0.080794 0.058184
0 0.546289 0.473542 0.059531 0.043307
0 0.543132 0.536038 0.059596 0.044004
0 0.395332 0.606006 0.068346 0.050540
0 0.616280 0.506878 0.060122 0.044160
0 0.655182 0.903600 0.082595 0.059831
0 0.787819 0.630566 0.072739 0.052266
0 0.765434 0.540023 0.064332 0.046895
0 0.540508 0.436146 0.052161 0.040247
0 0.613741 0.546504 0.062500 0.045026
0 0.393309 0.649251 0.054431 0.049961
0 0.386254 0.921963 0.081207 0.063314
0 0.571469 0.895120 0.071749 0.063952
0 0.601419 0.451094 0.055642 0.044544
0 0.733296 0.433512 0.060803 0.041100
0 0.668468 0.970010 0.091962 0.059785
0 0.399058 0.518008 0.061363 0.048372
0 0.390838 0.698903 0.055686 0.049902
0 0.829809 0.832152 0.066328 0.048470
0 0.410577 0.410635 0.054306 0.039082
0 0.617574 0.629951 0.059349 0.045306
0 0.599269 0.412855 0.056272 0.043809
0 0.395291 0.564652 0.067509 0.047858
0 0.710929 0.332035 0.056797 0.036061
0 0.419368 0.374167 0.056801 0.043490
0 0.609603 0.583919 0.056393 0.050404
0 0.637719 0.773158 0.058286 0.052669
0 0.541606 0.376442 0.042205 0.040488
0 0.403264 0.481400 0.061450 0.045026
0 0.595922 0.380671 0.042287 0.036849
0 0.693991 0.261924 0.055638 0.038366
0 0.400536 0.442633 0.051862 0.043418
0 0.592943 0.352822 0.046345 0.036439
0 0.549957 0.503164 0.049002 0.035859
0 0.379418 0.857090 0.063090 0.057760
0 0.700321 0.287669 0.053611 0.031042
0 0.702888 0.309964 0.054232 0.031882
0 0.539416 0.406198 0.048563 0.033815
0 0.692350 0.237230 0.045890 0.029030