0 0.801750 0.691560 0.077654 0.049653
0 0.817694 0.742862 0.073180 0.053423
0 0.748002 0.466037 0.058746 0.043867
0 0.773629 0.573260 0.055419 0.046007
0 0.743744 0.429105 0.058010 0.039629
0 0.614513 0.481027 0.053680 0.045360
0 0.764608 0.533838 0.056730 0.048345
0 0.785413 0.610949 0.052721 0.046333
0 0.383259 0.636294 0.068857 0.051528
0 0.823900 0.794819 0.068084 0.053072
0 0.629049 0.600014 0.066114 0.050470
0 0.570256 0.790283 0.080416 0.052220
0 0.379134 0.854275 0.084813 0.055004
0 0.622620 0.557442 0.055928 0.044112
0 0.619550 0.517332 0.057386 0.042270
0 0.756205 0.500812 0.053400 0.036977
0 0.377338 0.686924 0.065924 0.051512
0 0.592745 0.352338 0.044879 0.042420
0 0.643931 0.736695 0.060268 0.048392
0 0.567516 0.731656 0.067160 0.049292
0 0.354305 0.791091 0.077714 0.053836
0 0.849606 0.903882 0.070189 0.052776
0 0.389477 0.592113 0.050218 0.043861
0 0.629790 0.644095 0.051229 0.037337
0 0.691065 0.237235 0.041322 0.030788
0 0.583196 0.234210 0.034712 0.033545
0 0.564172 0.681310 0.066579 0.049620
0 0.354060 0.732418 0.056564 0.051883
0 0.579461 0.909293 0.078794 0.057367
0 0.634250 0.684721 0.056355 0.053103
0 0.845346 0.848085 0.088888 0.052641
0 0.866039 0.972068 0.086789 0.051156
0 0.569726 0.842051 0.071940 0.053093
0 0.415851 0.382605 0.057745 0.045895
0 0.676782 0.974714 0.078795 0.045481
0 0.657784 0.846908 0.070049 0.050287
0 0.595987 0.387320 0.051749 0.040064
0 0.581798 0.972005 0.081798 0.050080
0 0.665682 0.911909 0.060931 0.055088
0 0.653579 0.793595 0.066774 0.051332