0 0.831106 0.791807 0.074544 0.051871
0 0.647618 0.791791 0.066215 0.050358
0 0.636061 0.738311 0.062261 0.047116
0 0.777073 0.588539 0.074319 0.050387
0 0.399316 0.785084 0.060699 0.051423
0 0.625308 0.640283 0.067310 0.046811
0 0.663561 0.851601 0.075659 0.055425
0 0.791675 0.632807 0.065856 0.054899
0 0.542800 0.588055 0.070787 0.047756
0 0.631259 0.687799 0.065215 0.047318
0 0.768786 0.547609 0.068487 0.047510
0 0.802940 0.687936 0.070022 0.054817
0 0.586977 0.848036 0.075711 0.051517
0 0.670655 0.911345 0.069644 0.055371
0 0.575916 0.779675 0.065077 0.051957
0 0.400497 0.733153 0.056738 0.047248
0 0.566297 0.726324 0.058237 0.050780
0 0.611844 0.555480 0.058959 0.045167
0 0.609095 0.514910 0.058704 0.043163
0 0.391617 0.681601 0.067266 0.052067
0 0.698640 0.313202 0.050103 0.034557
0 0.845345 0.841808 0.065228 0.051942
0 0.398397 0.391410 0.063887 0.046907
0 0.755216 0.508022 0.064719 0.046556
0 0.398152 0.634577 0.068142 0.048311
0 0.587305 0.908543 0.075660 0.052633
0 0.556860 0.672349 0.062552 0.046432
0 0.552309 0.629079 0.062885 0.049835
0 0.539079 0.436619 0.054589 0.039033
0 0.816687 0.736231 0.062461 0.053379
0 0.525975 0.402582 0.054575 0.038985
0 0.693061 0.262467 0.047906 0.033247
0 0.397034 0.592058 0.049391 0.038496
0 0.614972 0.593569 0.056983 0.041784
0 0.603883 0.477571 0.057766 0.041453
0 0.727212 0.393137 0.047318 0.038591
0 0.398196 0.554807 0.068936 0.044780
0 0.718246 0.361365 0.059435 0.039345
0 0.384345 0.844607 0.082348 0.058123
0 0.741039 0.467854 0.051388 0.039253
0 0.397300 0.509607 0.066844 0.041750
0 0.603517 0.308145 0.037463 0.038904
0 0.606972 0.413119 0.052018 0.038546
0 0.857634 0.905691 0.074999 0.051740
0 0.594690 0.221355 0.044486 0.031424
0 0.543657 0.508510 0.060604 0.045580
0 0.396084 0.438652 0.045907 0.040064
0 0.396501 0.471830 0.060096 0.041316
0 0.392328 0.910657 0.070112 0.060096
0 0.601412 0.978791 0.082632 0.041116
0 0.688635 0.976287 0.078459 0.046124
0 0.539647 0.546324 0.059261 0.042568
0 0.539229 0.470578 0.051749 0.038812
0 0.597239 0.446164 0.042568 0.042568
0 0.589310 0.382938 0.055088 0.048828
0 0.603082 0.357898 0.044237 0.036308
0 0.696565 0.289663 0.049245 0.030048
0 0.731203 0.427384 0.053419 0.045072
0 0.881444 0.975035 0.075120 0.048628