0 0.620365 0.522160 0.063664 0.043305
0 0.645777 0.700179 0.060676 0.050364
0 0.783382 0.629220 0.069744 0.045101
0 0.753744 0.499988 0.062634 0.041524
0 0.879643 0.961233 0.090972 0.056854
0 0.623473 0.560966 0.058070 0.044996
0 0.773585 0.585177 0.071440 0.046160
0 0.406422 0.374949 0.058364 0.045440
0 0.763485 0.539341 0.068108 0.044680
0 0.578888 0.753275 0.074018 0.051743
0 0.574213 0.695617 0.064592 0.048204
0 0.654975 0.755701 0.062312 0.049495
0 0.644140 0.648883 0.067289 0.047365
0 0.633599 0.606095 0.058323 0.050731
0 0.583991 0.887489 0.079053 0.058542
0 0.605423 0.316622 0.037599 0.035877
0 0.801032 0.725560 0.060662 0.049681
0 0.793240 0.677032 0.063184 0.049671
0 0.662343 0.814253 0.070947 0.060096
0 0.586806 0.808619 0.070112 0.051332
0 0.664430 0.902519 0.061765 0.048828
0 0.590979 0.966997 0.083467 0.062600
0 0.676950 0.971279 0.073451 0.056140
0 0.829694 0.790465 0.065104 0.050080
0 0.846805 0.849935 0.067608 0.051332
0 0.855569 0.903771 0.066774 0.053836