0 0.569388 0.902689 0.085642 0.062357
0 0.399199 0.631133 0.068173 0.053750
0 0.385664 0.791117 0.085174 0.065033
0 0.567891 0.840033 0.076641 0.058555
0 0.551949 0.632236 0.059141 0.048236
0 0.592142 0.385762 0.052817 0.038516
0 0.579108 0.967480 0.087791 0.059063
0 0.643012 0.783278 0.074957 0.060137
0 0.667843 0.966693 0.084045 0.058346
0 0.562654 0.776247 0.075951 0.053796
0 0.604490 0.446071 0.059857 0.041673
0 0.627999 0.632295 0.061250 0.046374
0 0.401267 0.585882 0.067613 0.048900
0 0.639759 0.681582 0.054336 0.044336
0 0.758911 0.554574 0.066267 0.043574
0 0.812083 0.726364 0.075495 0.051100
0 0.747580 0.482171 0.064961 0.040228
0 0.552878 0.589453 0.058854 0.043958
0 0.792378 0.633441 0.067891 0.049759
0 0.803505 0.679665 0.081992 0.053053
0 0.642856 0.728577 0.063160 0.050736
0 0.853344 0.966934 0.084510 0.058711
0 0.614171 0.509795 0.057795 0.043288
0 0.562580 0.724779 0.072600 0.051016
0 0.397094 0.680114 0.053928 0.048822
0 0.758040 0.515905 0.064084 0.043333
0 0.621712 0.587295 0.059918 0.045736
0 0.691155 0.238942 0.039201 0.034264
0 0.832033 0.830706 0.070525 0.053952
0 0.826191 0.775550 0.069214 0.052272
0 0.615825 0.548265 0.059714 0.045358
0 0.413852 0.372949 0.043685 0.041549
0 0.779284 0.591139 0.058429 0.047018
0 0.395373 0.729580 0.079583 0.060371
0 0.662949 0.898327 0.072921 0.066875
0 0.379277 0.856846 0.062183 0.057923