0 0.790163 0.633298 0.074570 0.048848
0 0.399460 0.740791 0.065421 0.050983
0 0.690273 0.950166 0.074974 0.053848
0 0.401148 0.634115 0.068555 0.049909
0 0.395371 0.797380 0.077860 0.057728
0 0.670067 0.884658 0.061749 0.052741
0 0.659807 0.768311 0.079527 0.058053
0 0.815590 0.731104 0.076380 0.050879
0 0.652231 0.667464 0.070460 0.051582
0 0.382628 0.915426 0.063277 0.053079
0 0.393780 0.852357 0.064019 0.055938
0 0.830462 0.839245 0.072036 0.052331
0 0.391150 0.679704 0.071866 0.054382
0 0.588277 0.879827 0.076753 0.057337
0 0.666760 0.826787 0.068260 0.055645
0 0.558247 0.523760 0.064071 0.044863
0 0.556484 0.483548 0.053403 0.043151
0 0.654957 0.716849 0.072595 0.053997
0 0.803848 0.683060 0.068668 0.050781
0 0.573513 0.650954 0.068937 0.048132
0 0.638082 0.580889 0.056215 0.044915
0 0.747333 0.474922 0.061966 0.042487
0 0.848529 0.898132 0.084948 0.061029
0 0.253058 0.508132 0.042548 0.127161
0 0.872739 0.956038 0.092752 0.059993
0 0.823635 0.778649 0.071723 0.048053
0 0.631024 0.539001 0.057691 0.049395
0 0.643817 0.620501 0.057383 0.046302
0 0.569954 0.601517 0.062982 0.047747
0 0.577235 0.696709 0.067465 0.051257
0 0.575095 0.748193 0.065903 0.051751
0 0.392828 0.578073 0.062322 0.049401
0 0.565684 0.559391 0.056237 0.044785
0 0.600827 0.948271 0.063147 0.056595
0 0.756447 0.507308 0.063416 0.047090
0 0.624533 0.500306 0.056359 0.045391
0 0.617513 0.464863 0.054722 0.040156
0 0.393911 0.504753 0.060061 0.041771
0 0.395940 0.541367 0.066515 0.045703
0 0.395749 0.471784 0.046463 0.039518
0 0.611890 0.429648 0.056793 0.043555
0 0.578932 0.811660 0.079479 0.058828
0 0.766365 0.547357 0.064614 0.047383
0 0.777109 0.584788 0.058003 0.048171
0 0.554939 0.443949 0.046745 0.042467
0 0.550458 0.413236 0.050977 0.039740
0 0.740731 0.439681 0.055725 0.042122
0 0.730204 0.412705 0.060000 0.036660
0 0.608494 0.400342 0.045356 0.036113
0 0.720836 0.365684 0.042687 0.041445
0 0.695879 0.263737 0.046905 0.031393
0 0.712216 0.335947 0.043572 0.034316
0 0.583075 0.222969 0.042348 0.034701
0 0.698242 0.288141 0.044601 0.034902
0 0.582665 0.197656 0.041432 0.035078