0 0.564727 0.705566 0.074722 0.058997
0 0.661521 0.881992 0.074457 0.056068
0 0.564581 0.828184 0.070951 0.059063
0 0.834690 0.782923 0.069266 0.055365
0 0.390549 0.751807 0.074266 0.060553
0 0.756984 0.502441 0.064609 0.040911
0 0.778151 0.586527 0.070061 0.050150
0 0.737096 0.432780 0.058811 0.039544
0 0.547129 0.606579 0.058589 0.045462
0 0.795135 0.632087 0.062639 0.049225
0 0.810241 0.677002 0.077843 0.051309
0 0.874855 0.969564 0.087852 0.053750
0 0.745352 0.467646 0.059358 0.038184
0 0.555553 0.650863 0.073190 0.052220
0 0.865831 0.896009 0.089970 0.056081
0 0.389805 0.804046 0.062856 0.055684
0 0.842734 0.840091 0.083073 0.051758
0 0.817702 0.728906 0.077122 0.052096
0 0.382116 0.693649 0.080543 0.063327
0 0.570705 0.760566 0.076914 0.057266
0 0.548218 0.560693 0.061332 0.047871
0 0.765384 0.540120 0.061923 0.048431
0 0.386866 0.637383 0.065825 0.053763
0 0.389019 0.592936 0.067396 0.050807
0 0.670916 0.952920 0.062587 0.051257
0 0.396461 0.438180 0.056237 0.040892
0 0.650085 0.772959 0.066098 0.054290
0 0.589896 0.958044 0.086189 0.061478
0 0.578214 0.884632 0.076141 0.058392
0 0.639138 0.724463 0.053312 0.044642
0 0.656094 0.824993 0.065417 0.053151
0 0.712394 0.336722 0.056628 0.037194
0 0.626678 0.630508 0.057695 0.045846
0 0.377702 0.925700 0.077886 0.063197
0 0.730857 0.397585 0.057522 0.040690
0 0.633739 0.674909 0.066445 0.050326
0 0.393674 0.473480 0.059527 0.042819
0 0.378451 0.859297 0.065208 0.059701
0 0.395085 0.545941 0.061966 0.050658
0 0.720523 0.364645 0.060221 0.040358
0 0.619034 0.588522 0.060082 0.050026
0 0.618752 0.509157 0.060421 0.045163
0 0.547741 0.522679 0.061714 0.042715
0 0.594750 0.317904 0.040126 0.038971
0 0.595412 0.351507 0.051580 0.038118
0 0.396669 0.509222 0.061879 0.042259
0 0.625588 0.550384 0.064110 0.047305
0 0.537964 0.416924 0.042821 0.036257
0 0.590818 0.382907 0.057409 0.037441
0 0.546111 0.482747 0.051675 0.042669
0 0.542975 0.447152 0.051515 0.037337
0 0.610156 0.473014 0.052726 0.041979
0 0.599950 0.413509 0.057183 0.042786
0 0.690441 0.240505 0.043364 0.036217
0 0.610825 0.442627 0.044844 0.036999
0 0.696000 0.271449 0.050343 0.031283
0 0.702882 0.293662 0.049089 0.031139
0 0.705506 0.312669 0.044744 0.029948