0 0.654182 0.781921 0.074970 0.054570
0 0.543835 0.442038 0.056194 0.041719
0 0.558728 0.724056 0.069384 0.052839
0 0.563607 0.779570 0.073750 0.054062
0 0.388976 0.728376 0.069705 0.056270
0 0.855671 0.960612 0.083312 0.059831
0 0.750556 0.514372 0.067014 0.045228
0 0.580480 0.970550 0.090647 0.053509
0 0.781758 0.634079 0.061380 0.049212
0 0.387550 0.842679 0.072973 0.056035
0 0.571215 0.899388 0.085807 0.063151
0 0.616812 0.551377 0.054379 0.042663
0 0.805796 0.729408 0.068832 0.046510
0 0.393505 0.673766 0.067791 0.053040
0 0.644115 0.724544 0.062648 0.048841
0 0.401758 0.544665 0.069384 0.053522
0 0.570432 0.832747 0.079839 0.056081
0 0.542930 0.507819 0.050087 0.038008
0 0.744219 0.477451 0.060330 0.042298
0 0.759382 0.552028 0.066975 0.043509
0 0.394588 0.630954 0.069358 0.046061
0 0.818689 0.776888 0.062665 0.053294
0 0.664358 0.838109 0.074175 0.055098
0 0.738301 0.447406 0.051732 0.037129
0 0.845738 0.896947 0.075286 0.055247
0 0.767485 0.588906 0.068008 0.047904
0 0.390488 0.783727 0.075690 0.055970
0 0.822658 0.835169 0.067730 0.050000
0 0.623136 0.591162 0.049214 0.040697
0 0.611324 0.510667 0.063125 0.046204
0 0.791615 0.682187 0.064731 0.048737
0 0.600163 0.379814 0.058641 0.043014
0 0.550777 0.587689 0.063003 0.044622
0 0.631417 0.632669 0.066063 0.047422
0 0.726875 0.416139 0.058160 0.042409
0 0.418049 0.378398 0.060247 0.048099
0 0.556135 0.671413 0.052912 0.048503
0 0.716274 0.359668 0.058251 0.035534
0 0.550909 0.544593 0.063563 0.048132
0 0.665716 0.897487 0.065391 0.053555
0 0.603364 0.442448 0.054036 0.041927
0 0.598882 0.414157 0.055412 0.038939
0 0.606304 0.475179 0.055734 0.039004
0 0.640938 0.676504 0.054297 0.047721
0 0.406341 0.506836 0.047491 0.041589
0 0.721385 0.387441 0.054262 0.037422
0 0.701059 0.308379 0.047969 0.032982
0 0.549091 0.629531 0.061489 0.048581
0 0.380384 0.913164 0.085256 0.061563
0 0.711947 0.333906 0.054648 0.031914
0 0.592611 0.349990 0.046897 0.037819
0 0.673142 0.967204 0.088967 0.060280
0 0.695234 0.283148 0.045425 0.035540
0 0.689826 0.241338 0.040981 0.040345