0 0.413707 0.707988 0.066718 0.051900
0 0.414585 0.828290 0.062193 0.052818
0 0.674985 0.840714 0.071171 0.056479
0 0.601105 0.249402 0.038655 0.035250
0 0.406247 0.963402 0.064481 0.060751
0 0.579800 0.679403 0.055745 0.050812
0 0.406555 0.901826 0.078881 0.060270
0 0.416147 0.617742 0.069893 0.049822
0 0.615692 0.310282 0.037904 0.037778
0 0.587478 0.787373 0.076592 0.056432
0 0.419635 0.761053 0.057913 0.053245
0 0.666976 0.785535 0.065032 0.048482
0 0.591289 0.841122 0.071521 0.054900
0 0.640940 0.633897 0.065006 0.044208
0 0.658029 0.731716 0.061213 0.052393
0 0.599390 0.971708 0.081668 0.051991
0 0.671278 0.903084 0.083126 0.057471
0 0.610461 0.351528 0.051839 0.036689
0 0.572733 0.634121 0.063669 0.047262
0 0.749013 0.476732 0.060984 0.041079
0 0.418706 0.577191 0.061079 0.046869
0 0.549950 0.431713 0.054870 0.037479
0 0.411617 0.660113 0.068117 0.050166
0 0.585092 0.735371 0.068531 0.050069
0 0.636582 0.583977 0.057365 0.045257
0 0.683627 0.238368 0.041733 0.029974
0 0.740563 0.444947 0.057474 0.037800
0 0.705443 0.301463 0.056529 0.033616
0 0.730406 0.409120 0.060022 0.038593
0 0.565095 0.545340 0.055106 0.040599
0 0.844260 0.848432 0.079212 0.054337
0 0.416103 0.534539 0.049366 0.041952
0 0.754292 0.511211 0.064000 0.044957
0 0.571591 0.589308 0.066393 0.051752
0 0.602476 0.414479 0.058804 0.039295
0 0.415843 0.423787 0.060527 0.036952
0 0.413363 0.497160 0.058205 0.036339
0 0.814331 0.739159 0.079297 0.053448
0 0.789340 0.641999 0.067354 0.051125
0 0.595267 0.382865 0.055741 0.036015
0 0.715852 0.354927 0.047396 0.034738
0 0.714111 0.332394 0.056474 0.033989
0 0.582751 0.902537 0.069508 0.055888
0 0.832964 0.790707 0.071920 0.050566
0 0.811434 0.683395 0.059892 0.051380
0 0.408186 0.392954 0.055088 0.041316
0 0.413194 0.459936 0.061765 0.047576
0 0.681123 0.976387 0.058427 0.043820
0 0.648571 0.683418 0.068443 0.048828
0 0.629374 0.548828 0.058427 0.040064
0 0.560513 0.505008 0.062600 0.040064
0 0.625200 0.509390 0.043403 0.043820
0 0.554671 0.469952 0.049245 0.040064
0 0.620610 0.479968 0.050915 0.035056
0 0.614350 0.446790 0.056757 0.043820
0 0.684879 0.262745 0.035891 0.031300
0 0.723691 0.383564 0.051749 0.032552
0 0.762921 0.551958 0.051749 0.041316
0 0.774189 0.593900 0.069278 0.045072
0 0.853065 0.911283 0.071782 0.053836
0 0.876436 0.972005 0.090144 0.052584