0 0.569651 0.902272 0.085725 0.061706
0 0.643021 0.781061 0.075547 0.055443
0 0.566543 0.838298 0.072878 0.055345
0 0.400497 0.633070 0.071541 0.056764
0 0.667554 0.967542 0.084805 0.057806
0 0.841673 0.895098 0.083537 0.061185
0 0.385556 0.793665 0.085295 0.067122
0 0.401092 0.586286 0.068294 0.049251
0 0.551762 0.632028 0.059054 0.047064
0 0.642693 0.728548 0.063589 0.051393
0 0.615395 0.547373 0.059306 0.046777
0 0.758457 0.554352 0.065291 0.043288
0 0.803622 0.678949 0.080386 0.052754
0 0.579672 0.969167 0.086168 0.056172
0 0.397109 0.680335 0.053854 0.049642
0 0.553164 0.588132 0.057266 0.045521
0 0.613802 0.509987 0.057396 0.043984
0 0.853058 0.965807 0.084970 0.061484
0 0.715273 0.360957 0.058481 0.039635
0 0.626784 0.633161 0.061076 0.049382
0 0.561990 0.723799 0.072166 0.048418
0 0.619551 0.587292 0.057739 0.046615
0 0.405738 0.545544 0.070087 0.046895
0 0.558535 0.677194 0.069648 0.049284
0 0.811387 0.727217 0.072869 0.050684
0 0.757405 0.513219 0.062413 0.049290
0 0.639820 0.680739 0.053181 0.046452
0 0.778108 0.589408 0.052917 0.046068
0 0.655720 0.834570 0.071354 0.056602
0 0.562439 0.775632 0.074948 0.054128
0 0.745994 0.481328 0.061137 0.040638
0 0.605211 0.446615 0.062036 0.045924
0 0.544310 0.546527 0.054974 0.043340
0 0.826161 0.775911 0.072088 0.055065
0 0.592172 0.384769 0.053711 0.038158
0 0.392606 0.728385 0.059023 0.048086
0 0.404614 0.505817 0.049123 0.041868
0 0.696940 0.281475 0.054826 0.037585
0 0.835139 0.830814 0.075799 0.058841
0 0.579188 0.236745 0.051276 0.042083
0 0.659234 0.897507 0.068303 0.059505
0 0.740130 0.448145 0.061415 0.039961
0 0.598162 0.412100 0.055065 0.039017
0 0.690694 0.238132 0.039392 0.033802
0 0.380089 0.859368 0.065543 0.063281
0 0.402211 0.474193 0.057765 0.038477
0 0.590067 0.329105 0.051723 0.035371
0 0.590293 0.353226 0.047513 0.037233
0 0.588861 0.301855 0.041706 0.037135
0 0.703507 0.309769 0.049635 0.040215
0 0.384010 0.932347 0.089835 0.067546