0 0.388877 0.729977 0.074466 0.058735
0 0.329768 0.477943 0.026163 0.052105
0 0.619669 0.512641 0.064438 0.045329
0 0.389569 0.679169 0.052001 0.048150
0 0.781646 0.603539 0.067883 0.044035
0 0.546898 0.497335 0.051925 0.044081
0 0.385423 0.631912 0.068282 0.054129
0 0.769840 0.558271 0.062922 0.042779
0 0.551380 0.544463 0.062461 0.041258
0 0.381941 0.971945 0.073027 0.050249
0 0.790492 0.648121 0.066177 0.046073
0 0.565724 0.630794 0.063293 0.045984
0 0.561539 0.584848 0.046324 0.043322
0 0.617522 0.556279 0.054973 0.044846
0 0.756865 0.517056 0.066106 0.043200
0 0.399002 0.787327 0.071662 0.057120
0 0.607963 0.471655 0.057717 0.042031
0 0.385098 0.910469 0.067835 0.062771
0 0.390233 0.851208 0.081580 0.058174
0 0.637046 0.689220 0.059090 0.046926
0 0.567614 0.677525 0.068595 0.050315
0 0.805259 0.692768 0.058101 0.043989
0 0.743030 0.473088 0.057486 0.041611
0 0.735223 0.440057 0.056362 0.039866
0 0.723738 0.396305 0.055456 0.043384
0 0.641894 0.644968 0.070254 0.050596
0 0.391559 0.586155 0.069146 0.049614
0 0.810197 0.737780 0.078755 0.048283
0 0.547855 0.433435 0.053272 0.037586
0 0.628831 0.598818 0.061512 0.046244
0 0.543656 0.467380 0.051591 0.038102
0 0.399344 0.468449 0.060875 0.035987
0 0.646503 0.736741 0.064986 0.046637
0 0.604494 0.321903 0.047899 0.036372
0 0.410004 0.433286 0.058966 0.041853
0 0.570920 0.735192 0.066412 0.046860
0 0.610154 0.435879 0.048174 0.035185
0 0.381635 0.545877 0.048990 0.038928
0 0.571498 0.791242 0.063775 0.055015
0 0.402504 0.509090 0.058895 0.040656
0 0.643552 0.781139 0.058880 0.050762
0 0.724259 0.367138 0.054109 0.034752
0 0.607516 0.408763 0.049040 0.031264
0 0.548769 0.400341 0.053452 0.037008
0 0.580099 0.839760 0.074273 0.050933
0 0.403178 0.387320 0.060931 0.045072
0 0.412777 0.352890 0.040064 0.031300
0 0.586388 0.901893 0.078459 0.057592
0 0.599743 0.965119 0.081798 0.061348
0 0.545072 0.371044 0.049245 0.037560
0 0.658170 0.844927 0.060096 0.056340
0 0.665264 0.900641 0.057592 0.052584
0 0.675280 0.974409 0.060931 0.049880
0 0.605168 0.383564 0.055923 0.037560
0 0.599743 0.354768 0.051749 0.032552
0 0.600160 0.296549 0.042568 0.031300
0 0.596404 0.270257 0.038395 0.033804
0 0.595152 0.250225 0.047576 0.026292
0 0.591396 0.228315 0.043403 0.032552
0 0.590562 0.208909 0.046741 0.028796
0 0.587640 0.185121 0.035891 0.028796
0 0.581798 0.165715 0.044237 0.027544
0 0.825103 0.819261 0.083467 0.055088
0 0.840962 0.882487 0.070112 0.053836
0 0.862664 0.947591 0.073451 0.053836
0 0.721605 0.342874 0.051749 0.028796
0 0.714510 0.318460 0.042568 0.030048
0 0.708250 0.295923 0.055088 0.035056
0 0.701990 0.269631 0.055923 0.030048
0 0.696982 0.250851 0.050915 0.027544
0 0.686131 0.225811 0.054253 0.037560
0 0.680706 0.200771 0.050080 0.030048
0 0.675280 0.180113 0.044237 0.026292