0 0.386831 0.730900 0.069585 0.056729
0 0.388070 0.678525 0.051977 0.048577
0 0.781220 0.603412 0.067233 0.046191
0 0.389951 0.582684 0.071468 0.055204
0 0.768969 0.557967 0.065594 0.043239
0 0.550742 0.539088 0.061454 0.044066
0 0.756352 0.516885 0.061982 0.041351
0 0.724109 0.398588 0.055923 0.042568
0 0.734177 0.439291 0.060826 0.036334
0 0.561828 0.585184 0.049319 0.044928
0 0.607709 0.469657 0.057533 0.042893
0 0.617988 0.562938 0.056157 0.040740
0 0.790785 0.646822 0.065565 0.046318
0 0.618983 0.510974 0.060534 0.045024
0 0.586406 0.898680 0.082832 0.060945
0 0.627410 0.605943 0.065694 0.041613
0 0.400575 0.507299 0.060617 0.042469
0 0.658245 0.841630 0.066317 0.052723
0 0.714297 0.320240 0.041307 0.036503
0 0.407141 0.430119 0.062454 0.044276
0 0.381008 0.543319 0.049783 0.038697
0 0.399546 0.468267 0.061997 0.040820
0 0.385002 0.630444 0.064947 0.054684
0 0.563909 0.627907 0.066375 0.043485
0 0.815951 0.759303 0.064327 0.050357
0 0.803224 0.693474 0.057948 0.048750
0 0.603672 0.320265 0.046827 0.035561
0 0.600094 0.963531 0.084175 0.062038
0 0.548402 0.400168 0.054123 0.036587
0 0.665454 0.897881 0.061387 0.055600
0 0.739253 0.471696 0.065501 0.042365
0 0.647862 0.735424 0.063183 0.047671
0 0.861167 0.944199 0.074217 0.057261
0 0.839254 0.882053 0.071024 0.054704
0 0.608406 0.433572 0.048796 0.036758
0 0.606225 0.404257 0.050490 0.033837
0 0.602422 0.373332 0.048749 0.027810
0 0.706427 0.289660 0.051141 0.041085
0 0.545792 0.498406 0.054471 0.045030
0 0.589070 0.181991 0.040543 0.025040
0 0.600308 0.346139 0.043840 0.024602
0 0.825103 0.818219 0.080963 0.054668
0 0.565190 0.675849 0.068271 0.051447
0 0.545125 0.464652 0.050810 0.038510
0 0.640957 0.647110 0.065308 0.046324
0 0.549714 0.430624 0.048260 0.034234
0 0.692565 0.246716 0.052236 0.029289
0 0.675593 0.971994 0.059459 0.047764
0 0.544469 0.368392 0.049850 0.034489
0 0.646115 0.784113 0.059427 0.049851
0 0.685171 0.220231 0.046993 0.036200
0 0.699112 0.269377 0.050828 0.029538
0 0.721187 0.366036 0.053419 0.032552
0 0.571374 0.731791 0.069868 0.046466
0 0.580630 0.839313 0.073682 0.053009
0 0.411942 0.352890 0.044237 0.038812
0 0.402344 0.387320 0.061765 0.045072
0 0.392745 0.784831 0.060931 0.056340
0 0.388572 0.854317 0.082632 0.055088
0 0.386902 0.911909 0.065939 0.060096
0 0.570947 0.788587 0.066774 0.053836
0 0.637303 0.690930 0.059261 0.046324
0 0.601412 0.294671 0.044237 0.032552
0 0.597239 0.270257 0.039229 0.033804
0 0.595152 0.248347 0.045072 0.030048
0 0.590562 0.227689 0.045907 0.031300
0 0.590562 0.205779 0.045907 0.030048