0 0.654128 0.839798 0.084427 0.058073
0 0.399362 0.724411 0.056050 0.046803
0 0.401643 0.630264 0.068815 0.053066
0 0.557548 0.723112 0.075512 0.052409
0 0.404455 0.679873 0.056324 0.049043
0 0.402348 0.544118 0.060616 0.050306
0 0.768728 0.590531 0.071944 0.047077
0 0.598550 0.410710 0.056788 0.043320
0 0.570007 0.840524 0.074648 0.057975
0 0.694312 0.568577 0.032426 0.074238
0 0.798613 0.677142 0.064484 0.051536
0 0.402849 0.590742 0.069379 0.047747
0 0.645330 0.782415 0.071033 0.054128
0 0.580983 0.969518 0.089787 0.054766
0 0.549609 0.546328 0.052977 0.042005
0 0.611235 0.509951 0.056766 0.047129
0 0.761851 0.548138 0.070195 0.048932
0 0.743355 0.477461 0.068611 0.046302
0 0.387467 0.781410 0.057513 0.052962
0 0.404427 0.408001 0.044245 0.043503
0 0.549648 0.586400 0.056302 0.046107
0 0.639069 0.718499 0.072817 0.055892
0 0.667715 0.973128 0.064084 0.048184
0 0.845059 0.895794 0.074414 0.055885
0 0.805430 0.722510 0.067743 0.054082
0 0.390078 0.837790 0.087995 0.062689
0 0.782125 0.631917 0.069032 0.051608
0 0.552671 0.627380 0.052305 0.046855
0 0.823778 0.774684 0.084388 0.058783
0 0.575204 0.900407 0.073247 0.063158
0 0.829659 0.833962 0.073624 0.056608
0 0.755087 0.515260 0.056363 0.038737
0 0.384716 0.904551 0.073025 0.061432
0 0.563626 0.778900 0.076150 0.057318
0 0.860686 0.963376 0.077951 0.061868
0 0.664798 0.906576 0.065326 0.051576
0 0.716638 0.357819 0.054214 0.040117
0 0.626356 0.631562 0.068051 0.050365
0 0.613257 0.546507 0.055499 0.041569
0 0.554230 0.674401 0.072131 0.053203
0 0.726124 0.388805 0.059861 0.037663
0 0.729583 0.419056 0.059002 0.039375
0 0.603320 0.445247 0.056615 0.041419
0 0.622697 0.587308 0.069510 0.048848
0 0.540636 0.509385 0.055126 0.043587
0 0.398164 0.470501 0.059887 0.038971
0 0.401482 0.504349 0.063659 0.044049
0 0.709230 0.330225 0.057739 0.039264
0 0.594612 0.380957 0.053954 0.037122
0 0.603594 0.475182 0.056997 0.043229
0 0.539208 0.471549 0.060490 0.044714
0 0.738218 0.445794 0.050265 0.037227
0 0.594412 0.352074 0.052652 0.038783
0 0.595488 0.328203 0.047843 0.033867
0 0.539076 0.442103 0.057752 0.037656
0 0.691270 0.240498 0.040742 0.035710
0 0.696539 0.282731 0.047174 0.036777
0 0.702422 0.309215 0.051753 0.031777