0 0.573394 0.726191 0.075339 0.052057
0 0.659147 0.837923 0.073598 0.053177
0 0.788596 0.633350 0.070473 0.047962
0 0.567370 0.838623 0.072214 0.054694
0 0.802793 0.727760 0.080820 0.051211
0 0.568014 0.780020 0.069379 0.054167
0 0.646552 0.774378 0.071871 0.054512
0 0.775095 0.592926 0.063663 0.044772
0 0.394631 0.727018 0.071832 0.058906
0 0.638008 0.676719 0.059931 0.047435
0 0.232637 0.732803 0.086176 0.059368
0 0.848854 0.896048 0.072674 0.053880
0 0.562361 0.627054 0.050113 0.047064
0 0.237140 0.683672 0.060885 0.047266
0 0.854946 0.964242 0.086671 0.057051
0 0.557255 0.579098 0.056497 0.046126
0 0.829334 0.838838 0.083780 0.056178
0 0.746430 0.479557 0.059831 0.045195
0 0.567951 0.675771 0.068385 0.050514
0 0.587569 0.972376 0.085990 0.051497
0 0.618650 0.547786 0.059288 0.047878
0 0.675590 0.901081 0.074905 0.055339
0 0.762402 0.551090 0.066610 0.044954
0 0.400341 0.671816 0.062122 0.055547
0 0.575560 0.896969 0.069366 0.055293
0 0.820037 0.773711 0.060890 0.053542
0 0.387198 0.617620 0.065447 0.053249
0 0.396714 0.782438 0.058420 0.052181
0 0.644128 0.722952 0.061528 0.051322
0 0.384460 0.839795 0.084796 0.070319
0 0.383917 0.973831 0.085560 0.047884
0 0.626196 0.589251 0.064232 0.045807
0 0.550775 0.536322 0.056185 0.046562
0 0.801541 0.679544 0.061832 0.049427
0 0.379169 0.918405 0.077643 0.060547
0 0.393778 0.536969 0.049935 0.042129
0 0.751845 0.517197 0.064592 0.039668
0 0.736565 0.444873 0.063251 0.044447
0 0.616688 0.509629 0.063602 0.043555
0 0.628207 0.627770 0.054835 0.051035
0 0.396801 0.429430 0.061198 0.043470
0 0.546174 0.500788 0.058338 0.043789
0 0.702919 0.307630 0.052808 0.036497
0 0.393199 0.496930 0.061753 0.047467
0 0.394670 0.577539 0.065833 0.049349
0 0.714479 0.358408 0.058464 0.039837
0 0.546964 0.463333 0.064501 0.046211
0 0.610417 0.441491 0.057691 0.041289
0 0.729796 0.414948 0.054219 0.036576
0 0.541858 0.429880 0.055990 0.043770
0 0.614954 0.474281 0.050152 0.039993
0 0.602776 0.383060 0.043876 0.036849
0 0.593783 0.355739 0.049744 0.037220
0 0.604709 0.411807 0.053021 0.036543
0 0.710117 0.332142 0.052240 0.034505
0 0.724989 0.388421 0.056063 0.037103
0 0.684664 0.972897 0.076992 0.050208
0 0.396997 0.462523 0.052231 0.041738