0 0.800515 0.687781 0.078807 0.050159
0 0.771725 0.571363 0.055099 0.042156
0 0.815955 0.740330 0.073210 0.054002
0 0.783886 0.643670 0.063238 0.051964
0 0.651895 0.785933 0.063331 0.049808
0 0.354718 0.786194 0.078460 0.055956
0 0.643125 0.731440 0.061369 0.046317
0 0.822848 0.789663 0.071766 0.052788
0 0.353627 0.731017 0.055322 0.049269
0 0.664488 0.902773 0.057520 0.049834
0 0.741815 0.421659 0.056913 0.046952
0 0.746706 0.461629 0.060332 0.043668
0 0.377276 0.684393 0.066027 0.051439
0 0.661225 0.841426 0.073310 0.053396
0 0.763331 0.528607 0.057424 0.053436
0 0.674776 0.973500 0.077716 0.048044
0 0.845590 0.841512 0.088400 0.057022
0 0.570380 0.788367 0.077969 0.056918
0 0.628162 0.597231 0.064911 0.045512
0 0.848179 0.901215 0.072821 0.057078
0 0.565945 0.730364 0.068218 0.050959
0 0.633595 0.681275 0.055170 0.047315
0 0.565267 0.676685 0.066367 0.048828
0 0.629889 0.640796 0.049482 0.037940
0 0.550532 0.471193 0.055945 0.039013
0 0.554276 0.541792 0.062722 0.046154
0 0.753650 0.495367 0.051722 0.039718
0 0.617727 0.512128 0.059279 0.046291
0 0.615039 0.417654 0.052079 0.040819
0 0.560710 0.627643 0.058582 0.046672
0 0.382555 0.634608 0.069837 0.050559
0 0.612229 0.473708 0.052239 0.044523
0 0.622244 0.555231 0.057752 0.046488
0 0.714252 0.334095 0.055605 0.041287
0 0.555327 0.584092 0.060791 0.047662
0 0.400566 0.447524 0.059311 0.042251
0 0.582686 0.971123 0.085544 0.054190
0 0.730838 0.395508 0.055389 0.041619
0 0.568918 0.837002 0.072524 0.043558
0 0.592141 0.382191 0.043327 0.040574
0 0.595054 0.319757 0.050358 0.040305
0 0.591046 0.353001 0.041964 0.036911
0 0.726438 0.366332 0.054603 0.039472
0 0.388405 0.590444 0.050164 0.044091
0 0.550802 0.505093 0.050279 0.038713
0 0.868039 0.971271 0.087646 0.052488
0 0.698270 0.262038 0.049173 0.035220
0 0.609067 0.445775 0.053230 0.035138
0 0.677890 0.190675 0.041523 0.030208
0 0.378556 0.855569 0.079294 0.060096
0 0.390241 0.554462 0.062600 0.038812
0 0.396501 0.516902 0.065104 0.046324
0 0.401509 0.482472 0.055088 0.037560
0 0.414446 0.382938 0.059261 0.048828
0 0.417785 0.344752 0.055923 0.042568
0 0.430305 0.320338 0.052584 0.038812
0 0.578876 0.906275 0.069278 0.051332
0 0.592231 0.289663 0.035891 0.030048
0 0.583467 0.264623 0.036725 0.035056
0 0.582215 0.230193 0.037560 0.038812
0 0.685296 0.213917 0.046741 0.026292
0 0.689470 0.236453 0.043403 0.028796
0 0.701990 0.288411 0.048411 0.025040
0 0.707415 0.309070 0.049245 0.028796