0 0.790725 0.632891 0.075608 0.049388
0 0.557934 0.523418 0.063828 0.044674
0 0.549753 0.412816 0.048715 0.038158
0 0.587930 0.878945 0.075538 0.056029
0 0.392862 0.576709 0.061810 0.046556
0 0.843498 0.899880 0.073663 0.053587
0 0.816048 0.730967 0.076272 0.051947
0 0.399588 0.739202 0.064687 0.049277
0 0.658179 0.774818 0.077756 0.051784
0 0.670558 0.884443 0.061584 0.054251
0 0.402170 0.631423 0.066528 0.050697
0 0.617569 0.464401 0.056571 0.039727
0 0.655388 0.716380 0.072695 0.055898
0 0.804112 0.682910 0.069674 0.052044
0 0.652350 0.666016 0.071393 0.050547
0 0.747786 0.474336 0.061632 0.040365
0 0.689201 0.950150 0.072786 0.056016
0 0.831654 0.837575 0.070399 0.053223
0 0.643589 0.620589 0.058741 0.046009
0 0.397645 0.432386 0.045612 0.044342
0 0.393420 0.852715 0.061545 0.052656
0 0.394690 0.795251 0.077661 0.059473
0 0.667177 0.825166 0.068485 0.058626
0 0.601751 0.950143 0.062348 0.059570
0 0.824492 0.776742 0.071207 0.051113
0 0.579121 0.809928 0.076159 0.059753
0 0.631912 0.535365 0.059475 0.043203
0 0.637326 0.572679 0.068637 0.053118
0 0.756847 0.505999 0.063069 0.046699
0 0.600224 0.311888 0.054336 0.045703
0 0.574759 0.746608 0.066089 0.052070
0 0.612131 0.428470 0.056172 0.044141
0 0.624763 0.499867 0.058346 0.044772
0 0.577194 0.696087 0.066359 0.050951
0 0.570017 0.600511 0.057457 0.048926
0 0.573826 0.646585 0.066254 0.046582
0 0.604881 0.374492 0.052582 0.036029
0 0.766610 0.546175 0.062257 0.045384
0 0.870757 0.956312 0.088424 0.065775
0 0.777550 0.582790 0.057921 0.044173
0 0.695605 0.261976 0.044970 0.030163
0 0.703242 0.311117 0.055981 0.032962
0 0.599763 0.345290 0.051671 0.038470
0 0.585842 0.233643 0.036545 0.038470
0 0.721102 0.364453 0.041684 0.041484
0 0.608147 0.399206 0.046675 0.034961
0 0.577276 0.194141 0.037808 0.033229
0 0.698266 0.285426 0.044562 0.030684
0 0.741671 0.439518 0.054557 0.041055
0 0.729464 0.411641 0.056411 0.034635
0 0.713548 0.333838 0.040256 0.031530
0 0.316797 0.854762 0.076641 0.056895