0 0.563244 0.744074 0.075748 0.052633
0 0.812176 0.746410 0.075905 0.055488
0 0.774130 0.605071 0.065822 0.052779
0 0.575780 0.853170 0.074574 0.058713
0 0.679270 0.970637 0.080370 0.051302
0 0.759014 0.526899 0.060610 0.045809
0 0.567819 0.797133 0.067255 0.062301
0 0.643221 0.734182 0.065947 0.054158
0 0.670260 0.906533 0.058945 0.052330
0 0.638145 0.687263 0.061580 0.051270
0 0.866116 0.969325 0.094606 0.055349
0 0.793659 0.649659 0.062055 0.046414
0 0.386554 0.626763 0.067384 0.048287
0 0.626532 0.639555 0.064111 0.046237
0 0.851489 0.905031 0.073143 0.050727
0 0.796307 0.694686 0.076790 0.053836
0 0.656702 0.852890 0.057190 0.052235
0 0.376230 0.723003 0.074320 0.054554
0 0.587861 0.918688 0.071339 0.056127
0 0.367716 0.854277 0.063448 0.056035
0 0.619831 0.595286 0.062210 0.046785
0 0.831781 0.794221 0.059261 0.050080
0 0.652124 0.791091 0.074692 0.056340
0 0.381977 0.674318 0.074108 0.051163
0 0.590753 0.975987 0.065557 0.048027
0 0.362991 0.782613 0.076467 0.054919
0 0.614452 0.553618 0.055941 0.042368
0 0.563181 0.688367 0.066294 0.046701