0 0.371536 0.721147 0.062328 0.051846
0 0.368560 0.669675 0.072862 0.052273
0 0.373270 0.768843 0.070485 0.053893
0 0.574474 0.267054 0.036788 0.030287
0 0.687616 0.243667 0.043205 0.037626
0 0.735659 0.416536 0.062876 0.042463
0 0.764331 0.527241 0.069254 0.044852
0 0.374827 0.616609 0.054290 0.047193
0 0.746216 0.451646 0.057788 0.044315
0 0.771592 0.569249 0.069518 0.044078
0 0.724336 0.386507 0.059648 0.042809
0 0.789484 0.658427 0.055553 0.045500
0 0.370616 0.825490 0.064084 0.052718
0 0.754194 0.487812 0.057371 0.041877
0 0.574583 0.150625 0.041193 0.030293
0 0.377599 0.572408 0.066829 0.052484
0 0.380741 0.496580 0.059062 0.047046
0 0.782533 0.609659 0.076454 0.053114
0 0.382339 0.534161 0.058476 0.040178
0 0.610037 0.492991 0.058564 0.046222
0 0.607782 0.531324 0.061127 0.047711
0 0.600085 0.457424 0.052602 0.046522
0 0.355231 0.879634 0.087086 0.068625
0 0.795078 0.713921 0.071522 0.047766
0 0.386136 0.459204 0.047469 0.039702
0 0.531424 0.496716 0.047824 0.038504
0 0.548740 0.662139 0.066857 0.047707
0 0.597162 0.421191 0.047916 0.035857
0 0.625017 0.661256 0.064351 0.048656
0 0.616495 0.613203 0.064740 0.045881
0 0.717803 0.359952 0.049803 0.029618
0 0.561657 0.760405 0.076255 0.053940
0 0.546305 0.615899 0.063194 0.046458
0 0.609918 0.572077 0.055429 0.042842
0 0.563927 0.710327 0.067784 0.048006
0 0.532552 0.456806 0.048411 0.038812
0 0.634799 0.711589 0.050915 0.045072
0 0.643146 0.766677 0.075955 0.055088
0 0.568443 0.817383 0.068443 0.056340
0 0.576790 0.879983 0.080128 0.058844
0 0.586806 0.955729 0.081798 0.062600
0 0.649406 0.824269 0.066774 0.050080
0 0.657335 0.883113 0.062600 0.052584
0 0.669855 0.953225 0.079294 0.055088
0 0.820930 0.766051 0.074286 0.051332
0 0.822599 0.823017 0.067608 0.047576
0 0.837206 0.881861 0.070112 0.057592
0 0.848474 0.948843 0.079294 0.058844