0 0.541842 0.572542 0.061845 0.043418
0 0.544184 0.618008 0.064149 0.044948
0 0.810729 0.729834 0.072969 0.052207
0 0.577263 0.901126 0.071749 0.060924
0 0.548943 0.664811 0.070951 0.051406
0 0.379301 0.949346 0.081571 0.066634
0 0.797914 0.679671 0.075846 0.052298
0 0.382092 0.876611 0.086953 0.061139
0 0.616122 0.631234 0.066194 0.048496
0 0.570964 0.835267 0.073733 0.055182
0 0.380449 0.759889 0.058494 0.046146
0 0.383698 0.702074 0.075052 0.051100
0 0.410623 0.371214 0.059301 0.048014
0 0.400523 0.589697 0.066194 0.046595
0 0.382187 0.650068 0.066415 0.049355
0 0.559970 0.725426 0.074714 0.050124
0 0.606777 0.547734 0.061306 0.043802
0 0.639922 0.732308 0.061424 0.050892
0 0.845564 0.902493 0.072648 0.058073
0 0.536497 0.531855 0.059444 0.042005
0 0.664687 0.917087 0.078707 0.064160
0 0.652548 0.844043 0.069193 0.056185
0 0.566306 0.776833 0.065564 0.052650
0 0.836604 0.833743 0.080056 0.057435
0 0.538685 0.494896 0.062743 0.043490
0 0.764462 0.527568 0.066684 0.045111
0 0.643147 0.785889 0.072231 0.055905
0 0.787320 0.635986 0.056254 0.044238
0 0.399941 0.506413 0.047808 0.039987
0 0.823092 0.779993 0.077539 0.053203
0 0.401914 0.547223 0.059740 0.042897
0 0.626450 0.683470 0.064184 0.048919
0 0.611990 0.588359 0.059735 0.045378
0 0.780786 0.595713 0.068273 0.047103
0 0.386749 0.811296 0.060495 0.052513
0 0.759612 0.482923 0.061593 0.049102
0 0.399234 0.432184 0.054666 0.041178
0 0.604501 0.508854 0.053333 0.044518
0 0.401732 0.468350 0.046181 0.040801
0 0.579826 0.972298 0.089479 0.052760
0 0.603587 0.441979 0.056046 0.038164
0 0.599881 0.409316 0.049926 0.038281
0 0.538121 0.461452 0.059557 0.037904
0 0.608001 0.475485 0.056740 0.042702
0 0.859792 0.970469 0.078906 0.055443
0 0.537120 0.429115 0.051810 0.038047
0 0.743251 0.439580 0.058090 0.041777
0 0.718173 0.346426 0.057179 0.035143
0 0.596502 0.378402 0.054497 0.042415
0 0.710866 0.317191 0.049709 0.034225
0 0.723244 0.375713 0.053824 0.034408
0 0.734442 0.407451 0.061871 0.040618
0 0.702261 0.288779 0.048047 0.035384
0 0.666029 0.980967 0.065269 0.037272
0 0.575380 0.204951 0.046984 0.040918
0 0.699028 0.258890 0.052613 0.041100
0 0.955330 0.693070 0.088481 0.069954