0 0.653677 0.842169 0.067124 0.049339
0 0.640049 0.731805 0.064651 0.050367
0 0.761424 0.542893 0.062712 0.042072
0 0.356270 0.702379 0.073579 0.052826
0 0.773741 0.593407 0.063495 0.050345
0 0.667106 0.903559 0.057354 0.052665
0 0.744405 0.469761 0.067486 0.043057
0 0.619502 0.587391 0.059633 0.050140
0 0.568119 0.842153 0.073125 0.059212
0 0.786694 0.640608 0.068246 0.048721
0 0.624873 0.632901 0.062901 0.049576
0 0.802463 0.684498 0.057710 0.050015
0 0.356266 0.650091 0.071360 0.055879
0 0.370002 0.562829 0.066511 0.052536
0 0.566056 0.725358 0.069225 0.054594
0 0.724397 0.407218 0.053161 0.036575
0 0.752324 0.507247 0.066993 0.039094
0 0.373559 0.516467 0.063326 0.046689
0 0.634920 0.678463 0.061712 0.041831
0 0.554086 0.665543 0.063497 0.047668
0 0.551057 0.581242 0.063997 0.047657
0 0.646769 0.781417 0.067193 0.048731
0 0.618587 0.548246 0.058226 0.040925
0 0.611124 0.513889 0.058200 0.036541
0 0.584966 0.971985 0.087758 0.049913
0 0.738417 0.436232 0.058139 0.041050
0 0.533014 0.416860 0.049334 0.042804
0 0.634918 0.260852 0.032401 0.049024
0 0.808485 0.734954 0.065784 0.046888
0 0.566084 0.775594 0.055411 0.051043
0 0.358954 0.753425 0.055594 0.051735
0 0.543730 0.537374 0.066935 0.046960
0 0.549775 0.618078 0.062824 0.040536
0 0.364038 0.607908 0.051751 0.041782
0 0.590685 0.381330 0.059014 0.039353
0 0.595773 0.414882 0.052177 0.036344
0 0.400111 0.473819 0.059126 0.045035
0 0.687911 0.209359 0.039842 0.031654
0 0.540359 0.468918 0.052126 0.041081
0 0.601590 0.446417 0.058907 0.031807
0 0.830765 0.786712 0.066765 0.046882
0 0.849894 0.837197 0.084801 0.059660
0 0.711775 0.344877 0.051457 0.042833
0 0.399798 0.435682 0.059436 0.043327
0 0.699273 0.294775 0.050506 0.036515
0 0.668763 0.979106 0.061819 0.036283
0 0.541195 0.501384 0.049243 0.037795
0 0.706349 0.319740 0.050776 0.037476
0 0.852530 0.905142 0.071896 0.054177
0 0.592253 0.356646 0.047532 0.030048
0 0.588182 0.299646 0.044738 0.036807
0 0.587633 0.329728 0.040078 0.033804
0 0.715259 0.375705 0.051393 0.037798
0 0.579273 0.216358 0.043444 0.035184
0 0.406100 0.385442 0.057592 0.040064
0 0.473708 0.380434 0.039229 0.060096
0 0.359358 0.811749 0.069278 0.051332
0 0.530048 0.382938 0.043403 0.035056
0 0.581798 0.908153 0.078459 0.061348
0 0.610176 0.482472 0.053419 0.038812
0 0.573451 0.192007 0.045072 0.031300
0 0.583467 0.254607 0.041733 0.031300
0 0.587223 0.279021 0.042568 0.030048
0 0.691139 0.238331 0.038395 0.031300
0 0.862246 0.970127 0.086806 0.055088