0 0.831672 0.791854 0.074317 0.051502
0 0.778156 0.590891 0.074360 0.053410
0 0.768724 0.546258 0.071465 0.047359
0 0.397232 0.559982 0.068480 0.047142
0 0.525895 0.402644 0.054557 0.038562
0 0.637266 0.737322 0.060238 0.047949
0 0.543814 0.586760 0.067946 0.046074
0 0.648843 0.792168 0.063853 0.048881
0 0.594800 0.220997 0.044554 0.035984
0 0.603452 0.308308 0.037881 0.037295
0 0.398063 0.633313 0.070792 0.049076
0 0.592798 0.412576 0.059855 0.041441
0 0.789449 0.634230 0.063074 0.054557
0 0.802796 0.684142 0.074743 0.047381
0 0.756107 0.506646 0.066801 0.044346
0 0.625922 0.640306 0.066302 0.046498
0 0.604066 0.477926 0.056163 0.037999
0 0.630394 0.687783 0.065632 0.047879
0 0.607684 0.516291 0.056164 0.042271
0 0.815087 0.737255 0.055923 0.053836
0 0.540195 0.437594 0.053438 0.036910
0 0.611241 0.555481 0.058125 0.042024
0 0.847555 0.841717 0.062432 0.060255
0 0.396428 0.472912 0.062767 0.035023
0 0.567397 0.728264 0.062188 0.051786
0 0.395361 0.515079 0.064046 0.032663
0 0.385036 0.843353 0.079968 0.058275
0 0.601186 0.352614 0.041397 0.027829
0 0.399773 0.786666 0.060358 0.051900
0 0.557909 0.675583 0.061132 0.049475
0 0.674906 0.209134 0.046914 0.031901
0 0.589621 0.378766 0.058299 0.039130
0 0.537411 0.470647 0.050907 0.033253
0 0.700998 0.312364 0.057072 0.032881
0 0.398030 0.390253 0.064824 0.044213
0 0.727101 0.393802 0.044078 0.034793
0 0.395153 0.435105 0.044044 0.040483
0 0.391174 0.682061 0.069706 0.049522
0 0.665286 0.852633 0.077006 0.057012
0 0.615952 0.593385 0.059117 0.043426
0 0.694448 0.264857 0.048652 0.035028
0 0.554032 0.631460 0.061322 0.050080
0 0.541442 0.507513 0.062852 0.050077
0 0.858324 0.904743 0.072030 0.051465
0 0.388989 0.914413 0.073451 0.060096
0 0.588892 0.851187 0.065939 0.056340
0 0.588058 0.912535 0.072616 0.061348
0 0.596404 0.975035 0.084302 0.048628
0 0.689470 0.975661 0.085136 0.047376
0 0.670272 0.915039 0.065104 0.056340
0 0.579711 0.785457 0.062600 0.057592
0 0.698651 0.287159 0.055088 0.032552
0 0.729534 0.429888 0.058427 0.042568
0 0.747897 0.467448 0.068443 0.042568
0 0.881026 0.973883 0.072616 0.048828