0 0.401287 0.631234 0.068077 0.053249
0 0.557533 0.723662 0.075890 0.050280
0 0.399405 0.725241 0.055990 0.046172
0 0.598435 0.411742 0.056020 0.042090
0 0.644169 0.726149 0.077886 0.056608
0 0.549638 0.547295 0.050777 0.042064
0 0.768394 0.590820 0.071372 0.045990
0 0.402350 0.545387 0.060985 0.051061
0 0.570388 0.841790 0.073928 0.058151
0 0.611183 0.510762 0.056697 0.046719
0 0.582105 0.970898 0.087691 0.052865
0 0.742533 0.478773 0.066176 0.045488
0 0.404253 0.679281 0.055226 0.050905
0 0.556593 0.674014 0.064470 0.050319
0 0.645549 0.782594 0.069787 0.054772
0 0.402674 0.591517 0.068663 0.047708
0 0.549408 0.587887 0.056063 0.046348
0 0.388043 0.782673 0.055981 0.052533
0 0.761484 0.549202 0.069722 0.046608
0 0.613652 0.546973 0.053945 0.041602
0 0.805516 0.723522 0.067526 0.051406
0 0.782450 0.632461 0.068763 0.051953
0 0.536916 0.476299 0.054536 0.039915
0 0.824789 0.776475 0.081523 0.056022
0 0.859894 0.967396 0.075898 0.056680
0 0.830816 0.836162 0.074297 0.055684
0 0.716148 0.358955 0.052522 0.039655
0 0.727878 0.419720 0.056806 0.039531
0 0.845521 0.897484 0.074410 0.056634
0 0.403850 0.408737 0.044583 0.043359
0 0.622057 0.587148 0.066328 0.048151
0 0.754618 0.515531 0.055269 0.039264
0 0.801927 0.678174 0.061528 0.050072
0 0.562923 0.779261 0.074510 0.054733
0 0.552641 0.628278 0.049970 0.045931
0 0.577224 0.899046 0.069848 0.058848
0 0.625894 0.631436 0.068073 0.048757
0 0.603296 0.446986 0.056897 0.041302
0 0.725224 0.389811 0.057591 0.035195
0 0.667975 0.974561 0.063112 0.045827
0 0.594162 0.381969 0.054948 0.037116
0 0.389342 0.839183 0.084727 0.065215
0 0.665178 0.906117 0.062856 0.050267
0 0.386521 0.913792 0.088207 0.063574
0 0.401029 0.505163 0.062708 0.045547
0 0.540749 0.510521 0.055577 0.044557
0 0.539180 0.443145 0.055972 0.039062
0 0.705100 0.332074 0.055069 0.036973
0 0.603490 0.475309 0.056667 0.043926
0 0.737780 0.445677 0.049770 0.037383
0 0.587101 0.282214 0.047387 0.041003
0 0.689755 0.240661 0.040577 0.037441
0 0.594375 0.353438 0.053793 0.038945
0 0.595104 0.329076 0.046840 0.032760
0 0.398260 0.471999 0.060078 0.039661
0 0.701461 0.308997 0.049891 0.032865
0 0.696691 0.283447 0.045907 0.034980