0 0.654154 0.781839 0.074896 0.054889
0 0.543874 0.441693 0.056350 0.042031
0 0.577044 0.901715 0.081589 0.059642
0 0.393911 0.672145 0.065773 0.051152
0 0.558841 0.725146 0.068542 0.052363
0 0.387398 0.843577 0.072548 0.058092
0 0.563247 0.779430 0.074358 0.053639
0 0.855844 0.960837 0.083650 0.060762
0 0.390078 0.782884 0.074314 0.054154
0 0.581706 0.969222 0.088872 0.055645
0 0.781586 0.633392 0.061359 0.047708
0 0.398854 0.587174 0.066519 0.049818
0 0.805560 0.728994 0.068776 0.046348
0 0.378531 0.902793 0.074605 0.060117
0 0.644078 0.724850 0.061992 0.048698
0 0.759839 0.551595 0.068116 0.043294
0 0.611122 0.510208 0.062591 0.044753
0 0.570948 0.831654 0.080178 0.055273
0 0.617233 0.550537 0.055247 0.042454
0 0.406120 0.506081 0.045929 0.042812
0 0.818893 0.776003 0.061884 0.054010
0 0.543251 0.507767 0.050043 0.038932
0 0.846285 0.896126 0.074358 0.055365
0 0.721597 0.388571 0.055217 0.041191
0 0.767941 0.588164 0.069102 0.044740
0 0.791667 0.680928 0.065234 0.047533
0 0.744421 0.479456 0.059544 0.044382
0 0.551352 0.589805 0.063268 0.047187
0 0.653913 0.837878 0.069145 0.057826
0 0.417843 0.377477 0.060851 0.046895
0 0.824223 0.833727 0.070087 0.050684
0 0.599881 0.379658 0.059874 0.043913
0 0.605762 0.474049 0.055022 0.039154
0 0.736302 0.447428 0.053802 0.038372
0 0.716445 0.359372 0.058255 0.036504
0 0.623290 0.590658 0.048637 0.040820
0 0.598891 0.413949 0.055716 0.039329
0 0.665317 0.897129 0.063064 0.053893
0 0.631699 0.633691 0.064214 0.050273
0 0.534071 0.379287 0.051155 0.043353
0 0.603372 0.442165 0.053785 0.041660
0 0.676573 0.965895 0.101263 0.063444
0 0.551298 0.546494 0.062292 0.047923
0 0.712153 0.332819 0.054861 0.032695
0 0.695872 0.284150 0.045877 0.038548
0 0.587589 0.276273 0.049614 0.037194
0 0.588622 0.305371 0.048850 0.039974
0 0.690384 0.238717 0.039501 0.034141
0 0.593108 0.349004 0.046241 0.036380