0 0.653038 0.837555 0.077526 0.058040
0 0.401148 0.730020 0.072131 0.056406
0 0.796480 0.675680 0.057187 0.045345
0 0.839110 0.896357 0.074323 0.052988
0 0.856934 0.965231 0.084848 0.059395
0 0.581895 0.970485 0.088234 0.053262
0 0.763592 0.552445 0.058815 0.045918
0 0.734208 0.418307 0.059076 0.038151
0 0.817904 0.725348 0.079618 0.052389
0 0.828424 0.835055 0.072092 0.050085
0 0.782010 0.630853 0.077405 0.051797
0 0.764086 0.591175 0.061063 0.043314
0 0.744902 0.450332 0.059379 0.038359
0 0.634395 0.676621 0.059674 0.047227
0 0.565888 0.836400 0.077461 0.057279
0 0.388648 0.838825 0.059362 0.051608
0 0.565141 0.776865 0.062730 0.056517
0 0.577689 0.899788 0.071072 0.056634
0 0.672619 0.965273 0.077122 0.059688
0 0.820870 0.777184 0.067721 0.047988
0 0.628329 0.632093 0.062214 0.050684
0 0.639004 0.779987 0.063859 0.053346
0 0.637172 0.721735 0.072339 0.052871
0 0.611328 0.509323 0.062083 0.043503
0 0.751332 0.512656 0.066918 0.046536
0 0.590970 0.327526 0.040100 0.039219
0 0.749800 0.481094 0.053767 0.039284
0 0.595599 0.380378 0.040434 0.037760
0 0.622016 0.586576 0.064674 0.051445
0 0.602910 0.446172 0.054414 0.045117
0 0.617344 0.546712 0.065260 0.051719