0 0.392769 0.849027 0.081198 0.054967
0 0.391903 0.783623 0.073806 0.053405
0 0.396426 0.721038 0.068937 0.051608
0 0.587196 0.241423 0.044453 0.031973
0 0.826487 0.784492 0.077548 0.049557
0 0.876849 0.972474 0.086536 0.049714
0 0.392285 0.618919 0.065586 0.048568
0 0.405000 0.385358 0.059314 0.043333
0 0.257700 0.585286 0.034740 0.067148
0 0.766819 0.544668 0.060182 0.042396
0 0.850458 0.901582 0.072444 0.055273
0 0.651026 0.785085 0.069987 0.051211
0 0.621131 0.581803 0.067565 0.046576
0 0.634651 0.672949 0.068980 0.048880
0 0.788596 0.635459 0.069952 0.045684
0 0.587865 0.906436 0.075425 0.056191
0 0.624644 0.626361 0.062839 0.047370
0 0.548429 0.577337 0.061562 0.044427
0 0.572684 0.781351 0.068077 0.051504
0 0.779006 0.586497 0.071233 0.045573
0 0.753939 0.502399 0.060516 0.042012
0 0.840996 0.839593 0.071298 0.053483
0 0.801851 0.680133 0.077270 0.050540
0 0.594284 0.973141 0.076589 0.050215
0 0.643811 0.721989 0.060391 0.047663
0 0.583594 0.842207 0.074905 0.056615
0 0.812786 0.726188 0.070512 0.048132
0 0.403559 0.424170 0.051545 0.039798
0 0.573628 0.723848 0.071814 0.052253
0 0.546400 0.535371 0.054197 0.043203
0 0.659985 0.842607 0.065048 0.052064
0 0.393249 0.571458 0.062036 0.047721
0 0.553774 0.622741 0.059266 0.049935
0 0.588385 0.370632 0.051823 0.037591
0 0.396174 0.493796 0.063615 0.044818
0 0.602799 0.432721 0.055217 0.040534
0 0.617209 0.540150 0.059097 0.044674
0 0.718303 0.389290 0.058299 0.041914
0 0.741801 0.458613 0.066137 0.047318
0 0.594193 0.402295 0.056241 0.037559
0 0.392609 0.530544 0.066823 0.048535
0 0.537533 0.452194 0.055673 0.042995
0 0.610844 0.501702 0.055621 0.044954
0 0.544253 0.489033 0.063056 0.048379
0 0.402938 0.459102 0.045903 0.037617
0 0.661035 0.906283 0.057964 0.052526
0 0.672409 0.970706 0.063194 0.053743
0 0.702092 0.306048 0.042491 0.035560
0 0.600369 0.342913 0.052491 0.038639
0 0.600165 0.285465 0.050677 0.040983
0 0.527541 0.386950 0.042687 0.033965
0 0.609314 0.467852 0.046198 0.038607
0 0.693062 0.278249 0.043381 0.036458
0 0.536736 0.417321 0.045243 0.038066
0 0.709629 0.360648 0.048815 0.034681
0 0.601270 0.315586 0.051749 0.038307
0 0.729047 0.425355 0.048129 0.036921
0 0.682956 0.251628 0.039280 0.032357
0 0.708722 0.334414 0.050109 0.034245
0 0.681187 0.226816 0.038702 0.031237