0 0.589748 0.452377 0.058738 0.041209
0 0.623853 0.646641 0.062723 0.050261
0 0.401737 0.727454 0.080600 0.052489
0 0.551349 0.689781 0.074094 0.056901
0 0.595342 0.484323 0.043277 0.037283
0 0.611832 0.601322 0.060299 0.044718
0 0.612131 0.562954 0.051507 0.040732
0 0.655420 0.810627 0.077889 0.052220
0 0.605078 0.527729 0.055318 0.028908
0 0.715762 0.316582 0.044237 0.036308
0 0.771685 0.560722 0.060931 0.046324
0 0.401926 0.674654 0.070947 0.051332
0 0.406100 0.789213 0.079294 0.047576
0 0.409438 0.855569 0.070947 0.060096
0 0.404848 0.930689 0.085136 0.060096
0 0.550915 0.636468 0.066774 0.047576
0 0.565522 0.762295 0.067608 0.053836
0 0.572616 0.814253 0.078459 0.050080
0 0.581380 0.873097 0.077624 0.060096
0 0.586388 0.932567 0.065939 0.053836
0 0.660256 0.876853 0.066774 0.050080
0 0.633547 0.707207 0.066774 0.051332
0 0.639807 0.757913 0.067608 0.052584
0 0.811331 0.753531 0.066774 0.053836
0 0.827190 0.815505 0.071782 0.055088
0 0.839293 0.878731 0.074286 0.053836
0 0.869758 0.948843 0.090144 0.061348
0 0.664969 0.941737 0.072289 0.058510