0 0.381309 0.819206 0.081758 0.057682
0 0.763969 0.546377 0.065629 0.041803
0 0.395959 0.701211 0.072656 0.050026
0 0.391176 0.647035 0.069123 0.051113
0 0.404690 0.366133 0.058234 0.046133
0 0.754952 0.510120 0.065000 0.038652
0 0.601118 0.352738 0.052339 0.037077
0 0.707888 0.314235 0.053928 0.040775
0 0.388963 0.880726 0.065156 0.057272
0 0.845278 0.836146 0.078646 0.051042
0 0.390451 0.754538 0.076302 0.055026
0 0.787988 0.636865 0.073381 0.047376
0 0.573889 0.769056 0.076033 0.051432
0 0.774310 0.587171 0.071745 0.046634
0 0.563260 0.619339 0.063160 0.044095
0 0.727882 0.399229 0.053663 0.041660
0 0.716712 0.369521 0.052478 0.037428
0 0.636699 0.629505 0.063181 0.042656
0 0.852083 0.894359 0.071710 0.052025
0 0.576102 0.824307 0.071120 0.054082
0 0.623850 0.547354 0.060139 0.044017
0 0.855547 0.960824 0.084488 0.060384
0 0.659401 0.774850 0.074852 0.056458
0 0.617198 0.508076 0.057600 0.040267
0 0.555803 0.574990 0.060634 0.044525
0 0.571660 0.715078 0.061749 0.047383
0 0.625840 0.587249 0.059431 0.045618
0 0.567470 0.667865 0.060720 0.045742
0 0.583963 0.885290 0.069792 0.057819
0 0.745184 0.463636 0.056471 0.040020
0 0.642969 0.672490 0.066736 0.046686
0 0.807517 0.736702 0.065677 0.051517
0 0.611678 0.472585 0.055907 0.039388
0 0.797342 0.686901 0.057869 0.047578
0 0.601916 0.404463 0.050595 0.040553
0 0.658166 0.832900 0.073329 0.055853
0 0.655371 0.719030 0.059353 0.048594
0 0.550471 0.535641 0.049154 0.041712
0 0.606929 0.439277 0.054145 0.038594
0 0.595881 0.957129 0.091181 0.066745
0 0.741725 0.431794 0.046819 0.039603
0 0.682576 0.214678 0.045360 0.031882
0 0.552572 0.499512 0.059761 0.042318
0 0.667559 0.892650 0.061263 0.054232
0 0.676606 0.974883 0.063307 0.047188
0 0.544666 0.464222 0.050365 0.037923
0 0.602174 0.270156 0.051259 0.035612
0 0.684976 0.238812 0.049362 0.032598
0 0.602194 0.317601 0.039944 0.036829
0 0.691476 0.264147 0.038819 0.033581
0 0.600490 0.295127 0.048359 0.034355