0 0.774053 0.584878 0.069549 0.044556
0 0.782051 0.628706 0.070330 0.046106
0 0.395332 0.613922 0.064140 0.048526
0 0.705647 0.340525 0.052117 0.039231
0 0.404922 0.666572 0.069861 0.053454
0 0.396479 0.890538 0.064903 0.054878
0 0.407986 0.959712 0.075157 0.056663
0 0.398228 0.831743 0.078363 0.055382
0 0.301446 0.839571 0.085608 0.057548
0 0.880514 0.959306 0.090609 0.056916
0 0.604722 0.315464 0.038068 0.036509
0 0.598900 0.361462 0.040519 0.037140
0 0.793177 0.676703 0.063745 0.053178
0 0.752037 0.497064 0.061801 0.043386
0 0.765553 0.535048 0.057350 0.047777
0 0.698234 0.312826 0.042568 0.036308
0 0.829185 0.788500 0.068221 0.050963
0 0.744273 0.462705 0.057640 0.039935
0 0.601269 0.289930 0.051202 0.038092
0 0.685971 0.263754 0.049760 0.033317
0 0.401098 0.522898 0.065569 0.052580
0 0.845353 0.843289 0.064347 0.050552
0 0.584502 0.888121 0.079726 0.065104
0 0.730979 0.427234 0.055537 0.042268
0 0.685929 0.221751 0.041551 0.030289
0 0.802649 0.723264 0.057756 0.049266
0 0.592696 0.205147 0.044977 0.023801
0 0.732455 0.394206 0.047576 0.041316
0 0.414864 0.451798 0.053419 0.041316
0 0.404013 0.484976 0.065104 0.050080
0 0.592231 0.970027 0.089310 0.058644
0 0.583884 0.806741 0.069278 0.052584
0 0.577624 0.754157 0.073451 0.052584
0 0.574703 0.698443 0.069278 0.051332
0 0.565939 0.642728 0.061765 0.047576
0 0.560931 0.597030 0.065104 0.041316
0 0.556757 0.553836 0.061765 0.042568
0 0.557175 0.516276 0.052584 0.040064
0 0.553419 0.479968 0.060096 0.042568
0 0.547993 0.445538 0.057592 0.036308
0 0.541316 0.409230 0.055923 0.036308
0 0.543820 0.375426 0.042568 0.041316
0 0.664430 0.900015 0.061765 0.053836
0 0.676950 0.968775 0.075120 0.061148
0 0.663178 0.811749 0.075955 0.060096
0 0.657335 0.756661 0.064269 0.050080
0 0.645650 0.699695 0.064269 0.051332
0 0.643563 0.651492 0.066774 0.042568
0 0.637303 0.605794 0.060931 0.046324
0 0.623948 0.563226 0.062600 0.043820
0 0.622279 0.523162 0.065939 0.043820
0 0.616854 0.482472 0.058427 0.040064
0 0.613515 0.450546 0.058427 0.036308
0 0.612263 0.417994 0.042568 0.038812
0 0.603499 0.271509 0.046741 0.031300
0 0.597656 0.248973 0.036725 0.031300
0 0.593066 0.223307 0.047576 0.030048
0 0.855569 0.901267 0.065104 0.051332
0 0.697817 0.289663 0.040064 0.032552
0 0.686131 0.242087 0.050080 0.030048