0 0.562427 0.753031 0.073797 0.051080
0 0.738088 0.439677 0.055672 0.040656
0 0.612478 0.567207 0.063018 0.045142
0 0.595807 0.452353 0.045468 0.038413
0 0.797647 0.627245 0.055639 0.044267
0 0.772379 0.542415 0.068755 0.042075
0 0.818884 0.724957 0.066693 0.050526
0 0.591902 0.417899 0.058249 0.042379
0 0.786252 0.585503 0.061845 0.049562
0 0.716107 0.354613 0.048555 0.038503
0 0.383535 0.615761 0.069460 0.051351
0 0.742754 0.474743 0.058746 0.038426
0 0.565097 0.803812 0.070127 0.052182
0 0.366139 0.901358 0.084095 0.057774
0 0.361557 0.836126 0.074895 0.052511
0 0.852333 0.826573 0.086600 0.050932
0 0.602009 0.492011 0.064645 0.046341
0 0.840042 0.772827 0.062771 0.043601
0 0.550078 0.597164 0.066770 0.049812
0 0.811715 0.674773 0.064336 0.055325
0 0.612299 0.527777 0.061683 0.042524
0 0.555519 0.687944 0.068351 0.048623
0 0.734406 0.409503 0.058699 0.033098
0 0.758412 0.509618 0.062079 0.040654
0 0.633227 0.705794 0.065744 0.047255
0 0.383684 0.566923 0.054879 0.050142
0 0.544732 0.553811 0.053990 0.038988
0 0.385332 0.531246 0.061964 0.039622
0 0.368468 0.718226 0.068516 0.050339
0 0.867111 0.910058 0.073737 0.052639
0 0.588527 0.387790 0.045179 0.032978
0 0.381166 0.489403 0.059801 0.048057
0 0.690231 0.270195 0.047284 0.035048
0 0.629008 0.657752 0.047472 0.036308
0 0.385935 0.665211 0.071606 0.050417
0 0.556447 0.642032 0.064482 0.052724
0 0.575989 0.862191 0.070043 0.058120
0 0.362280 0.773563 0.058427 0.052584
0 0.388989 0.457432 0.065104 0.046324
0 0.588475 0.931315 0.065104 0.057592
0 0.663178 0.916917 0.055923 0.056340
0 0.651492 0.864959 0.070947 0.045072
0 0.639807 0.811749 0.059261 0.053836
0 0.638972 0.756661 0.055923 0.051332
0 0.619775 0.613306 0.064269 0.050080
0 0.568026 0.359150 0.039229 0.032552
0 0.691974 0.299679 0.050080 0.033804