0 0.407752 0.435695 0.058874 0.040490
0 0.600221 0.275738 0.046620 0.032246
0 0.407184 0.543620 0.056559 0.043508
0 0.592416 0.180053 0.033354 0.032993
0 0.406255 0.502736 0.063922 0.045688
0 0.396772 0.670488 0.075575 0.056568
0 0.395780 0.619942 0.051522 0.047076
0 0.740598 0.473749 0.060210 0.039849
0 0.752790 0.510349 0.058221 0.041046
0 0.598500 0.904813 0.075542 0.054381
0 0.763988 0.549014 0.050003 0.043744
0 0.632121 0.544265 0.061106 0.051050
0 0.382393 0.781243 0.067225 0.051250
0 0.400740 0.374986 0.058925 0.045368
0 0.720397 0.380905 0.051384 0.040782
0 0.581975 0.779303 0.075291 0.052772
0 0.792714 0.644859 0.071364 0.044841
0 0.371201 0.838985 0.078151 0.058738
0 0.695436 0.276386 0.048163 0.031563
0 0.389609 0.725779 0.071609 0.048393
0 0.603205 0.313362 0.040029 0.031326
0 0.238331 0.651492 0.059261 0.150240
0 0.372713 0.909405 0.085971 0.062600
0 0.567608 0.628330 0.048411 0.043820
0 0.554253 0.433644 0.050080 0.037560
0 0.555088 0.468074 0.055088 0.041316
0 0.561348 0.506886 0.055923 0.038812
0 0.567608 0.546324 0.061765 0.047576
0 0.563852 0.588266 0.052584 0.046324
0 0.576790 0.675280 0.068443 0.050080
0 0.576372 0.724109 0.064269 0.052584
0 0.600995 0.975135 0.086806 0.046324
0 0.661926 0.791717 0.066774 0.052584
0 0.660674 0.736003 0.072616 0.051332
0 0.649823 0.674028 0.057592 0.045072
0 0.642728 0.629582 0.065104 0.046324
0 0.672359 0.850561 0.060931 0.057592
0 0.679454 0.917543 0.056757 0.048828
0 0.686548 0.977013 0.069278 0.042568
0 0.626870 0.508138 0.055088 0.046324
0 0.621444 0.468700 0.062600 0.042568
0 0.616019 0.435522 0.051749 0.038812
0 0.613932 0.402344 0.055923 0.037560
0 0.611846 0.371670 0.048411 0.036308
0 0.608507 0.342248 0.053419 0.032552
0 0.602247 0.253981 0.037560 0.033804
0 0.690722 0.249599 0.049245 0.035056
0 0.699903 0.297801 0.037560 0.036308
0 0.711171 0.325346 0.053419 0.033804
0 0.714510 0.351638 0.051749 0.031300
0 0.730786 0.411108 0.050915 0.035056
0 0.739967 0.441156 0.044237 0.040064
0 0.786291 0.602038 0.055088 0.048828
0 0.805906 0.694686 0.065939 0.051332
0 0.819261 0.741011 0.062600 0.053836
0 0.826773 0.795473 0.067608 0.052584
0 0.838041 0.847431 0.076790 0.058844
0 0.857238 0.912535 0.071782 0.056340
0 0.881861 0.972531 0.090979 0.053636