0 0.380272 0.662861 0.072075 0.054212
0 0.384528 0.717557 0.063790 0.050509
0 0.817408 0.767050 0.083204 0.053565
0 0.785374 0.620953 0.069967 0.048588
0 0.776866 0.576607 0.074302 0.047991
0 0.745310 0.481125 0.061637 0.042975
0 0.554180 0.712754 0.075952 0.054649
0 0.766118 0.524068 0.062499 0.046752
0 0.798979 0.714820 0.075387 0.052222
0 0.379630 0.619222 0.060944 0.045617
0 0.651513 0.820406 0.076774 0.058696
0 0.797275 0.667659 0.068698 0.050464
0 0.824359 0.821126 0.082311 0.053324
0 0.568462 0.765759 0.082959 0.055775
0 0.389220 0.765901 0.070090 0.056571
0 0.548162 0.614013 0.065038 0.052195
0 0.740475 0.444381 0.059833 0.043470
0 0.618957 0.585180 0.068694 0.050520
0 0.626425 0.669535 0.064825 0.051988
0 0.381716 0.575204 0.068921 0.051499
0 0.569549 0.820107 0.073238 0.058494
0 0.384955 0.537623 0.068164 0.048702
0 0.411190 0.356124 0.058174 0.050997
0 0.633301 0.720466 0.072334 0.053953
0 0.733527 0.408925 0.064091 0.043876
0 0.617688 0.627175 0.061981 0.045367
0 0.540390 0.567990 0.057623 0.052065
0 0.675280 0.187625 0.038395 0.037560
0 0.712366 0.350590 0.057937 0.042299
0 0.551368 0.659942 0.051770 0.049458
0 0.596565 0.364752 0.053833 0.042449
0 0.645898 0.766946 0.058089 0.048289
0 0.539860 0.526154 0.055305 0.043966
0 0.614260 0.536267 0.061516 0.052127
0 0.390125 0.498362 0.048524 0.040263
0 0.604174 0.499041 0.056650 0.046828
0 0.658170 0.886700 0.074286 0.059181
0 0.719909 0.376619 0.054277 0.040752
0 0.662760 0.137545 0.040064 0.035056
0 0.385017 0.429075 0.055184 0.035135
0 0.537053 0.483278 0.062420 0.045432
0 0.586501 0.292129 0.051850 0.036586
0 0.541798 0.456772 0.041603 0.042636
0 0.688635 0.260241 0.046741 0.035056
0 0.602081 0.458204 0.049703 0.040325
0 0.598960 0.396259 0.052102 0.037618
0 0.389038 0.826173 0.063531 0.056298
0 0.709111 0.317554 0.045152 0.038242
0 0.844522 0.878101 0.076704 0.060611
0 0.695730 0.290915 0.044237 0.036308
0 0.601771 0.430664 0.050406 0.047542
0 0.385136 0.465277 0.047567 0.032220
0 0.586404 0.225883 0.051767 0.037000
0 0.856640 0.958432 0.081869 0.055011
0 0.575778 0.880183 0.070157 0.057357
0 0.580128 0.960111 0.083467 0.062600
0 0.675280 0.957607 0.091814 0.065104