0 0.655415 0.849683 0.066844 0.055133
0 0.394586 0.731904 0.071713 0.059982
0 0.388833 0.677322 0.067918 0.054437
0 0.821438 0.793947 0.075881 0.052812
0 0.661415 0.907522 0.060657 0.051112
0 0.800608 0.689405 0.058238 0.043950
0 0.639379 0.737449 0.060222 0.048607
0 0.572854 0.845837 0.064624 0.067052
0 0.785289 0.604107 0.061388 0.047313
0 0.643256 0.787917 0.055754 0.048223
0 0.816145 0.740620 0.061701 0.050223
0 0.731674 0.396070 0.056823 0.047067
0 0.637890 0.691051 0.060787 0.048684
0 0.562820 0.780394 0.072957 0.051888
0 0.585071 0.974718 0.088096 0.046372
0 0.784415 0.647043 0.062691 0.048595
0 0.860854 0.976612 0.082848 0.042306
0 0.852907 0.913983 0.075846 0.058071
0 0.836794 0.845104 0.072824 0.051435
0 0.631669 0.641751 0.062288 0.053290
0 0.571879 0.174329 0.038719 0.030276
0 0.580407 0.907850 0.068437 0.054159
0 0.390431 0.851601 0.090599 0.058017
0 0.669855 0.984425 0.057592 0.029848
0 0.685296 0.231445 0.041733 0.036308