0 0.332121 0.779741 0.076127 0.058179
0 0.642970 0.730432 0.070436 0.053219
0 0.656439 0.837861 0.066068 0.056222
0 0.647371 0.777420 0.065738 0.049095
0 0.564560 0.735604 0.076619 0.054030
0 0.666592 0.902848 0.059413 0.049085
0 0.573218 0.842109 0.074410 0.062415
0 0.353367 0.579559 0.063103 0.054853
0 0.791369 0.645427 0.072102 0.045798
0 0.334311 0.713481 0.075697 0.055874
0 0.874062 0.969041 0.088954 0.055256
0 0.347443 0.625358 0.067555 0.046329
0 0.572739 0.786900 0.072847 0.052583
0 0.806816 0.735011 0.066096 0.049811
0 0.799783 0.684620 0.059871 0.046516
0 0.737720 0.409527 0.055226 0.040780
0 0.785872 0.599509 0.078031 0.047709
0 0.320983 0.905016 0.071636 0.055634
0 0.722443 0.367502 0.053895 0.039331
0 0.825065 0.780618 0.067974 0.053071
0 0.775961 0.555982 0.061137 0.052049
0 0.633150 0.681597 0.074246 0.048941
0 0.577168 0.902512 0.078405 0.068122
0 0.546469 0.471529 0.043948 0.036959
0 0.623641 0.553870 0.053584 0.040995
0 0.619532 0.590830 0.060505 0.045633
0 0.341049 0.667479 0.054090 0.053324
0 0.627766 0.634723 0.066650 0.042834
0 0.747097 0.444026 0.065277 0.044732
0 0.767241 0.516757 0.055383 0.047865
0 0.552454 0.673660 0.069747 0.046660
0 0.709072 0.337582 0.049343 0.032726
0 0.356653 0.499271 0.062957 0.045166
0 0.760677 0.477765 0.068963 0.043218
0 0.552394 0.626091 0.062588 0.045985
0 0.394528 0.383256 0.058243 0.043328
0 0.550170 0.553301 0.064357 0.042682
0 0.843234 0.834091 0.079759 0.058457
0 0.616643 0.513850 0.058139 0.044118
0 0.610633 0.445373 0.043454 0.039296
0 0.607468 0.476940 0.050757 0.034343
0 0.357631 0.536678 0.048623 0.045070
0 0.538960 0.392328 0.050620 0.041316
0 0.850520 0.905034 0.072791 0.055033
0 0.552128 0.511596 0.059324 0.042497
0 0.680345 0.972185 0.063952 0.048901
0 0.602849 0.414737 0.054718 0.036055
0 0.363258 0.461204 0.056056 0.039664
0 0.702425 0.315118 0.044766 0.035524
0 0.589908 0.332694 0.044372 0.034999
0 0.596182 0.382278 0.043581 0.032881
0 0.576790 0.974096 0.085136 0.050506
0 0.545907 0.442408 0.045072 0.033804
0 0.535891 0.356020 0.051749 0.038812
0 0.591396 0.356646 0.050915 0.035056
0 0.589310 0.307192 0.046741 0.031300
0 0.586806 0.279647 0.041733 0.031300
0 0.583050 0.251477 0.050915 0.035056
0 0.580963 0.228315 0.043403 0.031300
0 0.579294 0.208283 0.046741 0.031300
0 0.577207 0.185747 0.044237 0.033804
0 0.679871 0.176983 0.034221 0.026292
0 0.681958 0.200771 0.046741 0.028796
0 0.684879 0.219551 0.050915 0.026292
0 0.685714 0.242713 0.047576 0.027544
0 0.693643 0.262745 0.041733 0.027544
0 0.700738 0.288411 0.040899 0.028796