0 0.813763 0.767762 0.070485 0.055953
0 0.393046 0.770829 0.065593 0.053334
0 0.769572 0.582313 0.073011 0.047864
0 0.394767 0.664672 0.068668 0.053262
0 0.397175 0.714891 0.055616 0.052639
0 0.799393 0.716424 0.069154 0.050697
0 0.763310 0.540490 0.065259 0.043463
0 0.634425 0.712336 0.062777 0.048319
0 0.821241 0.820656 0.077372 0.058920
0 0.794774 0.663522 0.058489 0.046317
0 0.783162 0.624197 0.065610 0.046803
0 0.752199 0.503743 0.060213 0.042472
0 0.388357 0.830775 0.064904 0.052819
0 0.392229 0.616249 0.051210 0.048832
0 0.679026 0.205585 0.043397 0.039031
0 0.547574 0.533186 0.065392 0.048104
0 0.567534 0.823638 0.081092 0.058169
0 0.629136 0.618934 0.068022 0.052135
0 0.557513 0.663097 0.069339 0.051037
0 0.562084 0.763755 0.071349 0.053855
0 0.853821 0.960313 0.094946 0.065668
0 0.558161 0.708977 0.061986 0.051907
0 0.623821 0.574567 0.067506 0.052176
0 0.611244 0.496552 0.057585 0.046113
0 0.582742 0.220587 0.039116 0.038250
0 0.732302 0.438603 0.058155 0.041918
0 0.619923 0.531995 0.068156 0.048693
0 0.650063 0.826292 0.067252 0.052901
0 0.597405 0.340745 0.050930 0.034244
0 0.634561 0.664284 0.057071 0.048825
0 0.640468 0.770472 0.055476 0.046884
0 0.659215 0.885635 0.060299 0.052555
0 0.550329 0.573520 0.049521 0.045995
0 0.552390 0.615972 0.059111 0.050571
0 0.730102 0.406557 0.058121 0.038489
0 0.846842 0.886698 0.076053 0.061145
0 0.746394 0.469057 0.054451 0.037609
0 0.715916 0.376820 0.057141 0.043255
0 0.598074 0.400466 0.052584 0.046324
0 0.541119 0.461733 0.057152 0.045621
0 0.713203 0.344624 0.058882 0.042549
0 0.394554 0.569623 0.051587 0.051133
0 0.543139 0.493370 0.045886 0.040974
0 0.577254 0.886478 0.075887 0.059591
0 0.606855 0.459912 0.058013 0.043978
0 0.669519 0.951534 0.074502 0.056584
0 0.381590 0.891445 0.086580 0.059232
0 0.402449 0.530251 0.058038 0.048726
0 0.406583 0.496576 0.061634 0.043232
0 0.544128 0.427522 0.049841 0.037858
0 0.601410 0.431766 0.040902 0.036308
0 0.580495 0.946040 0.071787 0.061514
0 0.542955 0.395688 0.056213 0.037886
0 0.599743 0.370418 0.052584 0.041316