0 0.564998 0.746917 0.076494 0.054567
0 0.376928 0.722552 0.076173 0.056227
0 0.385133 0.673272 0.071961 0.049376
0 0.832440 0.851753 0.076153 0.055527
0 0.766604 0.567323 0.064224 0.044430
0 0.386920 0.626064 0.066569 0.048003
0 0.814633 0.749834 0.075919 0.049938
0 0.760935 0.529227 0.060010 0.041171
0 0.375129 0.788447 0.066815 0.059928
0 0.777280 0.608003 0.066433 0.050742
0 0.640646 0.686209 0.062591 0.050760
0 0.568681 0.793676 0.066403 0.045765
0 0.542184 0.517443 0.049190 0.044038
0 0.629011 0.639381 0.065406 0.049306
0 0.621925 0.596984 0.061141 0.045461
0 0.576376 0.856016 0.073761 0.052920
0 0.549886 0.558511 0.062238 0.041965
0 0.796018 0.697174 0.076870 0.050184
0 0.367914 0.853627 0.064500 0.053347
0 0.609844 0.482586 0.055752 0.042797
0 0.652938 0.793348 0.076402 0.053343
0 0.866539 0.972732 0.094914 0.051533
0 0.834125 0.796849 0.060615 0.051468
0 0.554184 0.633798 0.057163 0.048866
0 0.658451 0.856741 0.056602 0.053058
0 0.671498 0.913398 0.060764 0.056375
0 0.545003 0.448215 0.056620 0.040969
0 0.385405 0.545910 0.048460 0.047098
0 0.715760 0.341514 0.060934 0.036524
0 0.703053 0.293645 0.047198 0.032101
0 0.610178 0.328955 0.048066 0.036521
0 0.646511 0.737196 0.065039 0.051621
0 0.603762 0.420604 0.054563 0.043608
0 0.388234 0.476356 0.064945 0.047863
0 0.611758 0.520977 0.061940 0.048191
0 0.607188 0.453122 0.054387 0.038668
0 0.407347 0.380333 0.048631 0.044369
0 0.853065 0.911909 0.073451 0.050080
0 0.616492 0.560412 0.059027 0.052880
0 0.593550 0.362217 0.044939 0.038085
0 0.564135 0.689950 0.067197 0.051124
0 0.387115 0.508183 0.055194 0.043763
0 0.690648 0.252175 0.049097 0.035200
0 0.755644 0.495935 0.056287 0.036942
0 0.390658 0.440530 0.046741 0.041316
0 0.382312 0.925055 0.081798 0.058844
0 0.593900 0.916291 0.077624 0.056340
0 0.592648 0.976287 0.066774 0.046124
0 0.542985 0.482472 0.057592 0.037560
0 0.682375 0.975761 0.079294 0.045072
0 0.720770 0.376678 0.059261 0.043820
0 0.699903 0.315956 0.045907 0.030048
0 0.684462 0.228315 0.048411 0.032552