0 0.773612 0.582063 0.068931 0.046589
0 0.781766 0.626957 0.070681 0.045783
0 0.301670 0.838128 0.085493 0.056607
0 0.410473 0.893304 0.086681 0.061260
0 0.583858 0.884821 0.079245 0.057459
0 0.880104 0.958620 0.090692 0.056531
0 0.752113 0.497097 0.061897 0.044319
0 0.765755 0.534511 0.055593 0.045855
0 0.317705 0.775494 0.074126 0.052477
0 0.742980 0.461893 0.056752 0.039335
0 0.404565 0.665728 0.069385 0.053379
0 0.687528 0.223933 0.043949 0.031300
0 0.829149 0.787305 0.067131 0.050886
0 0.803276 0.720421 0.055672 0.044935
0 0.791480 0.674336 0.063775 0.049779
0 0.407505 0.960093 0.075523 0.057665
0 0.731976 0.425331 0.053542 0.043471
0 0.706344 0.338502 0.051847 0.037374
0 0.591927 0.205153 0.051522 0.031300
0 0.597996 0.287512 0.044393 0.040769
0 0.700738 0.312826 0.040899 0.036308
0 0.395361 0.613553 0.063716 0.048974
0 0.398812 0.570357 0.051358 0.043311
0 0.412743 0.417166 0.060998 0.040468
0 0.406100 0.376052 0.057592 0.040064
0 0.413612 0.451798 0.050915 0.041316
0 0.403596 0.485602 0.065939 0.051332
0 0.398588 0.525040 0.065939 0.050080
0 0.401509 0.718475 0.058427 0.051332
0 0.402761 0.770433 0.057592 0.050080
0 0.398588 0.833033 0.079294 0.057592
0 0.592648 0.966897 0.088475 0.064904
0 0.586806 0.806741 0.066774 0.057592
0 0.577207 0.752905 0.075955 0.052584
0 0.572616 0.695939 0.068443 0.051332
0 0.566356 0.642728 0.060931 0.047576
0 0.560513 0.597030 0.064269 0.046324
0 0.555923 0.553836 0.058427 0.040064
0 0.557592 0.515024 0.055088 0.040064
0 0.552584 0.476212 0.060096 0.042568
0 0.548411 0.446790 0.055088 0.041316
0 0.540481 0.407978 0.054253 0.038812
0 0.542985 0.372922 0.044237 0.033804
0 0.664847 0.898137 0.057592 0.052584
0 0.676532 0.967523 0.070947 0.063652
0 0.663595 0.811749 0.071782 0.057592
0 0.658587 0.756035 0.055088 0.051332
0 0.644815 0.700321 0.065939 0.050080
0 0.641894 0.649614 0.068443 0.048828
0 0.636468 0.603916 0.062600 0.045072
0 0.623531 0.562600 0.056757 0.042568
0 0.619775 0.520658 0.062600 0.041316
0 0.616436 0.484350 0.057592 0.041316
0 0.611428 0.451172 0.057592 0.035056
0 0.602664 0.416742 0.050080 0.038812
0 0.601412 0.389824 0.052584 0.035056
0 0.599743 0.364158 0.040899 0.036308
0 0.608507 0.339118 0.040064 0.036308
0 0.606003 0.312200 0.038395 0.032552
0 0.601830 0.268379 0.043403 0.030048
0 0.596822 0.243339 0.035056 0.030048
0 0.594318 0.225185 0.046741 0.031300
0 0.686548 0.267753 0.044237 0.031300
0 0.686966 0.244591 0.050080 0.022536
0 0.699486 0.288411 0.045072 0.030048
0 0.719935 0.369166 0.052584 0.038812
0 0.733290 0.392954 0.044237 0.033804
0 0.846388 0.846805 0.061765 0.055088
0 0.857656 0.900641 0.064269 0.055088