0 0.369097 0.842312 0.087649 0.068859
0 0.377044 0.778647 0.077334 0.054919
0 0.881093 0.965979 0.090334 0.059314
0 0.697056 0.288725 0.044167 0.041629
0 0.372741 0.914710 0.083899 0.059978
0 0.745856 0.476081 0.064421 0.039805
0 0.756530 0.512902 0.060539 0.045355
0 0.779941 0.604673 0.066553 0.046699
0 0.838619 0.840438 0.069131 0.048516
0 0.380591 0.717789 0.058293 0.051018
0 0.792022 0.647679 0.071266 0.046702
0 0.377267 0.669522 0.069922 0.051730
0 0.768445 0.558487 0.063475 0.045160
0 0.381157 0.627600 0.051353 0.042609
0 0.855257 0.896661 0.063617 0.050638
0 0.404492 0.371430 0.057611 0.045623
0 0.549663 0.541316 0.057592 0.042568
0 0.554253 0.584510 0.065104 0.038812
0 0.555505 0.623948 0.067608 0.045072
0 0.558844 0.677158 0.067608 0.048828
0 0.566774 0.725987 0.060096 0.048828
0 0.571782 0.789213 0.078459 0.050080
0 0.575538 0.840545 0.069278 0.052584
0 0.581798 0.904397 0.071782 0.055088
0 0.587348 0.972911 0.082893 0.048045
0 0.604094 0.482399 0.061439 0.041163
0 0.613878 0.521283 0.059916 0.045659
0 0.618069 0.562215 0.059726 0.047038
0 0.628961 0.603566 0.057400 0.041504
0 0.630790 0.642649 0.059689 0.044942
0 0.633404 0.687653 0.064823 0.046051
0 0.653125 0.789274 0.063032 0.056697
0 0.659537 0.845657 0.076236 0.055359
0 0.668488 0.905355 0.063334 0.055837
0 0.668076 0.976003 0.065670 0.046692
0 0.793293 0.696879 0.062849 0.047262
0 0.805688 0.737536 0.059740 0.046727
0 0.825658 0.787755 0.076806 0.054077
0 0.736120 0.441493 0.049367 0.039185