0 0.393064 0.570354 0.064842 0.048469
0 0.386839 0.826978 0.068456 0.058230
0 0.385576 0.715242 0.074758 0.058123
0 0.385007 0.772997 0.069428 0.052861
0 0.556049 0.711930 0.073635 0.049875
0 0.781742 0.662176 0.077093 0.050996
0 0.384263 0.660431 0.070675 0.047926
0 0.546141 0.569878 0.061993 0.050771
0 0.797149 0.715698 0.065991 0.050477
0 0.555832 0.661172 0.061307 0.050480
0 0.559080 0.758813 0.078673 0.058951
0 0.396435 0.493383 0.056592 0.047523
0 0.400290 0.531349 0.056547 0.044959
0 0.775673 0.620185 0.065727 0.045008
0 0.752896 0.536341 0.063653 0.039096
0 0.717190 0.372113 0.055365 0.039644
0 0.549515 0.613690 0.050443 0.049059
0 0.706980 0.343736 0.059416 0.038384
0 0.629691 0.711644 0.062977 0.049890
0 0.561037 0.133600 0.042655 0.037334
0 0.768146 0.573147 0.075310 0.049711
0 0.625105 0.613060 0.053782 0.050509
0 0.722283 0.399205 0.053375 0.039276
0 0.696659 0.291521 0.052224 0.034794
0 0.630688 0.661221 0.066444 0.054552
0 0.736389 0.465759 0.057912 0.041132
0 0.685475 0.244357 0.040200 0.031010
0 0.641275 0.767419 0.069525 0.052500
0 0.644340 0.820119 0.062627 0.055241
0 0.609267 0.533351 0.054511 0.045347
0 0.848227 0.946847 0.085387 0.056567
0 0.538284 0.492094 0.058401 0.040586
0 0.600665 0.459340 0.058247 0.047554
0 0.533585 0.429885 0.051353 0.040070
0 0.565725 0.818866 0.071160 0.057182
0 0.815242 0.763909 0.065994 0.047661
0 0.840954 0.876630 0.071013 0.051746
0 0.593902 0.428254 0.062596 0.043331
0 0.701853 0.317280 0.052076 0.031741
0 0.396979 0.458187 0.049498 0.038143
0 0.585777 0.368705 0.056650 0.043890
0 0.744970 0.495115 0.051300 0.043320
0 0.614216 0.573350 0.060903 0.047668
0 0.590120 0.397071 0.047359 0.036016
0 0.818371 0.816733 0.065561 0.051982
0 0.601592 0.497630 0.056283 0.035325
0 0.542422 0.531045 0.060175 0.044670
0 0.651087 0.883845 0.061563 0.051166
0 0.579056 0.338260 0.042477 0.034861
0 0.388502 0.611429 0.052926 0.042955
0 0.533056 0.393937 0.050027 0.035039
0 0.536981 0.462280 0.054515 0.035370
0 0.660759 0.952500 0.066137 0.056157
0 0.729223 0.431686 0.055564 0.033296
0 0.570947 0.881861 0.071782 0.055088
0 0.573070 0.957100 0.086103 0.064540
0 0.689050 0.268748 0.037842 0.028208