0 0.376968 0.777793 0.076324 0.055690
0 0.364277 0.839635 0.090161 0.068815
0 0.792331 0.645801 0.070720 0.048138
0 0.599036 0.355703 0.052109 0.036641
0 0.838539 0.839131 0.069605 0.049421
0 0.380109 0.715785 0.058064 0.051595
0 0.296092 0.545452 0.029674 0.059993
0 0.365603 0.972542 0.082083 0.050592
0 0.382116 0.583418 0.066107 0.046536
0 0.779993 0.602633 0.066567 0.047507
0 0.823811 0.780798 0.076493 0.049577
0 0.556962 0.672920 0.068759 0.049004
0 0.404555 0.370241 0.058121 0.046341
0 0.381005 0.625313 0.052157 0.045638
0 0.630072 0.637969 0.057122 0.044284
0 0.548357 0.537793 0.060048 0.043724
0 0.538728 0.463245 0.051033 0.041452
0 0.586521 0.970589 0.085109 0.055892
0 0.617856 0.555853 0.060460 0.048698
0 0.387348 0.431572 0.061406 0.044173
0 0.603796 0.477988 0.062938 0.044453
0 0.726921 0.408236 0.055221 0.041823
0 0.745221 0.475156 0.062370 0.041667
0 0.854607 0.893789 0.064683 0.050221
0 0.554086 0.580026 0.061471 0.042331
0 0.571450 0.785957 0.076233 0.051354
0 0.768589 0.559382 0.065391 0.054049
0 0.881298 0.964792 0.089670 0.061471
0 0.387533 0.542513 0.064796 0.045781
0 0.658077 0.778392 0.078229 0.058255
0 0.658188 0.843988 0.077713 0.056960
0 0.580180 0.901237 0.071124 0.059414
0 0.573264 0.838538 0.070747 0.054395
0 0.627921 0.597350 0.057674 0.043294
0 0.709542 0.322428 0.052704 0.034531
0 0.632639 0.685150 0.065252 0.052383
0 0.541847 0.365830 0.040386 0.036999
0 0.667728 0.974505 0.061931 0.047982
0 0.565184 0.723662 0.057305 0.051868
0 0.806814 0.733343 0.060842 0.048770
0 0.666341 0.902601 0.061780 0.055085
0 0.755879 0.513815 0.059952 0.043646
0 0.548207 0.501784 0.047960 0.039896
0 0.736664 0.439417 0.047652 0.040319
0 0.605842 0.412230 0.054054 0.040215
0 0.613108 0.518405 0.057674 0.043411
0 0.539182 0.427188 0.060647 0.042253
0 0.791927 0.692428 0.068255 0.049505
0 0.384470 0.468737 0.058837 0.041693
0 0.382713 0.502949 0.059852 0.045039
0 0.559054 0.623073 0.053385 0.048255
0 0.689010 0.254840 0.050651 0.036217
0 0.696860 0.286107 0.042548 0.039128
0 0.543648 0.396768 0.055152 0.038158
0 0.607270 0.315277 0.039470 0.035241
0 0.720174 0.351943 0.056918 0.036400
0 0.604392 0.442559 0.050599 0.042539
0 0.681873 0.209313 0.048181 0.031387
0 0.599690 0.291833 0.048737 0.034082
0 0.597860 0.265579 0.041484 0.031953
0 0.686532 0.233424 0.045295 0.028659
0 0.727276 0.379368 0.045794 0.037513