0 0.210154 0.825638 0.093051 0.063411
0 0.309366 0.608490 0.072604 0.048385
0 0.194290 0.896872 0.093728 0.058184
0 0.762305 0.536914 0.063038 0.045195
0 0.381691 0.768509 0.078312 0.061797
0 0.803513 0.673757 0.077522 0.050352
0 0.754533 0.499521 0.059857 0.041960
0 0.641623 0.674661 0.073012 0.049661
0 0.659355 0.824694 0.079388 0.061198
0 0.776634 0.577845 0.068294 0.044753
0 0.543759 0.538096 0.064618 0.048210
0 0.630955 0.614824 0.064566 0.049648
0 0.861152 0.970599 0.074744 0.053008
0 0.224303 0.720661 0.070074 0.050436
0 0.666191 0.890163 0.065369 0.052148
0 0.213865 0.767308 0.065968 0.053444
0 0.558498 0.724144 0.069028 0.051009
0 0.391265 0.965850 0.074579 0.060827
0 0.732928 0.433506 0.057556 0.045579
0 0.388689 0.899548 0.078438 0.065879
0 0.379789 0.713893 0.075367 0.058659
0 0.399034 0.414147 0.054015 0.039336
0 0.602172 0.399255 0.055655 0.042077
0 0.677476 0.960247 0.080994 0.057487
0 0.846868 0.902526 0.073312 0.053984
0 0.575577 0.770303 0.074757 0.057754
0 0.640317 0.721595 0.075052 0.057565
0 0.581621 0.968988 0.087244 0.057077
0 0.651875 0.775361 0.058359 0.049017
0 0.602298 0.432002 0.055560 0.042428
0 0.812632 0.729971 0.061749 0.054538
0 0.379032 0.574238 0.073568 0.059023
0 0.540983 0.499186 0.058598 0.045143
0 0.381673 0.533424 0.068980 0.046120
0 0.607027 0.494528 0.056241 0.044199
0 0.380768 0.623564 0.064514 0.053249
0 0.393691 0.450042 0.050282 0.043079
0 0.559232 0.677848 0.070911 0.053014
0 0.578132 0.895824 0.070534 0.056296
0 0.550924 0.622178 0.066849 0.055384
0 0.784533 0.617643 0.058876 0.049805
0 0.619946 0.569408 0.055161 0.049961
0 0.830245 0.833893 0.064952 0.051471
0 0.387852 0.487201 0.049036 0.045521
0 0.722088 0.398542 0.056858 0.042734
0 0.825408 0.778047 0.069245 0.052917
0 0.537365 0.464632 0.049358 0.039382
0 0.608780 0.532868 0.060668 0.047975
0 0.702339 0.313672 0.048602 0.035469
0 0.712891 0.369378 0.052951 0.035658
0 0.671727 0.211937 0.049175 0.036921
0 0.587287 0.256006 0.050451 0.043392
0 0.386408 0.839098 0.068641 0.058665
0 0.708767 0.343164 0.055104 0.037005
0 0.594462 0.333659 0.054427 0.041224
0 0.537036 0.431546 0.055477 0.042051
0 0.691289 0.286566 0.045764 0.036204
0 0.686545 0.263854 0.050720 0.030130
0 0.592326 0.285208 0.060547 0.040469
0 0.589247 0.354762 0.041992 0.039733
0 0.589980 0.307454 0.050525 0.036315
0 0.678919 0.237607 0.044557 0.036960