0 0.851424 0.896761 0.088637 0.056803
0 0.584894 0.842337 0.081315 0.057161
0 0.376749 0.630010 0.070182 0.054069
0 0.376691 0.679258 0.071784 0.053138
0 0.252539 0.602842 0.037465 0.078444
0 0.660753 0.839388 0.058754 0.051029
0 0.580898 0.672920 0.077561 0.050840
0 0.832958 0.833877 0.074345 0.050410
0 0.379049 0.795033 0.069401 0.053529
0 0.404227 0.382979 0.057830 0.041816
0 0.629260 0.552607 0.059284 0.046595
0 0.661777 0.736237 0.074596 0.055143
0 0.778030 0.582718 0.068594 0.048353
0 0.580690 0.726979 0.073707 0.049258
0 0.372964 0.728379 0.071814 0.056628
0 0.789605 0.628587 0.069392 0.054870
0 0.765063 0.538460 0.057930 0.048678
0 0.373743 0.859580 0.063242 0.058158
0 0.668607 0.788558 0.064583 0.054017
0 0.595608 0.903262 0.079392 0.057318
0 0.659683 0.686644 0.062934 0.049147
0 0.731287 0.431191 0.056463 0.042383
0 0.754674 0.499378 0.060781 0.046569
0 0.562901 0.535592 0.053876 0.043711
0 0.680354 0.900391 0.070247 0.056875
0 0.637465 0.595957 0.063299 0.048008
0 0.567700 0.579860 0.064106 0.047207
0 0.586278 0.778864 0.087435 0.062389
0 0.574907 0.625251 0.064058 0.048770
0 0.648796 0.639993 0.064180 0.050599
0 0.383333 0.585059 0.063507 0.048346
0 0.823034 0.722969 0.062587 0.050404
0 0.823989 0.771536 0.069375 0.050365
0 0.740282 0.466257 0.056536 0.039818
0 0.603681 0.969362 0.083325 0.055964
0 0.546061 0.464124 0.050490 0.036855
0 0.803568 0.676579 0.067031 0.055632
0 0.724785 0.400313 0.055195 0.038333
0 0.386851 0.545885 0.065473 0.048242
0 0.623702 0.510599 0.055373 0.046081
0 0.553459 0.497816 0.054080 0.041647
0 0.590890 0.315326 0.049948 0.039870
0 0.878051 0.966286 0.068238 0.055319
0 0.386569 0.471667 0.048251 0.039544
0 0.720059 0.371305 0.054214 0.036608
0 0.602487 0.449395 0.059349 0.045430
0 0.689703 0.970225 0.083207 0.055658
0 0.688505 0.260716 0.051393 0.038438
0 0.606526 0.406263 0.059301 0.046250
0 0.624685 0.476178 0.047860 0.039596
0 0.385232 0.507223 0.048971 0.040254
0 0.707635 0.316484 0.050304 0.034284
0 0.579831 0.242044 0.046328 0.034518
0 0.699086 0.290098 0.043199 0.034857
0 0.714698 0.346484 0.054970 0.034115
0 0.588362 0.289469 0.043503 0.035215
0 0.582205 0.264831 0.042639 0.032526