0 0.812593 0.784033 0.068433 0.051204
0 0.829807 0.840322 0.079275 0.051764
0 0.392754 0.833685 0.070464 0.053828
0 0.395169 0.661097 0.070781 0.058118
0 0.394885 0.772236 0.072131 0.057194
0 0.654881 0.781758 0.077409 0.053242
0 0.396013 0.714128 0.053477 0.048958
0 0.596964 0.326598 0.039648 0.038757
0 0.654421 0.845221 0.077357 0.059818
0 0.403440 0.491895 0.058746 0.043581
0 0.400069 0.575436 0.065330 0.046888
0 0.642925 0.720560 0.073134 0.052096
0 0.404774 0.377269 0.058385 0.045098
0 0.765547 0.554027 0.067431 0.046921
0 0.316782 0.893356 0.082765 0.055840
0 0.777671 0.594385 0.073138 0.044316
0 0.801055 0.684564 0.068533 0.049362
0 0.399178 0.618363 0.068207 0.046960
0 0.583229 0.968262 0.085842 0.057917
0 0.660282 0.900430 0.063342 0.056172
0 0.397773 0.532695 0.049201 0.044388
0 0.572522 0.901221 0.075799 0.061361
0 0.589640 0.231660 0.047760 0.036823
0 0.405289 0.453838 0.049379 0.040163
0 0.844546 0.905101 0.073806 0.056283
0 0.813292 0.729010 0.062739 0.052057
0 0.583032 0.365872 0.054822 0.044375
0 0.793121 0.635612 0.075304 0.054284
0 0.638023 0.671071 0.069527 0.051361
0 0.531042 0.427025 0.060113 0.047292
0 0.740258 0.451442 0.060612 0.045553
0 0.585419 0.195684 0.041246 0.031276
0 0.569160 0.833096 0.077261 0.057311
0 0.613077 0.537425 0.055738 0.042754
0 0.557910 0.667275 0.072001 0.049941
0 0.404553 0.417581 0.042960 0.038535
0 0.524130 0.389154 0.052721 0.041810
0 0.859128 0.959808 0.067943 0.055488
0 0.624438 0.578617 0.056975 0.046439
0 0.574399 0.769808 0.083963 0.060710
0 0.595124 0.467975 0.056272 0.042878
0 0.545493 0.540482 0.057218 0.043086
0 0.667472 0.968437 0.061749 0.053164
0 0.552821 0.580449 0.064175 0.046081
0 0.554646 0.623988 0.066940 0.047272
0 0.544073 0.503112 0.049622 0.042044
0 0.740336 0.489655 0.056445 0.042552
0 0.731463 0.419863 0.057344 0.039349
0 0.562177 0.716553 0.076037 0.057845
0 0.596278 0.435189 0.053694 0.041732
0 0.685078 0.239268 0.048785 0.036986
0 0.722040 0.390605 0.055339 0.036003
0 0.589373 0.402865 0.054709 0.039792
0 0.705655 0.310814 0.042630 0.033802
0 0.713509 0.341585 0.045716 0.034915
0 0.702424 0.285156 0.045603 0.034805