0 0.855148 0.903467 0.071424 0.051842
0 0.821749 0.744430 0.069939 0.046842
0 0.666717 0.902633 0.060673 0.051986
0 0.640666 0.732969 0.071445 0.052852
0 0.590844 0.916315 0.074865 0.056706
0 0.396450 0.804411 0.077882 0.056673
0 0.840530 0.797080 0.063845 0.046973
0 0.654334 0.845433 0.066237 0.051022
0 0.647357 0.783906 0.061311 0.047995
0 0.635299 0.672113 0.060538 0.047428
0 0.805297 0.693558 0.063581 0.048900
0 0.563976 0.687275 0.066007 0.049316
0 0.573974 0.845081 0.069423 0.058353
0 0.571723 0.790498 0.071502 0.056556
0 0.876168 0.971410 0.085512 0.051764
0 0.619831 0.619850 0.068090 0.047552
0 0.551816 0.643102 0.068885 0.048105
0 0.594514 0.973288 0.070165 0.047695
0 0.601133 0.491383 0.063854 0.044668
0 0.385072 0.866263 0.071159 0.059362
0 0.791940 0.637891 0.074497 0.049727
0 0.775805 0.596921 0.056055 0.043438
0 0.671133 0.975319 0.062752 0.043685
0 0.605278 0.532067 0.057144 0.043783
0 0.392661 0.731175 0.069262 0.059355
0 0.772934 0.558018 0.052448 0.042298
0 0.597068 0.317126 0.036072 0.037142
0 0.613392 0.572627 0.063850 0.045996
0 0.574976 0.734528 0.059527 0.049733
0 0.579520 0.201351 0.042452 0.034082