0 0.397945 0.785199 0.079362 0.057585
0 0.399907 0.720410 0.069102 0.053034
0 0.247882 0.613994 0.038733 0.080384
0 0.392873 0.665273 0.077378 0.060794
0 0.390881 0.841699 0.060434 0.052513
0 0.795757 0.634180 0.070291 0.048203
0 0.380760 0.962285 0.083880 0.063854
0 0.584881 0.831283 0.069301 0.055560
0 0.385827 0.895413 0.062921 0.055423
0 0.573763 0.778477 0.076693 0.056237
0 0.571424 0.674063 0.069106 0.051471
0 0.593772 0.968506 0.083967 0.059043
0 0.655799 0.777708 0.075156 0.055807
0 0.396523 0.615622 0.067413 0.048340
0 0.849957 0.891462 0.075755 0.057363
0 0.557988 0.540439 0.059275 0.043470
0 0.589442 0.898109 0.077556 0.059329
0 0.625597 0.543382 0.061124 0.045046
0 0.673613 0.241849 0.050395 0.036706
0 0.570872 0.725628 0.064123 0.049368
0 0.407728 0.382292 0.058529 0.045065
0 0.704065 0.344847 0.052817 0.039954
0 0.394811 0.495911 0.059588 0.043945
0 0.734039 0.433760 0.060430 0.044551
0 0.840150 0.830876 0.070543 0.052155
0 0.541146 0.427780 0.061068 0.046940
0 0.811654 0.728197 0.074722 0.050091
0 0.392270 0.456800 0.056432 0.039733
0 0.661660 0.837637 0.064918 0.052826
0 0.563681 0.623385 0.064783 0.049479
0 0.799447 0.681549 0.068034 0.050221
0 0.830849 0.773200 0.067878 0.058743
0 0.665731 0.895104 0.061957 0.053854
0 0.555612 0.501634 0.058906 0.041693
0 0.770041 0.545638 0.067921 0.045313
0 0.649859 0.724502 0.063963 0.049447
0 0.562745 0.578828 0.050725 0.045495
0 0.630391 0.623464 0.062899 0.052070
0 0.594069 0.341901 0.054405 0.037773
0 0.404629 0.421810 0.043511 0.039661
0 0.872854 0.951908 0.087721 0.061471
0 0.690163 0.296393 0.052070 0.041224
0 0.624013 0.505332 0.063034 0.046159
0 0.641046 0.673760 0.056354 0.052897
0 0.396812 0.573636 0.063537 0.042884
0 0.221251 0.736308 0.047085 0.118371
0 0.605280 0.402425 0.050438 0.038978
0 0.678496 0.271396 0.047496 0.035033
0 0.396584 0.535020 0.050356 0.041354
0 0.551608 0.467116 0.049145 0.041237
0 0.748678 0.474587 0.062938 0.044395
0 0.580095 0.234788 0.047986 0.034108
0 0.617381 0.467500 0.053451 0.045052
0 0.667756 0.967699 0.063403 0.057962
0 0.720642 0.401797 0.053811 0.038646
0 0.624375 0.582633 0.057708 0.044408
0 0.758533 0.511126 0.063863 0.041354
0 0.581081 0.261423 0.047734 0.033783
0 0.715102 0.373994 0.053234 0.034603
0 0.611769 0.434076 0.053416 0.039531
0 0.596949 0.373288 0.055903 0.039596
0 0.780803 0.582708 0.056345 0.050312
0 0.589835 0.315885 0.047691 0.035951
0 0.583184 0.287025 0.040022 0.033607