0 0.400567 0.375284 0.058055 0.043249
0 0.405901 0.435135 0.056319 0.038039
0 0.397753 0.672150 0.075955 0.056340
0 0.390241 0.727865 0.069278 0.052584
0 0.371461 0.843049 0.076790 0.057592
0 0.372713 0.910031 0.087640 0.063852
0 0.555088 0.434896 0.051749 0.037560
0 0.554671 0.468700 0.054253 0.040064
0 0.561765 0.506260 0.053419 0.040064
0 0.567608 0.546324 0.058427 0.042568
0 0.562183 0.585136 0.049245 0.045072
0 0.576372 0.672776 0.065939 0.050080
0 0.576372 0.722857 0.069278 0.055088
0 0.583050 0.780449 0.072616 0.055088
0 0.600160 0.910031 0.076790 0.058844
0 0.600160 0.974409 0.086806 0.049880
0 0.600578 0.252729 0.042568 0.038812
0 0.603082 0.315330 0.040899 0.031300
0 0.607672 0.342248 0.055088 0.037560
0 0.611011 0.373548 0.055088 0.040064
0 0.616854 0.435522 0.051749 0.038812
0 0.621027 0.469952 0.060096 0.042568
0 0.627704 0.506886 0.053419 0.043820
0 0.634382 0.548202 0.060096 0.043820
0 0.635634 0.589518 0.054253 0.041316
0 0.642311 0.629582 0.065939 0.046324
0 0.651075 0.675280 0.058427 0.045072
0 0.660674 0.736003 0.074286 0.053836
0 0.663178 0.791717 0.069278 0.052584
0 0.673194 0.849309 0.062600 0.060096
0 0.679036 0.916291 0.062600 0.053836
0 0.687800 0.976913 0.070112 0.044872
0 0.689887 0.247095 0.047576 0.037560
0 0.693226 0.274639 0.044237 0.030048
0 0.699069 0.300931 0.047576 0.035056
0 0.712423 0.354768 0.052584 0.040064
0 0.727865 0.409856 0.056757 0.037560
0 0.738298 0.441782 0.044237 0.038812
0 0.744558 0.476212 0.063435 0.040064
0 0.752070 0.513146 0.058427 0.043820
0 0.765842 0.554462 0.050915 0.041316
0 0.778362 0.598908 0.069278 0.047576
0 0.792134 0.646484 0.066774 0.050080
0 0.806741 0.694060 0.064269 0.050080
0 0.820095 0.740385 0.059261 0.045072
0 0.827608 0.796099 0.072616 0.053836
0 0.838458 0.849935 0.080963 0.061348
0 0.854317 0.912535 0.070947 0.058844
0 0.881026 0.971905 0.099326 0.054888