0 0.394190 0.734797 0.073961 0.055715
0 0.388966 0.678038 0.070520 0.055140
0 0.655304 0.848728 0.067237 0.054691
0 0.389037 0.790410 0.056494 0.052841
0 0.395116 0.586434 0.067038 0.050924
0 0.627610 0.596178 0.067373 0.056455
0 0.559158 0.733711 0.069024 0.048303
0 0.395462 0.626636 0.061685 0.047909
0 0.572657 0.842704 0.065845 0.062398
0 0.562184 0.781019 0.074471 0.049237
0 0.620793 0.518002 0.062375 0.045198
0 0.637538 0.737301 0.063243 0.048621
0 0.756680 0.527281 0.070488 0.042494
0 0.396419 0.544088 0.047359 0.044246
0 0.631041 0.644192 0.065206 0.053582
0 0.554594 0.553890 0.063874 0.046493
0 0.661085 0.907236 0.061698 0.052531
0 0.749279 0.491908 0.065259 0.044010
0 0.772223 0.563337 0.061519 0.046301
0 0.642603 0.788572 0.059183 0.051466
0 0.614336 0.481696 0.056852 0.045256
0 0.637743 0.690811 0.061836 0.051492
0 0.628354 0.555338 0.066898 0.046059
0 0.391955 0.849281 0.085471 0.057403
0 0.597297 0.388721 0.055807 0.042269
0 0.558479 0.683481 0.055192 0.048952
0 0.741141 0.458461 0.057130 0.043017
0 0.788760 0.603868 0.068106 0.047328
0 0.557497 0.594552 0.063154 0.044882
0 0.734140 0.425269 0.059293 0.041789
0 0.579712 0.909010 0.071102 0.054862
0 0.800748 0.688468 0.060560 0.043385
0 0.610206 0.449559 0.053589 0.035839
0 0.595245 0.327093 0.050403 0.045101
0 0.723023 0.367587 0.055981 0.038769
0 0.714275 0.346366 0.052218 0.030773
0 0.584614 0.974448 0.087873 0.046355
0 0.401194 0.509283 0.064066 0.049042
0 0.821363 0.790910 0.075533 0.048720
0 0.785777 0.646108 0.067413 0.048328
0 0.561531 0.639014 0.065573 0.044988
0 0.730235 0.396510 0.060129 0.035054
0 0.705780 0.296299 0.044950 0.034306
0 0.550385 0.484043 0.057366 0.043207
0 0.861419 0.975954 0.084855 0.041975
0 0.850771 0.911306 0.072405 0.055626
0 0.694517 0.268359 0.049407 0.032037
0 0.588782 0.350887 0.047828 0.041365
0 0.549578 0.446767 0.054084 0.041271
0 0.835324 0.842587 0.069673 0.050755
0 0.401926 0.474334 0.057592 0.043820
0 0.669020 0.984425 0.060931 0.029848
0 0.605168 0.419246 0.046741 0.038812
0 0.815505 0.742263 0.061765 0.046324
0 0.710337 0.322842 0.050080 0.028796
0 0.690304 0.248973 0.045072 0.026292
0 0.684879 0.227689 0.039229 0.028796
0 0.683627 0.208283 0.045072 0.025040