0 0.557541 0.723346 0.075890 0.051328
0 0.644141 0.726133 0.078108 0.054792
0 0.598624 0.411562 0.055825 0.042135
0 0.399492 0.725163 0.055807 0.045703
0 0.401330 0.631611 0.067773 0.051322
0 0.570028 0.840495 0.073824 0.056628
0 0.768420 0.590726 0.071806 0.046322
0 0.742502 0.478206 0.065907 0.045111
0 0.582099 0.970215 0.087878 0.054167
0 0.611287 0.510397 0.057105 0.046315
0 0.556408 0.674255 0.064188 0.050072
0 0.549366 0.587035 0.055799 0.046634
0 0.728158 0.418376 0.056011 0.037793
0 0.549575 0.547005 0.051181 0.041120
0 0.645690 0.781680 0.070391 0.054896
0 0.536749 0.476686 0.053481 0.041706
0 0.761363 0.548714 0.069687 0.046895
0 0.657641 0.843870 0.073806 0.054564
0 0.388205 0.781689 0.055299 0.051621
0 0.613668 0.546410 0.054375 0.041035
0 0.805169 0.722585 0.067344 0.051576
0 0.845647 0.896872 0.074878 0.057311
0 0.782148 0.632077 0.067752 0.051354
0 0.716087 0.358509 0.052791 0.038372
0 0.621864 0.586950 0.066159 0.048548
0 0.401955 0.544880 0.060412 0.049720
0 0.824731 0.775430 0.081241 0.056745
0 0.830627 0.835547 0.074284 0.054531
0 0.754755 0.514899 0.054657 0.038171
0 0.625549 0.630654 0.067834 0.047741
0 0.859891 0.966960 0.075712 0.057630
0 0.631044 0.677624 0.053025 0.047552
0 0.576886 0.897210 0.070256 0.059238
0 0.562142 0.778320 0.073329 0.053503
0 0.801725 0.677699 0.061966 0.050384
0 0.725280 0.389095 0.057426 0.035260
0 0.603125 0.446305 0.056858 0.041035
0 0.664798 0.904430 0.064345 0.053587
0 0.593214 0.381517 0.055221 0.036732
0 0.667665 0.973910 0.062934 0.047233
0 0.415540 0.378643 0.059492 0.044694
0 0.389733 0.837454 0.084015 0.065482
0 0.386283 0.912982 0.089319 0.063672
0 0.538911 0.442982 0.054965 0.039401
0 0.594831 0.328509 0.046727 0.032708
0 0.400384 0.438499 0.056593 0.045345
0 0.594238 0.351891 0.053225 0.038730
0 0.400477 0.505400 0.062031 0.046048
0 0.737949 0.444691 0.049475 0.037546
0 0.705788 0.331686 0.055256 0.036549
0 0.602973 0.475423 0.056979 0.043099
0 0.701361 0.308516 0.049961 0.032578
0 0.397539 0.471104 0.061545 0.042207
0 0.690126 0.239746 0.040156 0.036510
0 0.404036 0.406702 0.045573 0.037012
0 0.696198 0.282526 0.045703 0.034896
0 0.586523 0.254668 0.042101 0.031602
0 0.591534 0.301764 0.043468 0.036263
0 0.587398 0.279528 0.046793 0.032402