0 0.790634 0.677891 0.078177 0.048568
0 0.833288 0.835700 0.078520 0.053926
0 0.856957 0.965485 0.085686 0.060007
0 0.585030 0.970534 0.077882 0.053073
0 0.623325 0.550941 0.061875 0.045697
0 0.809477 0.724303 0.061419 0.047513
0 0.746183 0.514551 0.063164 0.045117
0 0.768210 0.552718 0.059362 0.045944
0 0.845762 0.892956 0.074353 0.055677
0 0.734399 0.418145 0.058963 0.038346
0 0.389162 0.845931 0.084965 0.061328
0 0.720137 0.388887 0.056888 0.034831
0 0.667420 0.974414 0.062843 0.045807
0 0.821161 0.773646 0.064666 0.049844
0 0.641918 0.783271 0.072326 0.054434
0 0.569839 0.834854 0.083090 0.054590
0 0.768546 0.592865 0.070252 0.044492
0 0.561834 0.723551 0.077860 0.058327
0 0.664112 0.901077 0.076567 0.060697
0 0.391250 0.722331 0.070582 0.055586
0 0.564599 0.779219 0.074605 0.055013
0 0.578869 0.899827 0.073468 0.057884
0 0.738678 0.450745 0.051610 0.037129
0 0.394668 0.631169 0.072044 0.056400
0 0.554414 0.629463 0.058915 0.047428
0 0.404638 0.583258 0.063416 0.050293
0 0.628234 0.631615 0.062240 0.047292
0 0.787823 0.629564 0.076697 0.048633
0 0.622650 0.590537 0.059640 0.047038
0 0.740727 0.479007 0.058155 0.040150
0 0.635777 0.677852 0.061701 0.049674
0 0.558199 0.674714 0.071493 0.048294
0 0.636217 0.728141 0.056793 0.049837
0 0.527350 0.405046 0.043494 0.040156
0 0.389510 0.777178 0.079583 0.064707
0 0.606376 0.476768 0.059722 0.041035
0 0.606165 0.509932 0.058997 0.046413
0 0.655239 0.834785 0.060043 0.052344
0 0.591556 0.353047 0.040655 0.040326
0 0.601851 0.443434 0.052574 0.038691
0 0.591430 0.326764 0.038937 0.035547