0 0.683496 0.517733 0.059988 0.077006
0 0.762741 0.544451 0.064694 0.049599
0 0.393023 0.772003 0.065347 0.053551
0 0.620376 0.538362 0.068577 0.053120
0 0.783757 0.625982 0.065153 0.044781
0 0.558362 0.711523 0.062414 0.051488
0 0.388634 0.832650 0.064024 0.054029
0 0.561710 0.763900 0.069520 0.054749
0 0.634981 0.715045 0.063418 0.050519
0 0.752342 0.504947 0.059677 0.041711
0 0.556759 0.661011 0.068298 0.053556
0 0.733295 0.441891 0.058794 0.039835
0 0.604977 0.466204 0.055477 0.048104
0 0.567758 0.825717 0.081078 0.058102
0 0.813840 0.769804 0.070441 0.055870
0 0.794949 0.666490 0.058463 0.048760
0 0.640027 0.771949 0.055210 0.048041
0 0.799814 0.718573 0.068019 0.054260
0 0.397343 0.715734 0.057397 0.055355
0 0.634157 0.666839 0.057934 0.049143
0 0.628102 0.620052 0.065606 0.050238
0 0.650514 0.826614 0.066589 0.049186
0 0.395190 0.665297 0.067620 0.054727
0 0.821878 0.824380 0.076888 0.058181
0 0.392397 0.618913 0.050568 0.049419
0 0.583658 0.222674 0.038951 0.038079
0 0.659143 0.886239 0.059317 0.051409
0 0.678953 0.206953 0.041632 0.038825
0 0.574852 0.887927 0.071656 0.061097
0 0.851662 0.959390 0.089114 0.060599
0 0.394088 0.569156 0.049492 0.045926
0 0.843924 0.885884 0.070031 0.050614
0 0.667477 0.952652 0.071079 0.053877
0 0.580080 0.947010 0.069326 0.057592