0 0.644444 0.726992 0.079010 0.055846
0 0.557954 0.724544 0.076289 0.051497
0 0.401788 0.631439 0.068116 0.052461
0 0.399642 0.725703 0.056029 0.046667
0 0.550245 0.548135 0.051220 0.042415
0 0.768641 0.592357 0.071120 0.046328
0 0.598895 0.412507 0.056350 0.042161
0 0.402669 0.545358 0.060833 0.050807
0 0.570660 0.842051 0.073837 0.057695
0 0.634564 0.678695 0.065629 0.047585
0 0.581552 0.970068 0.088216 0.053783
0 0.387750 0.782653 0.057114 0.053118
0 0.404633 0.679463 0.055794 0.051908
0 0.611484 0.511048 0.056476 0.046523
0 0.645464 0.783415 0.070156 0.056309
0 0.402977 0.592031 0.069705 0.047526
0 0.761905 0.549691 0.069436 0.048509
0 0.614132 0.547243 0.054731 0.041465
0 0.549941 0.588415 0.056211 0.046283
0 0.743069 0.480081 0.067205 0.045488
0 0.552858 0.629375 0.051063 0.048229
0 0.782658 0.633285 0.068095 0.052611
0 0.805677 0.724108 0.067266 0.051341
0 0.626189 0.631357 0.068420 0.049056
0 0.846569 0.897464 0.075074 0.056452
0 0.860618 0.965225 0.077548 0.061608
0 0.576059 0.898623 0.070382 0.057858
0 0.825237 0.775426 0.081966 0.056426
0 0.830373 0.837048 0.073906 0.054460
0 0.548911 0.676943 0.059931 0.050410
0 0.389865 0.838027 0.084870 0.064154
0 0.668006 0.975133 0.064206 0.044928
0 0.802242 0.678535 0.061862 0.050339
0 0.755195 0.516807 0.055677 0.038783
0 0.563333 0.779909 0.075503 0.054987
0 0.594803 0.382282 0.054006 0.035996
0 0.623147 0.588994 0.066970 0.048665
0 0.603854 0.446911 0.057370 0.041296
0 0.398911 0.440195 0.056467 0.039193
0 0.664972 0.907061 0.063607 0.049212
0 0.404546 0.407402 0.044865 0.039036
0 0.702661 0.311836 0.052422 0.038542
0 0.539657 0.444808 0.056319 0.041387
0 0.725875 0.390885 0.058841 0.036901
0 0.716769 0.359261 0.053138 0.040124
0 0.729260 0.421191 0.057791 0.040143
0 0.401606 0.505156 0.062726 0.045026
0 0.603746 0.475967 0.057552 0.044095
0 0.595734 0.329421 0.047205 0.032904
0 0.595211 0.353620 0.053685 0.037878
0 0.738648 0.446911 0.049249 0.036191
0 0.541523 0.512510 0.055668 0.042363
0 0.397914 0.471387 0.060898 0.042917
0 0.690766 0.240915 0.040343 0.036478
0 0.696628 0.283792 0.045356 0.036803