0 0.566166 0.791185 0.079509 0.057591
0 0.378425 0.789419 0.067931 0.050771
0 0.386419 0.727304 0.074445 0.058008
0 0.633091 0.682513 0.068874 0.053676
0 0.825829 0.791665 0.082551 0.056607
0 0.572340 0.844430 0.072371 0.056600
0 0.790288 0.644188 0.075005 0.047883
0 0.554494 0.734103 0.057489 0.052230
0 0.390181 0.549249 0.063764 0.045024
0 0.768881 0.562812 0.064270 0.043032
0 0.392363 0.673605 0.069722 0.054055
0 0.387816 0.508373 0.064684 0.042124
0 0.555141 0.678289 0.066613 0.047663
0 0.647317 0.785348 0.064274 0.055305
0 0.779018 0.602248 0.066930 0.049913
0 0.799840 0.688820 0.071501 0.060660
0 0.619511 0.443091 0.056621 0.043498
0 0.291575 0.624932 0.030358 0.064049
0 0.552393 0.547523 0.065628 0.048675
0 0.589156 0.174909 0.034660 0.034812
0 0.594780 0.244365 0.042080 0.035764
0 0.818457 0.742192 0.062892 0.055860
0 0.652327 0.846179 0.077624 0.053836
0 0.622910 0.598819 0.064676 0.047398
0 0.635849 0.732661 0.069174 0.056129
0 0.634252 0.636161 0.049609 0.044697
0 0.661638 0.911313 0.072356 0.058784
0 0.744019 0.490704 0.053291 0.043456
0 0.713090 0.364196 0.060034 0.042802
0 0.546405 0.510280 0.058392 0.048881
0 0.554128 0.588420 0.062637 0.049889
0 0.388407 0.462421 0.062245 0.056833
0 0.843692 0.851087 0.087716 0.069368
0 0.604652 0.403699 0.057753 0.044670
0 0.571657 0.901648 0.079163 0.060116
0 0.613436 0.477471 0.060529 0.040430
0 0.542275 0.411508 0.062331 0.048109
0 0.758988 0.528402 0.061284 0.044283
0 0.544582 0.478952 0.054032 0.042319
0 0.390623 0.627628 0.054443 0.048380
0 0.598715 0.307880 0.039262 0.032596
0 0.387300 0.848044 0.067659 0.058325
0 0.556544 0.631184 0.060898 0.048965
0 0.701994 0.294449 0.050794 0.037475
0 0.622656 0.553974 0.058508 0.047851
0 0.612668 0.511125 0.061351 0.046286
0 0.387851 0.588507 0.050066 0.040810
0 0.723210 0.396412 0.056802 0.037063
0 0.594282 0.974609 0.080390 0.046753
0 0.600427 0.373409 0.054929 0.035604
0 0.696982 0.269005 0.051749 0.031300
0 0.687897 0.226153 0.046935 0.029365
0 0.543636 0.441453 0.046757 0.037762
0 0.852230 0.912535 0.073451 0.056340
0 0.389007 0.911603 0.087591 0.069312
0 0.729951 0.424254 0.054253 0.038812
0 0.741221 0.453571 0.055092 0.045282
0 0.398170 0.414238 0.060096 0.043820
0 0.388572 0.972005 0.072616 0.052584
0 0.682375 0.976913 0.077624 0.044872
0 0.694895 0.248347 0.044237 0.027544
0 0.866837 0.976387 0.074286 0.043820