0 0.367542 0.714027 0.068656 0.052526
0 0.370051 0.657975 0.070755 0.053605
0 0.377206 0.765167 0.085637 0.055744
0 0.557956 0.765253 0.074832 0.052647
0 0.380556 0.564983 0.064614 0.050690
0 0.620989 0.600729 0.062889 0.043501
0 0.725821 0.401317 0.054972 0.042715
0 0.553508 0.652634 0.058182 0.047641
0 0.581476 0.279348 0.047045 0.032897
0 0.633244 0.666490 0.058407 0.047534
0 0.546606 0.563575 0.061084 0.045795
0 0.742970 0.470246 0.059336 0.051167
0 0.374225 0.610035 0.052100 0.046946
0 0.783693 0.624474 0.071123 0.046311
0 0.381320 0.482454 0.064587 0.047423
0 0.560160 0.834305 0.083586 0.067353
0 0.381298 0.526513 0.065207 0.045095
0 0.749852 0.501944 0.048438 0.037962
0 0.540222 0.487446 0.046844 0.038918
0 0.649094 0.769216 0.058643 0.052243
0 0.564511 0.703188 0.071036 0.047817
0 0.790137 0.671189 0.061158 0.048490
0 0.551558 0.603062 0.050635 0.042809
0 0.639866 0.719233 0.051366 0.042005
0 0.544677 0.522784 0.055224 0.038974
0 0.607528 0.536151 0.057048 0.043149
0 0.735216 0.435809 0.053951 0.035965
0 0.718713 0.368618 0.045575 0.039364
0 0.377390 0.833578 0.070708 0.052673
0 0.665645 0.829635 0.062095 0.047575
0 0.604694 0.493843 0.053729 0.049265
0 0.533387 0.429262 0.056757 0.042568
0 0.715936 0.339192 0.046646 0.034941
0 0.525971 0.361970 0.052968 0.035587
0 0.593271 0.423352 0.055051 0.040624
0 0.803640 0.715623 0.079733 0.042442
0 0.385444 0.446340 0.052860 0.037885
0 0.844051 0.881818 0.070700 0.046884
0 0.707971 0.290543 0.051472 0.039558
0 0.390241 0.386068 0.054253 0.036308
0 0.389824 0.417994 0.060096 0.040064
0 0.535891 0.398588 0.053419 0.036308
0 0.574286 0.893129 0.068443 0.061348
0 0.587223 0.966371 0.084302 0.057592
0 0.679036 0.897511 0.070947 0.055088
0 0.676115 0.973257 0.070112 0.051332
0 0.603499 0.464318 0.055088 0.042568
0 0.599326 0.396710 0.056757 0.040064
0 0.582632 0.366036 0.050080 0.038812
0 0.592648 0.334110 0.041733 0.037560
0 0.862246 0.771685 0.063435 0.056340
0 0.822182 0.823017 0.065104 0.046324
0 0.857238 0.956355 0.075120 0.060096
0 0.758330 0.540690 0.055923 0.042568
0 0.764173 0.582632 0.062600 0.043820
0 0.704077 0.317834 0.055923 0.035056
0 0.696147 0.267753 0.056757 0.030048
0 0.691139 0.245843 0.053419 0.036308
0 0.682792 0.210787 0.048411 0.038812