0 0.376623 0.630570 0.070226 0.051882
0 0.679965 0.899681 0.069714 0.055729
0 0.376780 0.679609 0.071458 0.052513
0 0.661105 0.736156 0.072956 0.053965
0 0.660525 0.839307 0.058689 0.050645
0 0.851654 0.897008 0.088047 0.058301
0 0.628835 0.552721 0.059049 0.045677
0 0.668071 0.787965 0.062053 0.053171
0 0.832463 0.833870 0.075256 0.050853
0 0.582240 0.672607 0.075582 0.051530
0 0.580052 0.727067 0.073524 0.049980
0 0.563095 0.535586 0.053663 0.042643
0 0.373457 0.727806 0.070820 0.055729
0 0.778194 0.581953 0.068186 0.045964
0 0.603542 0.969359 0.084071 0.055514
0 0.584957 0.841859 0.081250 0.059629
0 0.658192 0.685986 0.060516 0.046790
0 0.378828 0.794157 0.069774 0.053275
0 0.688559 0.972093 0.082917 0.050566
0 0.595536 0.902083 0.079093 0.057539
0 0.403878 0.382803 0.058060 0.041921
0 0.567342 0.579297 0.064188 0.046419
0 0.574883 0.625527 0.063750 0.048047
0 0.754065 0.500303 0.061549 0.048118
0 0.637930 0.596009 0.064826 0.046680
0 0.648984 0.640225 0.064722 0.049316
0 0.373607 0.859873 0.062925 0.059538
0 0.764755 0.539251 0.058216 0.050234
0 0.384073 0.584736 0.061905 0.048470
0 0.730799 0.432109 0.057257 0.044466
0 0.802943 0.676022 0.066094 0.052422
0 0.545282 0.465342 0.052569 0.038887
0 0.384813 0.506504 0.048845 0.040768
0 0.824497 0.770570 0.068472 0.048405
0 0.553312 0.497637 0.053906 0.041094
0 0.623314 0.510843 0.055013 0.046009
0 0.601860 0.449196 0.059918 0.044759
0 0.877298 0.966087 0.070603 0.055846
0 0.586853 0.778359 0.085911 0.062227
0 0.823553 0.722184 0.060690 0.050501
0 0.688974 0.260700 0.050629 0.037702
0 0.740069 0.467243 0.057917 0.042116
0 0.724555 0.400726 0.054683 0.039460
0 0.386751 0.545762 0.065169 0.047552
0 0.440831 0.470013 0.045595 0.041237
0 0.624210 0.476878 0.046380 0.040788
0 0.605082 0.406214 0.058333 0.045202
0 0.719731 0.371517 0.054644 0.037070
0 0.699034 0.291745 0.041923 0.039414
0 0.714729 0.346888 0.055534 0.032669
0 0.579349 0.241999 0.046554 0.034492
0 0.588197 0.291569 0.044067 0.037370
0 0.581267 0.264691 0.041319 0.033014