0 0.649803 0.776156 0.074744 0.055475
0 0.642101 0.670391 0.072335 0.051823
0 0.648798 0.723037 0.064297 0.050111
0 0.372010 0.769577 0.077292 0.060586
0 0.780651 0.586338 0.071979 0.047780
0 0.790171 0.633314 0.071819 0.050104
0 0.657198 0.834255 0.063277 0.051530
0 0.754796 0.505977 0.059141 0.044440
0 0.633377 0.574167 0.061276 0.044792
0 0.578162 0.830817 0.070890 0.055072
0 0.765165 0.545326 0.064054 0.043906
0 0.363793 0.829564 0.076944 0.061419
0 0.382292 0.710986 0.077847 0.051022
0 0.733069 0.433340 0.062135 0.044544
0 0.236144 0.697790 0.062183 0.047572
0 0.578027 0.971429 0.087565 0.050267
0 0.742988 0.470251 0.048815 0.043691
0 0.567641 0.666908 0.070056 0.048190
0 0.793882 0.678604 0.068511 0.047858
0 0.585315 0.283714 0.047895 0.034785
0 0.402394 0.384928 0.057982 0.043607
0 0.588730 0.893929 0.090074 0.066387
0 0.573826 0.717503 0.066168 0.051842
0 0.567951 0.620361 0.059948 0.044290
0 0.354889 0.974831 0.083650 0.046406
0 0.663737 0.893376 0.060547 0.051087
0 0.560516 0.570023 0.055243 0.041973
0 0.835154 0.830166 0.070924 0.051934
0 0.809384 0.725514 0.065747 0.052669
0 0.850289 0.900329 0.070786 0.055592
0 0.365111 0.910560 0.076367 0.058151
0 0.874447 0.966214 0.090916 0.060527
0 0.385510 0.540234 0.068312 0.045169
0 0.715347 0.367620 0.053872 0.041426
0 0.812059 0.774961 0.060690 0.048477
0 0.636092 0.617920 0.069874 0.048171
0 0.671293 0.968369 0.084132 0.059225
0 0.720399 0.402393 0.051892 0.036921
0 0.552229 0.499561 0.058572 0.044264
0 0.700770 0.317718 0.052227 0.032949
0 0.548709 0.426230 0.044049 0.041133
0 0.703234 0.343913 0.050738 0.033841
0 0.377860 0.576963 0.053342 0.045632
0 0.547873 0.463571 0.051814 0.038379
0 0.616135 0.491556 0.054284 0.047070
0 0.608151 0.457926 0.056285 0.042376
0 0.688353 0.263555 0.050673 0.037227
0 0.597270 0.363639 0.049497 0.039896
0 0.690959 0.291204 0.043264 0.035378
0 0.605645 0.425094 0.050898 0.036686
0 0.604134 0.395911 0.044753 0.038060
0 0.681788 0.241182 0.049210 0.032090