0 0.833589 0.783825 0.083047 0.052337
0 0.379852 0.791956 0.075148 0.062246
0 0.400827 0.587555 0.066341 0.044785
0 0.388149 0.735866 0.078121 0.054206
0 0.384221 0.852461 0.072444 0.058073
0 0.400074 0.543727 0.064488 0.048092
0 0.404273 0.461234 0.052209 0.039421
0 0.395145 0.678594 0.071645 0.052474
0 0.228340 0.659144 0.035152 0.068535
0 0.859601 0.908470 0.072144 0.052292
0 0.325957 0.586279 0.068832 0.047129
0 0.776504 0.577715 0.074674 0.053255
0 0.621829 0.579928 0.063815 0.046628
0 0.400169 0.632871 0.061189 0.046510
0 0.646766 0.723330 0.068003 0.050553
0 0.595412 0.911950 0.073594 0.058509
0 0.399514 0.499772 0.058524 0.044805
0 0.847515 0.845329 0.080838 0.053913
0 0.873720 0.971663 0.084141 0.051634
0 0.652059 0.778470 0.071645 0.052292
0 0.378852 0.910065 0.076124 0.062839
0 0.551697 0.439290 0.057587 0.040065
0 0.616076 0.437168 0.057266 0.042031
0 0.549939 0.503763 0.055677 0.043815
0 0.762611 0.535485 0.068685 0.046413
0 0.806840 0.671982 0.076641 0.055723
0 0.820230 0.727747 0.060321 0.047604
0 0.568433 0.728607 0.074132 0.055742
0 0.743364 0.459857 0.061250 0.043672
0 0.544086 0.372484 0.051029 0.038353
0 0.789128 0.627194 0.069158 0.052070
0 0.207804 0.767363 0.040903 0.077031
0 0.577509 0.843721 0.068533 0.058887
0 0.668394 0.912930 0.061649 0.057174
0 0.553392 0.580830 0.065256 0.047741
0 0.572216 0.785247 0.063199 0.053411
0 0.622559 0.539222 0.063850 0.046374
0 0.329898 0.545651 0.055647 0.042109
0 0.717157 0.331361 0.050616 0.037747
0 0.408420 0.414108 0.056467 0.039180
0 0.409221 0.378145 0.056645 0.042852
0 0.591810 0.971829 0.069219 0.050990
0 0.636348 0.669827 0.063520 0.049251
0 0.661994 0.835293 0.079206 0.058984
0 0.556775 0.624421 0.064635 0.051250
0 0.563652 0.674395 0.067183 0.052865
0 0.546009 0.470973 0.055760 0.042246
0 0.607029 0.326478 0.051975 0.039635
0 0.669316 0.976396 0.062331 0.044368
0 0.545441 0.405384 0.049336 0.039193
0 0.693824 0.253164 0.050217 0.034089
0 0.633730 0.624398 0.065629 0.047402
0 0.552318 0.541113 0.060616 0.041745
0 0.611259 0.472223 0.062795 0.041868
0 0.750749 0.498743 0.066220 0.045234
0 0.684403 0.226956 0.043485 0.032181
0 0.592663 0.227298 0.048207 0.033542
0 0.736730 0.421969 0.047773 0.044707
0 0.606916 0.406322 0.051063 0.040716
0 0.603678 0.299609 0.047018 0.031680
0 0.605890 0.353665 0.051068 0.037904
0 0.698956 0.280322 0.049102 0.032676
0 0.616102 0.506383 0.052266 0.037025
0 0.600569 0.276455 0.044757 0.031204
0 0.595658 0.253662 0.047339 0.032884
0 0.722183 0.368835 0.057543 0.041589
0 0.606710 0.379570 0.045495 0.033867
0 0.707064 0.304613 0.047096 0.033965
0 0.728353 0.391051 0.046871 0.032559
0 0.586393 0.205241 0.039679 0.025951