0 0.876671 0.969342 0.087031 0.055560
0 0.391430 0.750674 0.072504 0.058236
0 0.736474 0.430911 0.057990 0.039857
0 0.756246 0.501136 0.064609 0.041895
0 0.661430 0.880908 0.074909 0.055241
0 0.388474 0.592939 0.067261 0.048079
0 0.570117 0.759141 0.076128 0.054193
0 0.745213 0.466090 0.059714 0.039121
0 0.564405 0.826654 0.071545 0.057904
0 0.390892 0.803372 0.062001 0.052539
0 0.778312 0.583848 0.070538 0.047266
0 0.809878 0.675140 0.078281 0.050137
0 0.796337 0.629082 0.060903 0.044883
0 0.382038 0.693298 0.079336 0.060527
0 0.546079 0.603656 0.059353 0.047285
0 0.589883 0.957913 0.084332 0.061361
0 0.626925 0.628779 0.057339 0.044876
0 0.864978 0.895352 0.090113 0.055169
0 0.650165 0.771999 0.065729 0.052526
0 0.638822 0.723363 0.052391 0.042207
0 0.562504 0.700951 0.077049 0.060273
0 0.578717 0.884030 0.072556 0.055560
0 0.385681 0.635801 0.066814 0.050078
0 0.594646 0.315260 0.038980 0.037005
0 0.840208 0.839880 0.087535 0.051530
0 0.377415 0.924163 0.077921 0.059564
0 0.393105 0.473649 0.059171 0.042090
0 0.595295 0.350625 0.051884 0.037526
0 0.552925 0.648656 0.072448 0.052624
0 0.818778 0.727152 0.076254 0.050007
0 0.633687 0.673262 0.066523 0.048932
0 0.379162 0.854541 0.063759 0.057884
0 0.394776 0.545150 0.062079 0.050378
0 0.618414 0.588171 0.060890 0.048203
0 0.763333 0.539463 0.064913 0.048757
0 0.833950 0.781471 0.070104 0.054154
0 0.545043 0.481940 0.052309 0.041641
0 0.670994 0.953496 0.062500 0.052409
0 0.547155 0.522985 0.060890 0.043522
0 0.730829 0.396214 0.057526 0.040671
0 0.655701 0.823389 0.065352 0.052507
0 0.624946 0.549004 0.062661 0.045820
0 0.719993 0.364043 0.060464 0.041133
0 0.617771 0.508219 0.060855 0.044590
0 0.712435 0.335000 0.056936 0.036719
0 0.546740 0.558542 0.049314 0.042943
0 0.396163 0.510674 0.062500 0.042767
0 0.537977 0.415814 0.043082 0.036797
0 0.542724 0.447113 0.051593 0.038991
0 0.599648 0.412451 0.056458 0.041712
0 0.609692 0.472454 0.052196 0.040833
0 0.590894 0.383099 0.056849 0.036888
0 0.695985 0.270869 0.051484 0.030697
0 0.610276 0.442546 0.045030 0.036042
0 0.691033 0.238991 0.039783 0.034857
0 0.703379 0.293096 0.047765 0.031725
0 0.706753 0.311872 0.041667 0.028262