0 0.655528 0.848903 0.066761 0.054621
0 0.757083 0.526449 0.069669 0.040053
0 0.393938 0.732738 0.072807 0.059723
0 0.740760 0.457599 0.056712 0.043883
0 0.800518 0.687114 0.057790 0.044640
0 0.661499 0.906018 0.061371 0.052607
0 0.784297 0.602733 0.061209 0.045156
0 0.388296 0.675739 0.069259 0.051712
0 0.772413 0.563715 0.060887 0.044917
0 0.821342 0.791902 0.075409 0.052640
0 0.750812 0.491289 0.063301 0.039845
0 0.708423 0.322278 0.047157 0.036332
0 0.816187 0.740504 0.060827 0.051549
0 0.733427 0.423504 0.056130 0.041537
0 0.786748 0.645652 0.067017 0.049655
0 0.638925 0.737174 0.060938 0.050157
0 0.572974 0.840989 0.064547 0.058425
0 0.637754 0.690189 0.060070 0.051186
0 0.585250 0.973937 0.089312 0.046828
0 0.626746 0.559809 0.063188 0.047001
0 0.723783 0.367609 0.053603 0.039421
0 0.834975 0.838944 0.070173 0.061660
0 0.852739 0.912438 0.075760 0.060326
0 0.558647 0.733575 0.067700 0.049022
0 0.730157 0.396977 0.058665 0.036656
0 0.460928 0.522140 0.045830 0.057111
0 0.642906 0.786656 0.057455 0.049769
0 0.862716 0.974666 0.086558 0.045948
0 0.562398 0.780207 0.072676 0.051858
0 0.684760 0.227887 0.038991 0.040920
0 0.632280 0.642796 0.065036 0.051857
0 0.388579 0.788105 0.054494 0.047083
0 0.396446 0.625452 0.059243 0.045388
0 0.584861 0.912260 0.069497 0.053819
0 0.558815 0.680399 0.052822 0.048622
0 0.394832 0.851813 0.078459 0.052584
0 0.395249 0.589518 0.064269 0.048828
0 0.556757 0.598282 0.061765 0.041316
0 0.668603 0.983899 0.060096 0.028796
0 0.621444 0.523162 0.059261 0.043820
0 0.615602 0.485602 0.057592 0.046324