0 0.386477 0.729674 0.069742 0.056445
0 0.390229 0.586680 0.070838 0.052130
0 0.387841 0.677598 0.050432 0.046460
0 0.586671 0.900554 0.083736 0.059921
0 0.599423 0.965975 0.083273 0.063060
0 0.782483 0.604844 0.067713 0.044423
0 0.550492 0.539836 0.062589 0.045529
0 0.770122 0.558828 0.070734 0.040031
0 0.561409 0.590019 0.050794 0.035307
0 0.571055 0.734173 0.069896 0.052682
0 0.735595 0.438393 0.062902 0.037728
0 0.723939 0.396442 0.060894 0.042838
0 0.381397 0.544060 0.049460 0.039818
0 0.839729 0.880974 0.071744 0.048306
0 0.564001 0.632360 0.063972 0.050785
0 0.607958 0.471180 0.056153 0.042488
0 0.790900 0.646958 0.065802 0.045608
0 0.401170 0.507338 0.059283 0.041964
0 0.754754 0.520032 0.066414 0.047576
0 0.564733 0.677013 0.074193 0.051623
0 0.577571 0.837237 0.075226 0.051687
0 0.546605 0.499801 0.053146 0.047975
0 0.619893 0.512035 0.062444 0.043079
0 0.571093 0.786879 0.063144 0.050420
0 0.826406 0.818228 0.083425 0.051691
0 0.604173 0.320104 0.046924 0.035040
0 0.805391 0.693018 0.058622 0.047158
0 0.386093 0.630049 0.065139 0.054046
0 0.549192 0.399997 0.056320 0.035388
0 0.713166 0.318030 0.039412 0.038420
0 0.547916 0.431411 0.049401 0.035599
0 0.617583 0.559395 0.056969 0.046173
0 0.400163 0.467092 0.062375 0.038804
0 0.694545 0.247303 0.051586 0.028806
0 0.744145 0.478003 0.055869 0.045037
0 0.544948 0.367531 0.050949 0.035628
0 0.727683 0.368299 0.054389 0.034052
0 0.861571 0.947472 0.073132 0.053599
0 0.608450 0.433946 0.049865 0.038405
0 0.544351 0.467477 0.053253 0.042086
0 0.707272 0.289434 0.054217 0.039127
0 0.698141 0.267812 0.049059 0.036192
0 0.409438 0.434270 0.062600 0.043820
0 0.402344 0.387946 0.060096 0.041316
0 0.413194 0.353516 0.041733 0.037560
0 0.393997 0.787335 0.061765 0.056340
0 0.388154 0.852439 0.086806 0.053836
0 0.386902 0.911283 0.064269 0.053836
0 0.629374 0.602038 0.063435 0.043820
0 0.640642 0.645858 0.065939 0.048828
0 0.638138 0.694060 0.055923 0.045072
0 0.648154 0.739759 0.060931 0.048828
0 0.642728 0.787961 0.058427 0.047576
0 0.657335 0.844301 0.060931 0.055088
0 0.666934 0.899389 0.061765 0.050080
0 0.675698 0.973783 0.059261 0.051132
0 0.607672 0.409856 0.053419 0.037560
0 0.606420 0.381686 0.054253 0.036308
0 0.601830 0.352890 0.051749 0.036308
0 0.600160 0.294045 0.040064 0.031300
0 0.596404 0.269005 0.039229 0.033804
0 0.815087 0.763547 0.062600 0.051332