0 0.385898 0.732005 0.071458 0.050755
0 0.868234 0.965462 0.088056 0.061615
0 0.820972 0.742132 0.077674 0.051217
0 0.410814 0.580570 0.061359 0.049772
0 0.573158 0.789079 0.077982 0.054121
0 0.385966 0.782077 0.071584 0.056992
0 0.415215 0.467812 0.060664 0.047695
0 0.409596 0.379788 0.058151 0.045671
0 0.867313 0.901260 0.096476 0.062077
0 0.852763 0.844284 0.086558 0.055625
0 0.597982 0.901969 0.074644 0.060605
0 0.788902 0.646042 0.076476 0.049115
0 0.398249 0.921051 0.086923 0.061048
0 0.596749 0.969199 0.086484 0.058646
0 0.395664 0.630345 0.067500 0.048333
0 0.396749 0.854831 0.062491 0.058568
0 0.802676 0.692165 0.075951 0.051191
0 0.391582 0.678496 0.066332 0.052826
0 0.661751 0.847148 0.065803 0.056523
0 0.540280 0.449808 0.051367 0.041152
0 0.544722 0.486279 0.056892 0.040605
0 0.653568 0.786510 0.070608 0.053307
0 0.770276 0.560225 0.069388 0.045866
0 0.615193 0.515251 0.060612 0.045723
0 0.741929 0.453252 0.065699 0.043522
0 0.781968 0.602074 0.069596 0.048809
0 0.839894 0.789261 0.078416 0.051100
0 0.620187 0.556113 0.059444 0.044036
0 0.646285 0.732510 0.062839 0.051999
0 0.683518 0.971090 0.076680 0.057819
0 0.569497 0.732835 0.074123 0.056439
0 0.415410 0.510749 0.060386 0.042187
0 0.566803 0.677822 0.067131 0.050358
0 0.608316 0.473210 0.055234 0.045313
0 0.634566 0.638923 0.068281 0.049368
0 0.604993 0.439036 0.055386 0.041432
0 0.577181 0.839212 0.069596 0.056302
0 0.629060 0.596950 0.054605 0.047402
0 0.698203 0.264714 0.052188 0.034857
0 0.557378 0.557627 0.062326 0.044616
0 0.638433 0.683815 0.058576 0.047044
0 0.676649 0.908955 0.060165 0.055866
0 0.561233 0.601670 0.057474 0.047012
0 0.732899 0.420664 0.051849 0.035716
0 0.608763 0.325479 0.047361 0.035111
0 0.552092 0.518109 0.048047 0.040788
0 0.697272 0.292399 0.052834 0.036387
0 0.761452 0.521077 0.066211 0.042819
0 0.709479 0.316947 0.047127 0.032826
0 0.605371 0.379290 0.052296 0.040768
0 0.722517 0.371025 0.056484 0.033978
0 0.608741 0.351462 0.049444 0.038848
0 0.602669 0.407920 0.057422 0.039902
0 0.728138 0.394635 0.046615 0.036250
0 0.413220 0.542669 0.050512 0.039596
0 0.714861 0.343086 0.047188 0.036081
0 0.401988 0.977467 0.067439 0.043633
0 0.752437 0.487308 0.059466 0.042754