0 0.376777 0.778118 0.076966 0.055859
0 0.792220 0.646305 0.070968 0.047819
0 0.377693 0.669007 0.072235 0.052624
0 0.372606 0.912637 0.082253 0.059154
0 0.838850 0.839788 0.069523 0.049017
0 0.548594 0.537839 0.059314 0.044167
0 0.368294 0.840719 0.088594 0.069069
0 0.382107 0.583480 0.065707 0.046569
0 0.557077 0.672962 0.068581 0.049479
0 0.404902 0.370003 0.058225 0.045605
0 0.380293 0.715830 0.058069 0.051777
0 0.554303 0.580156 0.061723 0.042943
0 0.387524 0.431781 0.061185 0.043444
0 0.823704 0.781595 0.076697 0.050911
0 0.780204 0.602656 0.066406 0.047057
0 0.629976 0.638424 0.056688 0.044049
0 0.586296 0.971136 0.086089 0.055632
0 0.554776 0.622383 0.068390 0.045977
0 0.617834 0.556071 0.060356 0.047884
0 0.380766 0.625068 0.051862 0.045137
0 0.538828 0.463861 0.050955 0.041211
0 0.727094 0.408717 0.055135 0.042201
0 0.881252 0.964951 0.090707 0.060671
0 0.745211 0.475241 0.062747 0.042187
0 0.632897 0.684854 0.065230 0.049733
0 0.571159 0.786478 0.076580 0.052266
0 0.768635 0.560085 0.065499 0.054896
0 0.599375 0.355505 0.052648 0.033678
0 0.651793 0.787939 0.062682 0.053717
0 0.854475 0.894821 0.065148 0.050996
0 0.627689 0.597865 0.057643 0.043229
0 0.387496 0.542383 0.064453 0.045885
0 0.603980 0.478555 0.062691 0.044362
0 0.658342 0.844668 0.077378 0.056471
0 0.580187 0.901852 0.070729 0.058952
0 0.667639 0.975186 0.061606 0.047975
0 0.573045 0.838838 0.071159 0.055189
0 0.633772 0.253558 0.019306 0.040046
0 0.641591 0.735127 0.055751 0.049277
0 0.710076 0.322386 0.052635 0.033561
0 0.384568 0.468421 0.057678 0.041022
0 0.666157 0.902819 0.061914 0.055078
0 0.756217 0.514105 0.059240 0.042871
0 0.736747 0.440146 0.047140 0.039564
0 0.792704 0.693158 0.066806 0.049870
0 0.565152 0.723900 0.057483 0.052461
0 0.602231 0.383613 0.049080 0.036250
0 0.683670 0.230964 0.049779 0.030690
0 0.613075 0.518760 0.056784 0.043353
0 0.382615 0.502122 0.059049 0.043971
0 0.548392 0.501934 0.048607 0.039961
0 0.542010 0.366715 0.040781 0.037220
0 0.606148 0.413610 0.053798 0.038809
0 0.806599 0.734362 0.060603 0.048815
0 0.717639 0.350514 0.057196 0.036055
0 0.539421 0.428288 0.060395 0.042878
0 0.696877 0.285749 0.042452 0.038034
0 0.604405 0.443740 0.051450 0.042923
0 0.689123 0.254635 0.050720 0.036810
0 0.543961 0.397337 0.055881 0.037552
0 0.727170 0.380111 0.044896 0.038112