0 0.382697 0.778659 0.074727 0.059141
0 0.567478 0.842523 0.082240 0.058626
0 0.377904 0.719629 0.081042 0.063503
0 0.376612 0.662721 0.073624 0.057526
0 0.576777 0.967972 0.088251 0.057324
0 0.380760 0.611344 0.066102 0.049316
0 0.386654 0.568203 0.066033 0.048034
0 0.576094 0.901227 0.076753 0.059512
0 0.630703 0.634902 0.071536 0.052617
0 0.663882 0.903346 0.061949 0.054922
0 0.802172 0.732773 0.082027 0.054401
0 0.621365 0.552109 0.055812 0.046289
0 0.647420 0.778538 0.070447 0.055228
0 0.275994 0.542197 0.047205 0.106634
0 0.617895 0.511921 0.058342 0.046914
0 0.763344 0.555560 0.072461 0.045651
0 0.833375 0.839248 0.081194 0.057962
0 0.639631 0.681364 0.060764 0.048848
0 0.860317 0.969518 0.084549 0.054479
0 0.562125 0.730130 0.075169 0.055807
0 0.380471 0.911855 0.076740 0.066497
0 0.642131 0.727523 0.073056 0.054043
0 0.754811 0.514766 0.064110 0.046888
0 0.798670 0.684642 0.069857 0.050482
0 0.556632 0.677155 0.056727 0.052292
0 0.580688 0.234648 0.043954 0.036680
0 0.380796 0.836442 0.082114 0.064277
0 0.789672 0.636462 0.076541 0.053509
0 0.670469 0.972070 0.075512 0.050143
0 0.563338 0.782572 0.075859 0.056771
0 0.553062 0.588737 0.051289 0.049492
0 0.845514 0.897536 0.072704 0.059720
0 0.716832 0.364069 0.058012 0.036602
0 0.625755 0.592438 0.052491 0.043639
0 0.392250 0.438314 0.062426 0.047083
0 0.539364 0.476937 0.053911 0.040918
0 0.546829 0.512852 0.058728 0.041875
0 0.824594 0.783379 0.067773 0.053880
0 0.768861 0.595550 0.072626 0.048939
0 0.551669 0.549512 0.055395 0.043151
0 0.597029 0.373730 0.054353 0.041198
0 0.708911 0.335449 0.052344 0.035859
0 0.739544 0.451136 0.060582 0.038457
0 0.705310 0.311058 0.054570 0.034772
0 0.729724 0.420195 0.054414 0.035885
0 0.724104 0.392767 0.057279 0.034505
0 0.412910 0.363636 0.043598 0.039212
0 0.653711 0.835443 0.069870 0.061003
0 0.554288 0.633880 0.069375 0.050117
0 0.610434 0.441296 0.055434 0.041654
0 0.616146 0.478044 0.056884 0.042064
0 0.744731 0.481348 0.056554 0.040573
0 0.604831 0.407458 0.052318 0.039915