0 0.398045 0.693148 0.068305 0.054723
0 0.754694 0.534786 0.053516 0.044124
0 0.764714 0.581655 0.064844 0.045729
0 0.816605 0.718729 0.074105 0.047377
0 0.780653 0.621164 0.061300 0.052195
0 0.793108 0.667965 0.055231 0.043626
0 0.824469 0.765329 0.077816 0.048675
0 0.638547 0.709246 0.065773 0.047186
0 0.682587 0.238760 0.045615 0.032207
0 0.401455 0.935275 0.083703 0.061515
0 0.632275 0.657176 0.057079 0.044719
0 0.716930 0.369999 0.053011 0.041823
0 0.392916 0.556097 0.065277 0.046189
0 0.734256 0.431921 0.050421 0.039299
0 0.403593 0.748519 0.064613 0.052344
0 0.726151 0.403587 0.056407 0.039545
0 0.692213 0.261295 0.052260 0.033297
0 0.392335 0.632354 0.064135 0.054644
0 0.756498 0.501251 0.056248 0.050081
0 0.538343 0.426163 0.049581 0.037251
0 0.403517 0.415119 0.058327 0.038935
0 0.619668 0.611235 0.061566 0.052436
0 0.709160 0.312933 0.050581 0.037621
0 0.414132 0.868323 0.061189 0.052030
0 0.391818 0.590971 0.055955 0.044641
0 0.561924 0.650783 0.071629 0.047220
0 0.601559 0.491085 0.055355 0.038856
0 0.646035 0.762708 0.059410 0.051620
0 0.755617 0.468261 0.047994 0.038439
0 0.834438 0.820771 0.069962 0.051551
0 0.878980 0.948990 0.090980 0.056250
0 0.410793 0.808418 0.077439 0.051821
0 0.390142 0.505724 0.065214 0.051383
0 0.718352 0.344148 0.059090 0.036353
0 0.602672 0.529461 0.055281 0.046189
0 0.850395 0.876876 0.071480 0.048345
0 0.576387 0.883843 0.075914 0.052316
0 0.575229 0.820426 0.069809 0.049300
0 0.536537 0.394743 0.053321 0.039110
0 0.618097 0.572907 0.059369 0.042831
0 0.603875 0.459936 0.049328 0.047576
0 0.653740 0.825823 0.062255 0.048244
0 0.705405 0.288786 0.048257 0.038309
0 0.537731 0.492437 0.050737 0.040374
0 0.601759 0.254522 0.049319 0.037118
0 0.588814 0.363712 0.053941 0.043333
0 0.544379 0.572957 0.048685 0.042888
0 0.569155 0.707217 0.052122 0.046777
0 0.599718 0.428167 0.044288 0.038498
0 0.590938 0.955719 0.084785 0.056759
0 0.594632 0.397036 0.048096 0.033577
0 0.533755 0.535452 0.053137 0.045197
0 0.604265 0.336762 0.045433 0.036003
0 0.656617 0.887205 0.073779 0.054719
0 0.392239 0.472986 0.045251 0.044011
0 0.666548 0.948951 0.059892 0.047405
0 0.603359 0.310668 0.053699 0.035615
0 0.392745 0.444286 0.045907 0.038812
0 0.570112 0.764173 0.068443 0.052584
0 0.601830 0.282777 0.036725 0.031300