0 0.402793 0.790667 0.075291 0.056868
0 0.401148 0.923197 0.065638 0.061055
0 0.571250 0.733447 0.068854 0.048926
0 0.580306 0.853571 0.072383 0.056530
0 0.653003 0.784137 0.074375 0.055814
0 0.578327 0.913818 0.070273 0.058327
0 0.406756 0.854860 0.070508 0.056751
0 0.658071 0.904046 0.062339 0.055749
0 0.637296 0.676947 0.064887 0.050130
0 0.853411 0.900902 0.072604 0.052728
0 0.573220 0.787451 0.063030 0.055293
0 0.658722 0.845384 0.057530 0.048737
0 0.806189 0.675345 0.069835 0.049792
0 0.607279 0.501901 0.061892 0.042773
0 0.816925 0.724674 0.068537 0.050065
0 0.831895 0.779687 0.079727 0.057201
0 0.845007 0.840182 0.066306 0.054023
0 0.647222 0.728532 0.060477 0.049772
0 0.593025 0.974502 0.080833 0.048418
0 0.873518 0.966559 0.085742 0.060566
0 0.615137 0.543805 0.057990 0.046777
0 0.679091 0.972275 0.075942 0.052975
0 0.625649 0.592308 0.058433 0.047533
0 0.780801 0.536722 0.059692 0.046673
0 0.790766 0.583473 0.057852 0.045410
0 0.804490 0.630915 0.060213 0.047949
0 0.532598 0.379694 0.054970 0.043307
0 0.691131 0.240749 0.040673 0.037240
0 0.597806 0.328737 0.054961 0.051094