0 0.378157 0.790369 0.067660 0.051743
0 0.386212 0.727103 0.074423 0.056659
0 0.825912 0.791750 0.081910 0.056696
0 0.566003 0.790440 0.078832 0.056037
0 0.389577 0.549229 0.062936 0.045122
0 0.392304 0.674256 0.070331 0.054149
0 0.790172 0.643835 0.075285 0.048173
0 0.632973 0.683057 0.068887 0.053323
0 0.387402 0.507718 0.064941 0.044334
0 0.572199 0.842795 0.071766 0.054140
0 0.588743 0.174924 0.034907 0.035554
0 0.554196 0.733550 0.057784 0.051176
0 0.768759 0.562523 0.065118 0.043175
0 0.818385 0.741524 0.064025 0.055496
0 0.778796 0.600885 0.067645 0.050592
0 0.799272 0.688425 0.071437 0.059648
0 0.555159 0.678508 0.066816 0.047295
0 0.647775 0.787880 0.064154 0.059473
0 0.291637 0.624858 0.030293 0.064108
0 0.653646 0.847463 0.079275 0.057873
0 0.619610 0.442775 0.055622 0.044055
0 0.552311 0.547194 0.065824 0.048900
0 0.713004 0.364341 0.060694 0.043649
0 0.843049 0.846826 0.088476 0.060053
0 0.386993 0.848047 0.068164 0.057286
0 0.635738 0.732256 0.068963 0.054453
0 0.390537 0.627451 0.055094 0.049294
0 0.634144 0.636103 0.048993 0.044124
0 0.571673 0.903788 0.078241 0.058878
0 0.541783 0.411616 0.062818 0.048139
0 0.660815 0.907311 0.071023 0.052262
0 0.622654 0.597615 0.063520 0.049997
0 0.701374 0.293320 0.050875 0.036948
0 0.556529 0.632905 0.061486 0.050730
0 0.553874 0.589296 0.062507 0.049515
0 0.743169 0.488220 0.053979 0.038585
0 0.546421 0.510118 0.058911 0.048330
0 0.387759 0.462395 0.063851 0.056727
0 0.387778 0.590056 0.051701 0.046704
0 0.757573 0.527718 0.059107 0.045421
0 0.613395 0.476007 0.060358 0.038911
0 0.544391 0.478886 0.054261 0.040746
0 0.698293 0.268279 0.050796 0.034856
0 0.688218 0.227689 0.050915 0.028796
0 0.613737 0.509710 0.064659 0.041956
0 0.607271 0.404830 0.064238 0.042533
0 0.621949 0.550362 0.056583 0.052021
0 0.543109 0.444503 0.046084 0.041318
0 0.389142 0.911036 0.087910 0.069919
0 0.594353 0.974196 0.080842 0.047601
0 0.722506 0.396394 0.056369 0.036686
0 0.398007 0.412631 0.057875 0.052268
0 0.849726 0.912535 0.078459 0.048828
0 0.599756 0.374723 0.057131 0.036839
0 0.388572 0.972005 0.070947 0.052584
0 0.682375 0.974409 0.077624 0.049880
0 0.694478 0.246469 0.043403 0.026292
0 0.732455 0.426758 0.055923 0.036308
0 0.740385 0.456806 0.046741 0.033804
0 0.863916 0.974409 0.076790 0.049880