0 0.392827 0.784574 0.074766 0.056471
0 0.383889 0.843285 0.080636 0.056937
0 0.804563 0.690029 0.075302 0.049529
0 0.390682 0.911713 0.079987 0.063266
0 0.831530 0.793172 0.076457 0.052991
0 0.819164 0.739087 0.064076 0.047667
0 0.400657 0.391207 0.058538 0.044318
0 0.586594 0.855176 0.072205 0.054302
0 0.399285 0.635524 0.067884 0.048191
0 0.398796 0.555731 0.066521 0.043245
0 0.401084 0.733754 0.057873 0.048306
0 0.396860 0.593436 0.050301 0.038205
0 0.598992 0.975767 0.082464 0.042579
0 0.846597 0.845873 0.062184 0.049441
0 0.747339 0.470448 0.065658 0.039071
0 0.857713 0.912425 0.070832 0.059065
0 0.788795 0.638972 0.061765 0.045072
0 0.612278 0.557220 0.059640 0.042137
0 0.700370 0.314046 0.049981 0.036246
0 0.552819 0.631688 0.063905 0.047120
0 0.604006 0.310528 0.037460 0.036558
0 0.392103 0.683102 0.067623 0.053423
0 0.396204 0.434937 0.042738 0.040663
0 0.583341 0.172602 0.040185 0.027932
0 0.689803 0.232552 0.049113 0.034714
0 0.636816 0.744582 0.058567 0.050962
0 0.570405 0.729123 0.058692 0.048210
0 0.753303 0.508035 0.067646 0.041110
0 0.526474 0.403901 0.055182 0.041079
0 0.695415 0.263911 0.049098 0.034316
0 0.543414 0.591622 0.061788 0.047125
0 0.396951 0.511525 0.067543 0.040578
0 0.587853 0.911036 0.076708 0.058670
0 0.671100 0.913294 0.069626 0.054549
0 0.778362 0.588266 0.072616 0.046324
0 0.557849 0.678559 0.058941 0.051036
0 0.589678 0.380253 0.058038 0.042110
0 0.878186 0.973733 0.074959 0.048528
0 0.578093 0.787216 0.060828 0.054074
0 0.770566 0.546878 0.068709 0.041460
0 0.624494 0.644842 0.069822 0.051767
0 0.630379 0.689754 0.066261 0.048055
0 0.397336 0.472456 0.058427 0.042568
0 0.687383 0.977539 0.080963 0.043620
0 0.666516 0.856195 0.074286 0.053836
0 0.648571 0.797977 0.061765 0.052584
0 0.616854 0.600786 0.056757 0.043820
0 0.539647 0.548828 0.054253 0.040064
0 0.545907 0.510016 0.060096 0.040064
0 0.610176 0.520658 0.055088 0.041316
0 0.603499 0.482472 0.053419 0.042568
0 0.540064 0.474334 0.048411 0.036308
0 0.538812 0.440530 0.052584 0.038812
0 0.597239 0.447416 0.045907 0.040064
0 0.606838 0.416742 0.053419 0.038812
0 0.602664 0.357898 0.036725 0.033804
0 0.697399 0.288411 0.052584 0.030048
0 0.720770 0.361028 0.055923 0.047576
0 0.723691 0.398588 0.058427 0.040064
0 0.729951 0.431766 0.054253 0.038812