0 0.564431 0.784619 0.070608 0.054655
0 0.791144 0.677923 0.076497 0.050039
0 0.389616 0.784912 0.069683 0.055579
0 0.398418 0.630775 0.067687 0.049427
0 0.834375 0.831042 0.071832 0.057539
0 0.658991 0.891794 0.076576 0.056152
0 0.396595 0.677067 0.072079 0.055671
0 0.392732 0.727783 0.056845 0.055254
0 0.628331 0.676195 0.075030 0.059264
0 0.564759 0.726071 0.061853 0.052259
0 0.400716 0.585674 0.069852 0.054434
0 0.730349 0.388743 0.048494 0.038073
0 0.550582 0.630339 0.063802 0.049336
0 0.648605 0.831849 0.077669 0.064766
0 0.805846 0.724824 0.060243 0.049544
0 0.570206 0.839206 0.074475 0.055885
0 0.846480 0.895798 0.072222 0.054941
0 0.583704 0.953900 0.087296 0.062852
0 0.762487 0.553320 0.064852 0.048633
0 0.355516 0.923076 0.090582 0.070098
0 0.390725 0.844395 0.083420 0.061628
0 0.415247 0.376214 0.059462 0.047415
0 0.744180 0.479541 0.060972 0.044863
0 0.811977 0.777493 0.070534 0.053789
0 0.406860 0.544837 0.064562 0.046745
0 0.608225 0.474821 0.055408 0.045345
0 0.623717 0.629404 0.058598 0.044408
0 0.620184 0.587171 0.059857 0.046908
0 0.608012 0.508890 0.049905 0.041270
0 0.551667 0.677214 0.068281 0.053294
0 0.641797 0.778408 0.057031 0.047194
0 0.861519 0.962487 0.075616 0.058190
0 0.778774 0.630407 0.080247 0.054603
0 0.709373 0.337529 0.051359 0.036829
0 0.549503 0.552096 0.061150 0.046484
0 0.670627 0.961191 0.074136 0.064596
0 0.689353 0.240273 0.041441 0.037682
0 0.736667 0.446035 0.055382 0.040495
0 0.404136 0.504661 0.062743 0.046016
0 0.614520 0.548730 0.057539 0.041589