0 0.589878 0.971592 0.088655 0.049993
0 0.395688 0.789762 0.065490 0.050410
0 0.577862 0.842887 0.073598 0.058105
0 0.551411 0.579889 0.065590 0.045977
0 0.666634 0.900452 0.061975 0.053757
0 0.396593 0.621807 0.075660 0.058991
0 0.681217 0.965413 0.075838 0.056165
0 0.397539 0.725739 0.076710 0.053939
0 0.587489 0.382803 0.052391 0.036738
0 0.660002 0.841836 0.076836 0.056654
0 0.400267 0.575003 0.067964 0.047116
0 0.396879 0.674818 0.074575 0.056406
0 0.772431 0.597002 0.068594 0.047363
0 0.541378 0.498034 0.053372 0.042852
0 0.629757 0.640130 0.052569 0.042096
0 0.402083 0.534072 0.057951 0.044616
0 0.559651 0.674154 0.068607 0.050039
0 0.639299 0.731045 0.073225 0.054017
0 0.635933 0.682549 0.055017 0.051100
0 0.804768 0.733574 0.068251 0.050326
0 0.647515 0.786419 0.065681 0.052591
0 0.614327 0.556956 0.063464 0.046673
0 0.621977 0.597292 0.059266 0.048411
0 0.761868 0.554834 0.067235 0.049772
0 0.527630 0.386312 0.056050 0.040814
0 0.575330 0.785094 0.070981 0.053444
0 0.738340 0.453818 0.057730 0.040957
0 0.387333 0.846090 0.083711 0.061217
0 0.837472 0.837207 0.086593 0.059792
0 0.798641 0.681071 0.057813 0.049811
0 0.579169 0.901732 0.073685 0.060247
0 0.537435 0.535342 0.048924 0.046973
0 0.849295 0.964528 0.084353 0.059772
0 0.597459 0.439801 0.057574 0.042480
0 0.782337 0.638571 0.066220 0.049134
0 0.604128 0.472972 0.054965 0.045280
0 0.843197 0.902132 0.074596 0.057897
0 0.604720 0.509951 0.058624 0.047845
0 0.538364 0.461094 0.052648 0.044753
0 0.593142 0.265114 0.049201 0.039772
0 0.812454 0.783398 0.064162 0.049531
0 0.749382 0.516676 0.060994 0.045905
0 0.559664 0.723620 0.073294 0.054635
0 0.535197 0.427777 0.053329 0.037637
0 0.603835 0.353809 0.057383 0.040195
0 0.733242 0.419430 0.053733 0.042467
0 0.384950 0.914821 0.087869 0.066152
0 0.691428 0.263558 0.053134 0.033210
0 0.598030 0.326644 0.051623 0.034577
0 0.407107 0.469548 0.056749 0.039720
0 0.714972 0.362207 0.053451 0.036250
0 0.722253 0.391390 0.055365 0.039577
0 0.703353 0.313678 0.050629 0.032591
0 0.596866 0.300221 0.041345 0.034062
0 0.697365 0.288669 0.042934 0.030723
0 0.686345 0.238978 0.038811 0.029167
0 0.709451 0.338294 0.049023 0.033190
0 0.580807 0.216143 0.045625 0.032025
0 0.585638 0.239251 0.045981 0.033880
0 0.402242 0.435645 0.049240 0.042409
0 0.402765 0.405993 0.047873 0.042389
0 0.677283 0.215049 0.039844 0.031517