0 0.201074 0.758255 0.044900 0.082682
0 0.383023 0.698346 0.075977 0.053607
0 0.797305 0.677383 0.077170 0.054531
0 0.543637 0.616312 0.065269 0.045801
0 0.381910 0.646982 0.066545 0.049316
0 0.548687 0.663063 0.071272 0.050905
0 0.400161 0.587871 0.065321 0.046549
0 0.577250 0.899827 0.071957 0.060840
0 0.541862 0.571797 0.061823 0.042604
0 0.780087 0.593861 0.068602 0.046198
0 0.611825 0.586263 0.062739 0.047591
0 0.570525 0.832480 0.074575 0.055846
0 0.642196 0.783503 0.074089 0.053997
0 0.559392 0.722253 0.076059 0.052096
0 0.565940 0.773148 0.065734 0.053197
0 0.786710 0.633464 0.056641 0.043333
0 0.399076 0.430798 0.055486 0.043835
0 0.652179 0.841393 0.069835 0.057826
0 0.401723 0.545283 0.061102 0.041842
0 0.836536 0.830977 0.081059 0.060247
0 0.383086 0.947282 0.087483 0.065319
0 0.824360 0.776077 0.081732 0.055827
0 0.809820 0.728685 0.074284 0.049375
0 0.844423 0.900488 0.073273 0.058424
0 0.639555 0.729294 0.061584 0.049941
0 0.605677 0.546507 0.060703 0.042897
0 0.579557 0.971615 0.089384 0.054062
0 0.743283 0.436143 0.059240 0.041582
0 0.399670 0.504896 0.046901 0.040781
0 0.664640 0.915687 0.079887 0.064616
0 0.625432 0.679880 0.065664 0.054303
0 0.603934 0.507969 0.054926 0.045104
0 0.858882 0.968630 0.078433 0.057637
0 0.401376 0.466774 0.046050 0.040540
0 0.732750 0.403698 0.050308 0.037044
0 0.537378 0.461758 0.059653 0.040456
0 0.763572 0.522926 0.065929 0.042402
0 0.769885 0.556351 0.052027 0.041191
0 0.607671 0.474814 0.057643 0.044004
0 0.594497 0.351117 0.052352 0.036296
0 0.535278 0.531660 0.060217 0.040990
0 0.603201 0.436947 0.056940 0.046471
0 0.410747 0.369984 0.058837 0.043353
0 0.717708 0.344600 0.057856 0.034850
0 0.701122 0.287513 0.047808 0.036107
0 0.710955 0.315645 0.049939 0.033906
0 0.409750 0.403184 0.058485 0.043242
0 0.665881 0.980368 0.066953 0.037376
0 0.594909 0.323437 0.041667 0.038229
0 0.721701 0.374840 0.053290 0.033965
0 0.697253 0.260153 0.051788 0.037311