0 0.386819 0.927497 0.077726 0.057754
0 0.384653 0.751221 0.078429 0.056816
0 0.390464 0.806084 0.060946 0.051777
0 0.638891 0.724801 0.052643 0.040801
0 0.589848 0.959382 0.084175 0.059766
0 0.875881 0.970186 0.085720 0.054408
0 0.818359 0.729229 0.073637 0.050202
0 0.634121 0.675309 0.065464 0.046100
0 0.865293 0.897002 0.088728 0.055840
0 0.650189 0.775101 0.065812 0.049655
0 0.661567 0.884997 0.074922 0.056973
0 0.564696 0.828229 0.071181 0.054844
0 0.841684 0.842487 0.083976 0.053047
0 0.378796 0.858861 0.063806 0.054922
0 0.809978 0.677406 0.076623 0.052324
0 0.577904 0.887197 0.071736 0.056986
0 0.656220 0.828411 0.064436 0.053398
0 0.671437 0.956732 0.062075 0.055260
0 0.581847 0.260817 0.049614 0.040501
0 0.599273 0.419176 0.057044 0.036595
0 0.690336 0.242884 0.039831 0.035091