0 0.642951 0.828727 0.073151 0.057467
0 0.813748 0.720866 0.074518 0.051393
0 0.653279 0.901237 0.075959 0.055130
0 0.849204 0.894961 0.071697 0.052943
0 0.799047 0.674932 0.057365 0.045918
0 0.629115 0.723975 0.067804 0.053717
0 0.390015 0.751898 0.072973 0.062259
0 0.823001 0.776390 0.073980 0.052454
0 0.828668 0.832070 0.062127 0.046341
0 0.636875 0.772074 0.056970 0.051673
0 0.563585 0.826322 0.071380 0.061068
0 0.558544 0.715690 0.068129 0.057096
0 0.787619 0.629798 0.070100 0.050378
0 0.391497 0.694274 0.069358 0.051113
0 0.388459 0.807734 0.077613 0.055052
0 0.773279 0.584121 0.071610 0.047435
0 0.548097 0.615954 0.062730 0.050762
0 0.562806 0.769492 0.065560 0.057930
0 0.698511 0.466585 0.058941 0.048730
0 0.571810 0.891423 0.071215 0.060306
0 0.665091 0.968525 0.082127 0.056387
0 0.864993 0.966136 0.076306 0.060098
0 0.616836 0.629229 0.059106 0.045684
0 0.758715 0.502406 0.066128 0.042246
0 0.576593 0.970358 0.083767 0.053789
0 0.623457 0.672301 0.065082 0.048965
0 0.765688 0.540612 0.066202 0.047253
0 0.551315 0.663327 0.070425 0.050482
0 0.397591 0.605436 0.074444 0.050456
0 0.722680 0.389541 0.057201 0.040957
0 0.615627 0.507406 0.061098 0.041921
0 0.420516 0.375153 0.057639 0.046009
0 0.384770 0.921113 0.081814 0.062057
0 0.601803 0.452152 0.055282 0.043978
0 0.613674 0.545586 0.068572 0.045221
0 0.393030 0.647985 0.052595 0.044720
0 0.607702 0.583962 0.052739 0.049980
0 0.597804 0.413910 0.058611 0.044629
0 0.690271 0.241439 0.042053 0.035911
0 0.378242 0.856963 0.062648 0.056009
0 0.595458 0.380508 0.045100 0.037435