0 0.213307 0.768506 0.048203 0.108717
0 0.388240 0.670036 0.071914 0.049850
0 0.404659 0.385895 0.058442 0.043978
0 0.257457 0.585052 0.034783 0.065807
0 0.396532 0.721361 0.068689 0.052474
0 0.548459 0.577874 0.061771 0.046452
0 0.391806 0.916504 0.085443 0.058906
0 0.393366 0.572139 0.060977 0.048118
0 0.392867 0.620342 0.064440 0.048600
0 0.392144 0.784984 0.074054 0.054577
0 0.850909 0.903402 0.071367 0.057051
0 0.621560 0.583304 0.069032 0.047624
0 0.826445 0.787135 0.076641 0.055807
0 0.546712 0.535765 0.054258 0.043079
0 0.588032 0.908900 0.075169 0.057552
0 0.875291 0.972611 0.083681 0.049323
0 0.813277 0.728161 0.070000 0.049525
0 0.594397 0.973083 0.075200 0.049121
0 0.625551 0.627493 0.063420 0.047630
0 0.393546 0.851172 0.081458 0.057318
0 0.635026 0.674564 0.069141 0.051810
0 0.767151 0.546410 0.060551 0.044004
0 0.558366 0.674102 0.070195 0.054102
0 0.651343 0.786260 0.069397 0.055098
0 0.403101 0.425286 0.052834 0.039688
0 0.583125 0.844730 0.074514 0.059655
0 0.572454 0.783997 0.068303 0.054635
0 0.644049 0.722689 0.060304 0.047826
0 0.553793 0.623994 0.058394 0.050853
0 0.660074 0.845570 0.065373 0.053483
0 0.573466 0.726328 0.071532 0.056276
0 0.588470 0.371374 0.052582 0.038112
0 0.791326 0.637731 0.064449 0.046230
0 0.396528 0.494163 0.061597 0.044746
0 0.392711 0.530677 0.066793 0.048190
0 0.537784 0.452790 0.056220 0.042806
0 0.618190 0.542090 0.060234 0.045091
0 0.718639 0.390052 0.056793 0.043711
0 0.603331 0.433454 0.056220 0.041686
0 0.742135 0.460195 0.065087 0.048125
0 0.683047 0.252520 0.038646 0.033047
0 0.544516 0.489870 0.062695 0.047604
0 0.402767 0.459388 0.045230 0.037552
0 0.672465 0.970348 0.062300 0.053262
0 0.754349 0.504365 0.060503 0.041504
0 0.583260 0.216029 0.042431 0.031107
0 0.806141 0.681849 0.068924 0.048216
0 0.781159 0.588457 0.067109 0.047930
0 0.611339 0.502201 0.055959 0.044753
0 0.595182 0.403568 0.056701 0.039128
0 0.600395 0.343268 0.052552 0.038411
0 0.601417 0.317253 0.052721 0.040208
0 0.587559 0.242080 0.045543 0.032988
0 0.660777 0.907578 0.057891 0.053216
0 0.527628 0.388805 0.043477 0.035254
0 0.693657 0.279434 0.042496 0.036966
0 0.702289 0.307767 0.042739 0.034987
0 0.536686 0.418548 0.044813 0.037279
0 0.599692 0.288656 0.051233 0.040228
0 0.709670 0.361380 0.048325 0.033346
0 0.709401 0.337227 0.050573 0.034297
0 0.609210 0.468770 0.046753 0.039648
0 0.729681 0.426937 0.048859 0.036882
0 0.657322 0.350361 0.025634 0.062546
0 0.589557 0.263542 0.039549 0.027487
0 0.734675 0.672331 0.083472 0.209767