0 0.410705 0.809022 0.077214 0.052914
0 0.403304 0.749941 0.064342 0.054224
0 0.682649 0.240602 0.044697 0.036356
0 0.734549 0.434038 0.048150 0.041405
0 0.766406 0.582402 0.068625 0.044414
0 0.537908 0.493338 0.051464 0.041816
0 0.537012 0.397755 0.055667 0.040721
0 0.391869 0.444528 0.044319 0.043336
0 0.404197 0.416704 0.059153 0.041526
0 0.605317 0.337641 0.050126 0.036513
0 0.390734 0.504568 0.066267 0.053018
0 0.601412 0.258241 0.052584 0.042813
0 0.588034 0.366382 0.052631 0.038254
0 0.414466 0.868586 0.061326 0.051881
0 0.707040 0.290072 0.051833 0.034240
0 0.564270 0.702925 0.070432 0.044956
0 0.416972 0.366354 0.054893 0.039083
0 0.780886 0.623517 0.060928 0.047290
0 0.603924 0.530719 0.056771 0.045864
0 0.714862 0.344752 0.054385 0.037560
0 0.399732 0.935398 0.080091 0.059858
0 0.602121 0.491011 0.055235 0.043639
0 0.755562 0.506286 0.064432 0.041866
0 0.793666 0.668256 0.057524 0.043282
0 0.757406 0.542363 0.058291 0.038921
0 0.570849 0.762287 0.069946 0.050124
0 0.653396 0.827180 0.065201 0.049339
0 0.638842 0.710939 0.067102 0.046731
0 0.603400 0.454579 0.049690 0.040067
0 0.611034 0.574087 0.055168 0.043111
0 0.574522 0.821915 0.071099 0.052542
0 0.752045 0.470017 0.050216 0.035750
0 0.656173 0.888505 0.074010 0.056232
0 0.596863 0.399243 0.049997 0.038754
0 0.399256 0.694535 0.069259 0.050580
0 0.878453 0.949872 0.090683 0.056497
0 0.823715 0.767100 0.077024 0.049990
0 0.399048 0.695199 0.069240 0.050900
0 0.633094 0.658445 0.057155 0.044666
0 0.645258 0.763024 0.059093 0.052914
0 0.393580 0.560096 0.064269 0.042568
0 0.602664 0.284029 0.038395 0.038812
0 0.600578 0.427384 0.044237 0.037560
0 0.707833 0.315330 0.050080 0.033804
0 0.714927 0.376052 0.052584 0.035056
0 0.817591 0.720353 0.075955 0.047576
0 0.835954 0.821139 0.069278 0.053836
0 0.850978 0.882487 0.070947 0.056340
0 0.620192 0.617688 0.061765 0.047576
0 0.667351 0.951973 0.060931 0.055088
0 0.563017 0.653370 0.070947 0.048828
0 0.577207 0.886869 0.074286 0.057592
0 0.590562 0.958859 0.085971 0.061348
0 0.392328 0.636468 0.065104 0.052584
0 0.391076 0.594526 0.050915 0.048828