0 0.816628 0.720768 0.075477 0.048996
0 0.654591 0.827633 0.062766 0.048500
0 0.878858 0.950010 0.090769 0.056064
0 0.575140 0.823619 0.071854 0.052238
0 0.410950 0.810033 0.076284 0.052332
0 0.604084 0.530879 0.055987 0.045376
0 0.571354 0.763482 0.068725 0.049352
0 0.656317 0.888792 0.073678 0.056298
0 0.645701 0.764159 0.056852 0.056283
0 0.638510 0.709903 0.066542 0.046913
0 0.754295 0.536815 0.053079 0.043892
0 0.766424 0.583353 0.067690 0.042418
0 0.615269 0.574147 0.053270 0.042601
0 0.632183 0.658888 0.057043 0.046403
0 0.413399 0.870260 0.060793 0.052889
0 0.589727 0.961363 0.084302 0.061348
0 0.667351 0.955729 0.059261 0.055088
0 0.621027 0.616436 0.065104 0.045072
0 0.757078 0.506260 0.053419 0.042568
0 0.782535 0.625826 0.059261 0.043820
0 0.794221 0.672776 0.052584 0.050080
0 0.834285 0.824895 0.067608 0.056340
0 0.851396 0.883113 0.073451 0.057592