0 0.851819 0.897451 0.087865 0.057858
0 0.831992 0.834775 0.075990 0.050176
0 0.377057 0.680296 0.070729 0.051790
0 0.825467 0.772347 0.067730 0.047246
0 0.376428 0.631484 0.069913 0.050977
0 0.373707 0.729102 0.069974 0.053594
0 0.383531 0.587904 0.061576 0.044909
0 0.732227 0.432630 0.055816 0.038607
0 0.585844 0.843083 0.080551 0.057988
0 0.583327 0.674870 0.074787 0.050599
0 0.779073 0.581960 0.068477 0.043646
0 0.804086 0.674121 0.065109 0.045417
0 0.603865 0.968874 0.084319 0.056484
0 0.379779 0.794971 0.068602 0.051816
0 0.688494 0.972432 0.083064 0.049733
0 0.754985 0.499915 0.060898 0.044401
0 0.581834 0.727718 0.069683 0.049199
0 0.660901 0.736608 0.072166 0.052344
0 0.597830 0.903271 0.075208 0.058639
0 0.823533 0.721842 0.060807 0.045586
0 0.530295 0.377236 0.047431 0.036895
0 0.588435 0.780342 0.083832 0.061204
0 0.628409 0.554121 0.058277 0.043906
0 0.679716 0.900433 0.070221 0.057871
0 0.742624 0.466706 0.058720 0.039492
0 0.790063 0.622975 0.073919 0.049154
0 0.636903 0.596738 0.061636 0.046133
0 0.373895 0.860251 0.062964 0.057064
0 0.698967 0.291745 0.043203 0.036940
0 0.648342 0.641100 0.063385 0.048385
0 0.660543 0.841126 0.058472 0.051003
0 0.766469 0.538926 0.057027 0.044232
0 0.658012 0.686312 0.060399 0.047624
0 0.667161 0.788096 0.061571 0.053340
0 0.623283 0.512894 0.054970 0.045553
0 0.877255 0.966650 0.068754 0.057246
0 0.624816 0.478011 0.045994 0.037806