0 0.812407 0.784089 0.068668 0.051159
0 0.829687 0.840374 0.079167 0.052090
0 0.392708 0.833464 0.069983 0.054023
0 0.395106 0.661025 0.070846 0.058223
0 0.654852 0.781725 0.077457 0.053112
0 0.395117 0.772357 0.071554 0.057201
0 0.395996 0.714072 0.053190 0.049290
0 0.654260 0.845697 0.077400 0.061107
0 0.597012 0.326536 0.039735 0.038542
0 0.403685 0.491826 0.058194 0.043874
0 0.400397 0.575153 0.064813 0.046895
0 0.642802 0.720397 0.072982 0.052383
0 0.765653 0.553812 0.067244 0.046816
0 0.583240 0.967910 0.085647 0.057630
0 0.801070 0.684235 0.069093 0.049368
0 0.660328 0.900355 0.063303 0.056243
0 0.404785 0.377227 0.058494 0.045039
0 0.316701 0.893369 0.083125 0.056165
0 0.572396 0.900798 0.075651 0.060736
0 0.777426 0.594287 0.073203 0.044772
0 0.399297 0.618099 0.068064 0.046992
0 0.582778 0.365479 0.054844 0.044316
0 0.813153 0.728945 0.062739 0.052266
0 0.740211 0.451107 0.060890 0.046432
0 0.531031 0.427005 0.060004 0.047318
0 0.569028 0.832780 0.077587 0.056628
0 0.589605 0.231706 0.047509 0.036354
0 0.397806 0.532660 0.049067 0.044460
0 0.637656 0.670537 0.070061 0.052311
0 0.793153 0.635547 0.075291 0.055091
0 0.405109 0.453766 0.049601 0.040436
0 0.844000 0.905049 0.074423 0.056842
0 0.624206 0.577712 0.057535 0.046296
0 0.613047 0.537419 0.055530 0.041725
0 0.574386 0.769258 0.084180 0.061172
0 0.558110 0.667035 0.071931 0.050475
0 0.585189 0.195602 0.040525 0.030996
0 0.524392 0.389508 0.052335 0.042611
0 0.859071 0.959460 0.068238 0.056576
0 0.404490 0.417321 0.043199 0.038822
0 0.667500 0.967871 0.061832 0.052878
0 0.545204 0.539795 0.057292 0.043366
0 0.554727 0.623405 0.066753 0.047708
0 0.552526 0.579922 0.064384 0.046641
0 0.596382 0.433776 0.053633 0.042930
0 0.740558 0.488949 0.056836 0.042246
0 0.562209 0.715999 0.076128 0.059564
0 0.731194 0.418574 0.057092 0.039609
0 0.543939 0.501849 0.049770 0.042227
0 0.721929 0.390472 0.055543 0.036660
0 0.705601 0.310446 0.043034 0.033796
0 0.588993 0.402311 0.053637 0.041055
0 0.685061 0.239111 0.048724 0.036374
0 0.713848 0.341279 0.046159 0.035215
0 0.702289 0.284886 0.045647 0.035137