0 0.571393 0.900218 0.085104 0.058796
0 0.657695 0.835264 0.077639 0.060853
0 0.568344 0.776556 0.084397 0.060000
0 0.397365 0.579860 0.061276 0.049759
0 0.579032 0.967897 0.088733 0.057187
0 0.392954 0.725589 0.066593 0.052676
0 0.571912 0.834157 0.074527 0.053040
0 0.623431 0.591143 0.068954 0.045137
0 0.633014 0.676921 0.059084 0.045768
0 0.542639 0.473779 0.057951 0.043314
0 0.614006 0.509661 0.056806 0.045352
0 0.769922 0.592575 0.065278 0.042129
0 0.563859 0.725426 0.061293 0.048444
0 0.594112 0.382572 0.053806 0.040247
0 0.395438 0.786566 0.059193 0.054876
0 0.775979 0.631989 0.073581 0.049056
0 0.854998 0.964990 0.084457 0.059225
0 0.635050 0.725345 0.068268 0.048776
0 0.647982 0.780560 0.064141 0.051953
0 0.623665 0.630544 0.062721 0.048405
0 0.733932 0.446387 0.066163 0.041784
0 0.542648 0.585000 0.064314 0.047057
0 0.388414 0.848682 0.065569 0.052233
0 0.798709 0.727357 0.067747 0.052148
0 0.788309 0.674658 0.073077 0.048001
0 0.399240 0.624300 0.070226 0.047194
0 0.400625 0.540143 0.050052 0.043763
0 0.846150 0.894316 0.073889 0.054688
0 0.396576 0.669450 0.073993 0.064941
0 0.728151 0.413190 0.057839 0.039531
0 0.810820 0.774554 0.063655 0.048249
0 0.720293 0.384717 0.055586 0.035397
0 0.672407 0.965664 0.065126 0.055781
0 0.660640 0.898656 0.061037 0.051686
0 0.758598 0.513988 0.067222 0.050137
0 0.407101 0.470355 0.066163 0.046855
0 0.414857 0.374811 0.064800 0.048529
0 0.818362 0.828962 0.069779 0.048262
0 0.553898 0.627233 0.058689 0.041875
0 0.607582 0.473988 0.058932 0.041738
0 0.558075 0.671006 0.069414 0.052611
0 0.605768 0.439622 0.046146 0.041823
0 0.393309 0.910355 0.081923 0.066803
0 0.408056 0.436468 0.061380 0.043965
0 0.616957 0.546914 0.050964 0.040820
0 0.401100 0.507640 0.058381 0.041074
0 0.694460 0.260316 0.045916 0.030241
0 0.716228 0.358115 0.056311 0.032441
0 0.708598 0.328685 0.054071 0.043854
0 0.596131 0.351715 0.055734 0.040944
0 0.586532 0.279893 0.047873 0.035566
0 0.580964 0.255677 0.049288 0.033294
0 0.691085 0.236413 0.040330 0.029701
0 0.591586 0.325726 0.052235 0.036374
0 0.577582 0.232367 0.048967 0.033092
0 0.694191 0.285361 0.046237 0.033288
0 0.586361 0.301328 0.046567 0.033451