0 0.367820 0.713773 0.069167 0.051307
0 0.371524 0.766792 0.073578 0.059865
0 0.580986 0.279211 0.048100 0.035177
0 0.666988 0.828932 0.064745 0.050419
0 0.370386 0.657586 0.071281 0.051685
0 0.553832 0.651642 0.057369 0.047839
0 0.743374 0.466685 0.058319 0.047043
0 0.784622 0.625826 0.073451 0.048828
0 0.649486 0.769162 0.058960 0.051429
0 0.621166 0.601728 0.062679 0.044419
0 0.725596 0.402083 0.055152 0.043401
0 0.561006 0.831705 0.081012 0.059716
0 0.679137 0.892821 0.068380 0.052570
0 0.575098 0.252799 0.048347 0.034663
0 0.375634 0.835778 0.068443 0.054607
0 0.640183 0.719798 0.052483 0.042552
0 0.747626 0.500391 0.053017 0.036483
0 0.558425 0.765157 0.074985 0.052738
0 0.735383 0.434947 0.054700 0.036251
0 0.715132 0.339666 0.046317 0.037715
0 0.532656 0.428961 0.056965 0.046925
0 0.606644 0.534800 0.053696 0.045720
0 0.380945 0.525755 0.064084 0.041751
0 0.593425 0.424213 0.056686 0.039638
0 0.719748 0.370258 0.052452 0.036102
0 0.604328 0.494506 0.052536 0.044996
0 0.571150 0.154064 0.040257 0.028394
0 0.380683 0.564988 0.063452 0.051664
0 0.788443 0.668234 0.057462 0.041637
0 0.373828 0.610713 0.051692 0.046635
0 0.678196 0.183354 0.035997 0.030927
0 0.702147 0.288388 0.043718 0.035103
0 0.541176 0.486314 0.049525 0.037388
0 0.689692 0.242439 0.047966 0.029345
0 0.755268 0.537566 0.075471 0.042684
0 0.585394 0.360940 0.052899 0.034135
0 0.590766 0.332645 0.043512 0.030793
0 0.525702 0.362257 0.053748 0.038480
0 0.537070 0.394614 0.045760 0.037996
0 0.684745 0.209522 0.040322 0.028547
0 0.844348 0.876587 0.069271 0.059464
0 0.546012 0.563296 0.061390 0.044051
0 0.596611 0.393472 0.050377 0.036125
0 0.768825 0.572104 0.071905 0.043592
0 0.599929 0.456234 0.049460 0.033523
0 0.551720 0.604816 0.051799 0.044752
0 0.578005 0.888349 0.076570 0.060481
0 0.390241 0.421124 0.064269 0.040064
0 0.391076 0.386068 0.055923 0.032552
0 0.387320 0.356646 0.051749 0.036308
0 0.541316 0.522536 0.055923 0.045072
0 0.585971 0.965745 0.086806 0.055088
0 0.676950 0.971379 0.065104 0.048828
0 0.693643 0.265249 0.050080 0.033804
0 0.704494 0.315330 0.051749 0.031300
0 0.803402 0.722231 0.072616 0.048828
0 0.860994 0.772937 0.064269 0.050080
0 0.823017 0.823017 0.063435 0.052584
0 0.855569 0.961989 0.073451 0.060096
0 0.960320 0.869967 0.067608 0.116436