0 0.556421 0.727751 0.075143 0.051230
0 0.401063 0.631094 0.068602 0.054466
0 0.780977 0.632285 0.074479 0.049674
0 0.573802 0.839541 0.073767 0.053366
0 0.562713 0.780355 0.084792 0.061426
0 0.824444 0.779180 0.077569 0.055443
0 0.729082 0.410840 0.062001 0.041458
0 0.388559 0.781400 0.070582 0.052331
0 0.396115 0.681224 0.065061 0.049505
0 0.624776 0.632253 0.067860 0.049557
0 0.854362 0.963424 0.090877 0.059766
0 0.601289 0.442689 0.056979 0.041458
0 0.691398 0.967578 0.077161 0.056523
0 0.542791 0.629141 0.057118 0.044219
0 0.543103 0.506152 0.062014 0.042109
0 0.213327 0.741673 0.039258 0.077826
0 0.640512 0.725326 0.062483 0.047135
0 0.392728 0.844694 0.081541 0.057565
0 0.581191 0.960365 0.081706 0.059036
0 0.633689 0.676094 0.058976 0.046172
0 0.797044 0.679577 0.073958 0.052969
0 0.647253 0.779613 0.057031 0.050671
0 0.738713 0.445189 0.058911 0.042643
0 0.663485 0.898057 0.058550 0.048171
0 0.385658 0.728545 0.057721 0.052051
0 0.616675 0.545104 0.052491 0.043841
0 0.580061 0.898040 0.074965 0.059674
0 0.746847 0.479427 0.061289 0.038620
0 0.623283 0.587041 0.066055 0.047324
0 0.754674 0.510612 0.061953 0.044609
0 0.557990 0.675094 0.068620 0.045085
0 0.835167 0.835479 0.072565 0.054160
0 0.613815 0.509941 0.057439 0.045417
0 0.539822 0.582884 0.047925 0.042643
0 0.533019 0.407158 0.046055 0.037038
0 0.403531 0.433210 0.063954 0.050430
0 0.848173 0.894157 0.073490 0.059342
0 0.542339 0.542568 0.055530 0.042559
0 0.757580 0.550801 0.061549 0.046419
0 0.587945 0.280127 0.049822 0.038079
0 0.689696 0.258656 0.053689 0.036764
0 0.719325 0.382093 0.055343 0.036426
0 0.538069 0.439902 0.056632 0.039831
0 0.587040 0.305726 0.050651 0.043600
0 0.596476 0.409759 0.050122 0.038034
0 0.805195 0.725127 0.072786 0.052663
0 0.542552 0.474189 0.057604 0.037741
0 0.590590 0.350208 0.042231 0.035781
0 0.398207 0.543460 0.066016 0.051322
0 0.406146 0.506182 0.060894 0.043483
0 0.398216 0.471758 0.050972 0.041745
0 0.595352 0.377715 0.041832 0.036628
0 0.699386 0.307796 0.045951 0.033913
0 0.707383 0.330911 0.043437 0.034648
0 0.715141 0.358132 0.056463 0.031979
0 0.693850 0.284544 0.046137 0.031354
0 0.393859 0.908623 0.067422 0.059095
0 0.581836 0.254264 0.049219 0.034297