0 0.849167 0.894274 0.070990 0.052611
0 0.814735 0.719945 0.073021 0.052246
0 0.828466 0.831169 0.062062 0.045853
0 0.823103 0.775693 0.073802 0.052402
0 0.652984 0.901172 0.076532 0.054596
0 0.799006 0.674570 0.058715 0.045273
0 0.390239 0.751807 0.073845 0.061803
0 0.563626 0.826182 0.072313 0.056608
0 0.548288 0.616048 0.062999 0.050352
0 0.776070 0.584447 0.077018 0.049440
0 0.558396 0.715983 0.068598 0.054948
0 0.388787 0.807171 0.077713 0.054603
0 0.628991 0.723796 0.067166 0.053008
0 0.391039 0.694121 0.071029 0.053437
0 0.864727 0.965550 0.076259 0.058796
0 0.562437 0.769580 0.066133 0.056465
0 0.759238 0.502913 0.068407 0.042923
0 0.551645 0.663734 0.070964 0.052897
0 0.616246 0.507731 0.061111 0.042728
0 0.665447 0.968460 0.081519 0.055996
0 0.790569 0.631318 0.077318 0.051738
0 0.767370 0.539727 0.067969 0.046901
0 0.745434 0.465749 0.063038 0.045286
0 0.645794 0.829652 0.077752 0.058210
0 0.624121 0.673298 0.065838 0.050970
0 0.393459 0.647441 0.053802 0.047214
0 0.394240 0.605905 0.068220 0.048672
0 0.617750 0.629121 0.059848 0.045065
0 0.637439 0.773750 0.057656 0.053568
0 0.615712 0.545843 0.066059 0.044837
0 0.545892 0.572627 0.051055 0.045215
0 0.419837 0.374837 0.058364 0.046315
0 0.734303 0.435000 0.060699 0.041484
0 0.398464 0.518281 0.059861 0.049570
0 0.577852 0.968330 0.085625 0.058014
0 0.571855 0.892314 0.070751 0.062520
0 0.385056 0.921243 0.081649 0.064063
0 0.395430 0.564421 0.068707 0.048190
0 0.410388 0.411055 0.055673 0.040247
0 0.601916 0.451706 0.055039 0.044727
0 0.598822 0.414740 0.055968 0.041445
0 0.690252 0.240169 0.041363 0.036016
0 0.722960 0.389635 0.057231 0.041602
0 0.608609 0.583454 0.055187 0.051126
0 0.596341 0.380898 0.042231 0.037904
0 0.400356 0.444391 0.050712 0.044447
0 0.378678 0.856312 0.061194 0.055397