0 0.649761 0.776517 0.074687 0.055169
0 0.648487 0.723646 0.064570 0.050091
0 0.578064 0.831416 0.071345 0.054824
0 0.780590 0.586761 0.072049 0.048796
0 0.656760 0.835010 0.063572 0.051725
0 0.371660 0.769525 0.077235 0.060443
0 0.765239 0.545651 0.064349 0.045664
0 0.577893 0.971104 0.087791 0.050645
0 0.789931 0.633350 0.072431 0.050788
0 0.642029 0.669609 0.072687 0.053594
0 0.355278 0.974785 0.084870 0.045221
0 0.363882 0.829336 0.076202 0.061081
0 0.754902 0.505394 0.059484 0.043639
0 0.235879 0.698493 0.062235 0.048730
0 0.633132 0.574382 0.063173 0.047930
0 0.835106 0.830557 0.070820 0.051621
0 0.636122 0.618405 0.070655 0.048672
0 0.567548 0.667454 0.069618 0.049687
0 0.588659 0.893890 0.090460 0.067780
0 0.794243 0.678473 0.070317 0.048223
0 0.373587 0.711364 0.074744 0.058613
0 0.742897 0.470215 0.048919 0.043255
0 0.663559 0.893431 0.060729 0.051185
0 0.385362 0.541061 0.068043 0.045391
0 0.573681 0.718437 0.067153 0.051940
0 0.808772 0.725625 0.065911 0.053464
0 0.556769 0.537718 0.055395 0.045488
0 0.732374 0.433919 0.062917 0.045065
0 0.402448 0.385625 0.058099 0.044323
0 0.812235 0.775137 0.060417 0.046940
0 0.850660 0.899805 0.070139 0.053568
0 0.624249 0.530407 0.060582 0.045501
0 0.377237 0.623626 0.069119 0.048841
0 0.671148 0.968320 0.084232 0.058698
0 0.365095 0.910898 0.076719 0.059036
0 0.874106 0.966471 0.091858 0.060195
0 0.585137 0.283643 0.048711 0.036204
0 0.715365 0.367904 0.054132 0.040404
0 0.720610 0.401416 0.051793 0.036126
0 0.375530 0.663952 0.056137 0.048568
0 0.567875 0.620866 0.060074 0.044401
0 0.378505 0.577077 0.051645 0.045638
0 0.551732 0.497510 0.059679 0.044160
0 0.703513 0.343356 0.051879 0.033770
0 0.548633 0.426481 0.043681 0.041335
0 0.700781 0.318145 0.052752 0.033099
0 0.608357 0.457871 0.057652 0.041940
0 0.616369 0.490104 0.053650 0.045104
0 0.548027 0.463389 0.052539 0.037949
0 0.688392 0.264577 0.050204 0.035964
0 0.606348 0.425687 0.051845 0.037129
0 0.604529 0.395993 0.046089 0.038652
0 0.592398 0.335902 0.055430 0.039043
0 0.600041 0.364961 0.053494 0.041641
0 0.587954 0.310381 0.048138 0.033587
0 0.691013 0.291618 0.043598 0.034720
0 0.682559 0.241621 0.048112 0.031940