0 0.571576 0.902145 0.085503 0.062728
0 0.568498 0.778245 0.084835 0.062819
0 0.572192 0.835345 0.075877 0.058672
0 0.734316 0.742848 0.041081 0.094499
0 0.723238 0.387025 0.054071 0.036693
0 0.578405 0.966839 0.088928 0.059967
0 0.786682 0.631862 0.076220 0.049974
0 0.855575 0.964847 0.084466 0.060996
0 0.624855 0.591374 0.072626 0.046576
0 0.395158 0.788346 0.059640 0.058945
0 0.845974 0.895726 0.074171 0.056517
0 0.771530 0.594342 0.069926 0.043203
0 0.638030 0.726494 0.072977 0.052012
0 0.811115 0.774596 0.063090 0.049466
0 0.393325 0.726911 0.067318 0.055566
0 0.626265 0.633460 0.069718 0.049160
0 0.388609 0.849300 0.065777 0.053535
0 0.651385 0.836396 0.065929 0.059368
0 0.397754 0.581738 0.061567 0.047773
0 0.633171 0.678473 0.063147 0.049212
0 0.802600 0.728737 0.074774 0.051263
0 0.594520 0.384678 0.053294 0.040202
0 0.792995 0.677673 0.083351 0.054798
0 0.648641 0.781250 0.063924 0.053437
0 0.394577 0.908669 0.079206 0.069329
0 0.562530 0.726667 0.063620 0.049141
0 0.742159 0.482988 0.066454 0.040625
0 0.660469 0.896901 0.061701 0.055924
0 0.749444 0.516439 0.052587 0.042865
0 0.399807 0.626471 0.071714 0.049753
0 0.710332 0.331637 0.060846 0.047949
0 0.549913 0.592116 0.066207 0.047409
0 0.672164 0.965560 0.066003 0.056745
0 0.397550 0.672122 0.073303 0.055951
0 0.620421 0.549281 0.061632 0.044681
0 0.606812 0.447318 0.055551 0.045677
0 0.554798 0.678470 0.054640 0.047982
0 0.615410 0.511540 0.059900 0.046751
0 0.546274 0.415687 0.044180 0.041061
0 0.414551 0.365257 0.043381 0.039186
0 0.542847 0.477715 0.058403 0.045208
0 0.819136 0.830521 0.072196 0.053854
0 0.693908 0.286439 0.045317 0.036992
0 0.681721 0.217438 0.047487 0.038574
0 0.691048 0.239792 0.040161 0.028281
0 0.693976 0.261400 0.043255 0.027760