0 0.387088 0.731473 0.080828 0.062353
0 0.383402 0.679811 0.071393 0.053478
0 0.640430 0.734130 0.071287 0.055487
0 0.649732 0.787091 0.079807 0.061388
0 0.386667 0.632330 0.066685 0.052055
0 0.776906 0.601446 0.073454 0.046197
0 0.659006 0.845659 0.067602 0.051843
0 0.558533 0.639820 0.066678 0.052359
0 0.573192 0.841608 0.073300 0.053784
0 0.634079 0.686559 0.061615 0.048342
0 0.548823 0.515965 0.060483 0.045594
0 0.568127 0.783562 0.062632 0.055480
0 0.396246 0.547377 0.066121 0.046331
0 0.810310 0.743301 0.077973 0.052179
0 0.550622 0.553554 0.061623 0.048895
0 0.564861 0.733903 0.070257 0.051593
0 0.827886 0.793283 0.069787 0.052643
0 0.748343 0.491301 0.064040 0.043039
0 0.554667 0.592538 0.048171 0.046854
0 0.632982 0.643523 0.057629 0.048657
0 0.753290 0.527119 0.059851 0.039718
0 0.788495 0.646445 0.071072 0.049183
0 0.550583 0.477015 0.055372 0.041283
0 0.557271 0.683377 0.055084 0.046684
0 0.621353 0.556641 0.066165 0.049484
0 0.623036 0.600264 0.060748 0.052322
0 0.403238 0.476890 0.059083 0.043111
0 0.740958 0.453884 0.059006 0.041258
0 0.389638 0.785124 0.056406 0.049777
0 0.764868 0.562268 0.069888 0.046100
0 0.397446 0.511641 0.049466 0.036800
0 0.731708 0.422615 0.056195 0.037726
0 0.605175 0.416208 0.052598 0.039474
0 0.391742 0.587559 0.067271 0.049918
0 0.618289 0.519629 0.062103 0.043025
0 0.541554 0.379658 0.043455 0.037422
0 0.531992 0.351570 0.042002 0.036551
0 0.548681 0.443339 0.051122 0.038841
0 0.601170 0.382454 0.047652 0.039520
0 0.666274 0.910915 0.062089 0.051427
0 0.594733 0.263902 0.036700 0.035282
0 0.549990 0.413246 0.054098 0.033711
0 0.722995 0.370733 0.055365 0.030669
0 0.599387 0.306533 0.051626 0.033870
0 0.587226 0.243199 0.042561 0.034775
0 0.414978 0.343192 0.040825 0.034825
0 0.798052 0.695087 0.072559 0.051735
0 0.389886 0.844221 0.078584 0.054928
0 0.406920 0.440210 0.052848 0.040197
0 0.711860 0.339754 0.055624 0.037040
0 0.612994 0.450729 0.054589 0.038975
0 0.833884 0.843950 0.067491 0.050120
0 0.610887 0.485630 0.053409 0.037765
0 0.597192 0.361028 0.049338 0.030048
0 0.584525 0.973808 0.088044 0.047604
0 0.404747 0.404002 0.042227 0.038877
0 0.579711 0.908153 0.070947 0.050080
0 0.675698 0.982547 0.062600 0.033604
0 0.594318 0.335362 0.050080 0.033804
0 0.585554 0.220803 0.034221 0.022536
0 0.582632 0.200771 0.033387 0.027544
0 0.581380 0.183869 0.042568 0.031300
0 0.576372 0.161959 0.044237 0.030048
0 0.572199 0.146935 0.047576 0.025040
0 0.854317 0.913161 0.070947 0.042568
0 0.870593 0.978891 0.081798 0.038812
0 0.728282 0.396710 0.045907 0.026292
0 0.707415 0.317834 0.049245 0.023788
0 0.700738 0.297175 0.047576 0.030048
0 0.690722 0.271509 0.049245 0.028796
0 0.690722 0.248973 0.040899 0.028796
0 0.686131 0.227063 0.045072 0.027544
0 0.676950 0.208283 0.043403 0.022536
0 0.672359 0.186999 0.045907 0.025040
0 0.670272 0.164463 0.046741 0.030048