0 0.389855 0.726033 0.073062 0.050163
0 0.397585 0.667884 0.076117 0.057670
0 0.404611 0.616770 0.059831 0.046085
0 0.400658 0.375089 0.057818 0.044393
0 0.405362 0.435306 0.055729 0.038380
0 0.370489 0.836691 0.080620 0.062786
0 0.372713 0.908779 0.085971 0.068860
0 0.550080 0.395458 0.043403 0.038812
0 0.555088 0.436774 0.050080 0.041316
0 0.553836 0.468074 0.055923 0.043820
0 0.560931 0.505634 0.056757 0.043820
0 0.568860 0.547576 0.060931 0.047576
0 0.562600 0.588266 0.053419 0.043820
0 0.575120 0.674028 0.068443 0.050080
0 0.575120 0.721605 0.065104 0.055088
0 0.584719 0.780449 0.075955 0.055088
0 0.585554 0.841171 0.074286 0.058844
0 0.598074 0.905649 0.077624 0.065104
0 0.598491 0.972005 0.083467 0.052584
0 0.602664 0.255233 0.040064 0.036308
0 0.605168 0.316582 0.038395 0.028796
0 0.608924 0.342874 0.050915 0.033804
0 0.612680 0.372296 0.053419 0.037560
0 0.615184 0.433018 0.050080 0.041316
0 0.619358 0.469952 0.061765 0.042568
0 0.626452 0.510016 0.055923 0.042568
0 0.633964 0.548828 0.057592 0.042568
0 0.635634 0.589518 0.050915 0.046324
0 0.642311 0.628330 0.065939 0.046324
0 0.650658 0.673402 0.059261 0.043820
0 0.660256 0.732873 0.073451 0.052584
0 0.662760 0.792969 0.068443 0.052584
0 0.673194 0.853691 0.065939 0.056340
0 0.679454 0.917543 0.063435 0.048828
0 0.688635 0.976287 0.071782 0.046124
0 0.689470 0.250225 0.051749 0.033804
0 0.692808 0.276517 0.048411 0.028796
0 0.699069 0.301557 0.042568 0.031300
0 0.711589 0.352890 0.054253 0.033804
0 0.724943 0.381060 0.049245 0.037560
0 0.730369 0.410482 0.053419 0.041316
0 0.738298 0.442408 0.047576 0.037560
0 0.742889 0.477464 0.066774 0.040064
0 0.754157 0.513772 0.057592 0.045072
0 0.765007 0.555714 0.054253 0.041316
0 0.777945 0.598908 0.071782 0.045072
0 0.791299 0.643980 0.073451 0.050080
0 0.806741 0.692808 0.064269 0.052584
0 0.821765 0.744767 0.060931 0.046324
0 0.824686 0.797351 0.070112 0.053836
0 0.839710 0.851813 0.078459 0.057592
0 0.855986 0.914413 0.072616 0.052584
0 0.881861 0.970753 0.090979 0.055088