0 0.801212 0.688968 0.077917 0.049710
0 0.773067 0.572919 0.054480 0.043392
0 0.784301 0.643520 0.063748 0.053346
0 0.354345 0.785453 0.077962 0.057652
0 0.849055 0.904100 0.071545 0.054290
0 0.377674 0.684537 0.066382 0.051049
0 0.815744 0.740266 0.070895 0.051032
0 0.353540 0.732480 0.055899 0.052471
0 0.843780 0.844363 0.085342 0.050204
0 0.748394 0.463859 0.059944 0.044273
0 0.756575 0.498011 0.055943 0.050300
0 0.382682 0.634885 0.069069 0.050494
0 0.824060 0.791525 0.070304 0.051606
0 0.643619 0.734120 0.062359 0.049615
0 0.390369 0.553317 0.063588 0.049136
0 0.566480 0.730554 0.068214 0.050476
0 0.742096 0.420507 0.055834 0.049982
0 0.652803 0.787510 0.061379 0.050139
0 0.570054 0.788683 0.076720 0.053793
0 0.867021 0.972877 0.082852 0.048763
0 0.397385 0.513858 0.064256 0.044371
0 0.595446 0.321754 0.051511 0.039757
0 0.565291 0.678056 0.066297 0.048219
0 0.578545 0.212915 0.035552 0.034414
0 0.628374 0.598917 0.065717 0.046995
0 0.657996 0.842591 0.067733 0.054045
0 0.401284 0.480045 0.055793 0.040430
0 0.726245 0.367835 0.057146 0.036311
0 0.555729 0.584231 0.060780 0.046016
0 0.629983 0.642209 0.049664 0.037747
0 0.715693 0.334798 0.052089 0.045174
0 0.581896 0.172202 0.038268 0.028658
0 0.633576 0.681959 0.052912 0.046059
0 0.615756 0.417698 0.053826 0.039506
0 0.618160 0.517897 0.059113 0.038425
0 0.583672 0.262523 0.037750 0.034477
0 0.623131 0.556868 0.058353 0.044679
0 0.699512 0.265708 0.049170 0.037098
0 0.595152 0.386068 0.050080 0.042568
0 0.610763 0.478545 0.046869 0.041940
0 0.731398 0.395833 0.056648 0.043264
0 0.690281 0.235759 0.045119 0.027408
0 0.590758 0.288660 0.037544 0.028407
0 0.678975 0.192373 0.042445 0.031821
0 0.571569 0.839064 0.067923 0.045738
0 0.551583 0.471878 0.055960 0.038139
0 0.675248 0.973975 0.076360 0.047401
0 0.664719 0.903604 0.054844 0.047550
0 0.378515 0.857252 0.084384 0.059233
0 0.555178 0.544467 0.062247 0.044882
0 0.607469 0.447173 0.048500 0.030471
0 0.708875 0.310995 0.053949 0.034659
0 0.419454 0.346004 0.052584 0.040064
0 0.415281 0.381686 0.059261 0.046324
0 0.401509 0.419246 0.043403 0.038812
0 0.579711 0.908779 0.069278 0.058844
0 0.583467 0.972005 0.085136 0.052584
0 0.551749 0.509390 0.046741 0.038812
0 0.590979 0.354768 0.041733 0.037560
0 0.688218 0.214543 0.050915 0.030048
0 0.701554 0.289365 0.055044 0.030990