0 0.556504 0.727129 0.075187 0.051484
0 0.400840 0.629258 0.067313 0.053490
0 0.601322 0.441947 0.056723 0.040859
0 0.562719 0.779655 0.083763 0.061888
0 0.780918 0.631315 0.073016 0.049635
0 0.624870 0.631527 0.067882 0.049121
0 0.854625 0.963975 0.091332 0.061738
0 0.543125 0.628682 0.056554 0.044655
0 0.213691 0.741383 0.039891 0.080892
0 0.573327 0.838330 0.072287 0.051751
0 0.396445 0.679938 0.063385 0.048522
0 0.640679 0.724915 0.062635 0.048398
0 0.532867 0.405182 0.044327 0.034570
0 0.824390 0.778174 0.078207 0.056217
0 0.588355 0.278740 0.048403 0.037897
0 0.797398 0.677620 0.073477 0.052051
0 0.388173 0.781849 0.071858 0.056823
0 0.633878 0.674574 0.058989 0.046947
0 0.691513 0.967959 0.076471 0.057363
0 0.543292 0.506234 0.061072 0.043509
0 0.581812 0.960726 0.081558 0.058848
0 0.614232 0.509561 0.056988 0.045827
0 0.647170 0.778122 0.057083 0.049473
0 0.746053 0.478568 0.059240 0.037409
0 0.835718 0.835889 0.072383 0.058118
0 0.557941 0.673223 0.066897 0.046732
0 0.754998 0.510335 0.062062 0.046439
0 0.847177 0.895371 0.071489 0.060247
0 0.616597 0.544450 0.052075 0.043366
0 0.386076 0.726820 0.054123 0.050202
0 0.664112 0.899600 0.058763 0.050618
0 0.580655 0.898695 0.074661 0.058392
0 0.623047 0.587018 0.065564 0.047995
0 0.654371 0.833590 0.079323 0.061556
0 0.543201 0.545182 0.055985 0.047201
0 0.409447 0.403431 0.052747 0.037656
0 0.757867 0.551481 0.061089 0.048822
0 0.404319 0.433841 0.062917 0.047148
0 0.689651 0.257943 0.054110 0.035560
0 0.537843 0.439463 0.053299 0.039733
0 0.540226 0.472842 0.054167 0.037715
0 0.392283 0.845859 0.080877 0.061784
0 0.397706 0.542393 0.064536 0.051465
0 0.596146 0.377728 0.039479 0.039570
0 0.719520 0.384932 0.055508 0.040137
0 0.806879 0.723206 0.073064 0.054512
0 0.715330 0.357874 0.055408 0.032988
0 0.398438 0.470918 0.050148 0.044974
0 0.405862 0.504958 0.060525 0.043770
0 0.693370 0.284167 0.044319 0.030729
0 0.698822 0.307682 0.045534 0.033112
0 0.707012 0.330407 0.042166 0.035423
0 0.386526 0.918096 0.090273 0.065566