0 0.810796 0.736922 0.080666 0.051728
0 0.803563 0.688490 0.075991 0.046109
0 0.837899 0.848043 0.071794 0.049797
0 0.754285 0.478485 0.058946 0.042726
0 0.401664 0.443389 0.051194 0.040658
0 0.766138 0.515695 0.069681 0.043042
0 0.816862 0.789195 0.061442 0.051302
0 0.398364 0.548929 0.047936 0.043033
0 0.543525 0.379231 0.053512 0.037803
0 0.774846 0.553833 0.065091 0.049909
0 0.650329 0.787291 0.062601 0.047345
0 0.416147 0.382681 0.057452 0.045826
0 0.594513 0.356098 0.048363 0.036929
0 0.855404 0.907831 0.093077 0.060687
0 0.669471 0.152853 0.042522 0.030243
0 0.651179 0.847168 0.077295 0.053285
0 0.725016 0.368069 0.060282 0.040444
0 0.569933 0.729997 0.068518 0.050692
0 0.626300 0.560862 0.062198 0.044161
0 0.640075 0.734428 0.053830 0.041842
0 0.747562 0.438706 0.058359 0.038442
0 0.573693 0.788294 0.071909 0.051750
0 0.643224 0.688428 0.069149 0.051455
0 0.695609 0.260387 0.042912 0.038024
0 0.314981 0.678939 0.075015 0.047476
0 0.735624 0.405748 0.053877 0.036714
0 0.613047 0.477139 0.054700 0.040679
0 0.568893 0.680961 0.065813 0.046573
0 0.684408 0.214590 0.041488 0.030893
0 0.631940 0.637887 0.061784 0.049203
0 0.562213 0.591721 0.050243 0.044698
0 0.401392 0.515419 0.055586 0.037692
0 0.387305 0.729007 0.073099 0.044545
0 0.339334 0.775265 0.062439 0.054825
0 0.337049 0.846080 0.060916 0.050256
0 0.331338 0.900334 0.067769 0.060535
0 0.553302 0.514277 0.059393 0.037692
0 0.555586 0.551969 0.048733 0.039976
0 0.573099 0.847222 0.065485 0.050256
0 0.583760 0.908900 0.068531 0.052540
0 0.590994 0.973433 0.092136 0.046829
0 0.609268 0.445175 0.051017 0.038834
0 0.605461 0.416050 0.051017 0.033123
0 0.620309 0.517704 0.056347 0.039976
0 0.660666 0.910042 0.062439 0.052540
0 0.671707 0.971720 0.063201 0.052540
0 0.591755 0.329815 0.038834 0.036550
0 0.594039 0.304116 0.047971 0.035408
0 0.590994 0.278988 0.049494 0.030839
0 0.588328 0.259000 0.048733 0.034265
0 0.581095 0.231588 0.047971 0.031981
0 0.580333 0.207602 0.038834 0.031981
0 0.576145 0.184188 0.035027 0.030839
0 0.568911 0.166484 0.038834 0.027412
0 0.678180 0.191612 0.044164 0.027412
0 0.708257 0.318965 0.052540 0.030839
0 0.709780 0.342379 0.044926 0.031981
0 0.863213 0.976288 0.074622 0.045687