0 0.397947 0.785173 0.079253 0.056361
0 0.795573 0.633747 0.069792 0.044941
0 0.394985 0.496110 0.058971 0.041374
0 0.400152 0.719603 0.068906 0.053099
0 0.396758 0.615475 0.066693 0.048516
0 0.380662 0.961504 0.084371 0.064518
0 0.390571 0.841374 0.062400 0.053164
0 0.625334 0.543857 0.060911 0.045449
0 0.386230 0.894043 0.063754 0.056823
0 0.557832 0.541035 0.058581 0.042773
0 0.398407 0.574792 0.066146 0.044349
0 0.393375 0.664424 0.077235 0.056348
0 0.769737 0.546162 0.068442 0.044681
0 0.555972 0.501963 0.057014 0.041647
0 0.748809 0.475736 0.062374 0.042721
0 0.850406 0.891813 0.074214 0.054264
0 0.623978 0.504147 0.063650 0.047227
0 0.871686 0.951432 0.090959 0.058177
0 0.552355 0.465931 0.047444 0.039232
0 0.674243 0.242555 0.050595 0.036400
0 0.597435 0.373747 0.056267 0.036960
0 0.593084 0.969388 0.084240 0.058906
0 0.571031 0.725960 0.064327 0.049681
0 0.799160 0.681377 0.066905 0.047077
0 0.733947 0.434352 0.060169 0.043730
0 0.584060 0.832965 0.070013 0.055033
0 0.571508 0.674730 0.069067 0.050957
0 0.589065 0.898708 0.078129 0.060254
0 0.590085 0.317171 0.047496 0.035723
0 0.704132 0.344199 0.051944 0.040273
0 0.573038 0.778893 0.077622 0.054206
0 0.583559 0.286706 0.038342 0.036797
0 0.840451 0.831888 0.069401 0.050964
0 0.665905 0.897917 0.061150 0.053919
0 0.719822 0.402969 0.053073 0.038555
0 0.781645 0.588372 0.058021 0.047031
0 0.829718 0.776947 0.069470 0.053021
0 0.564023 0.624622 0.064844 0.046237
0 0.624850 0.584489 0.056081 0.043522
0 0.655942 0.782402 0.073030 0.055286
0 0.811740 0.728672 0.071901 0.050104
0 0.662587 0.839596 0.064462 0.053672
0 0.650326 0.727731 0.062500 0.050423
0 0.405258 0.422028 0.043372 0.040189
0 0.407869 0.382074 0.058576 0.044811
0 0.396973 0.534447 0.049223 0.041419
0 0.630113 0.626634 0.061762 0.048086
0 0.678889 0.271367 0.046484 0.034336
0 0.758151 0.512210 0.061840 0.038783
0 0.562446 0.580778 0.049735 0.043561
0 0.642261 0.674701 0.056753 0.052773
0 0.690629 0.294844 0.053550 0.037409
0 0.617342 0.466445 0.053077 0.045221
0 0.605547 0.403203 0.050521 0.038099
0 0.713587 0.375299 0.051905 0.034701
0 0.673542 0.968786 0.072170 0.057520
0 0.696821 0.318219 0.043242 0.034590
0 0.611434 0.435456 0.053824 0.039310