0 0.800937 0.688050 0.078212 0.049815
0 0.784626 0.642143 0.064223 0.050845
0 0.815798 0.738859 0.070456 0.049743
0 0.772726 0.571147 0.054444 0.043130
0 0.354295 0.784883 0.077993 0.056423
0 0.848673 0.902690 0.072291 0.053403
0 0.845650 0.843521 0.089951 0.051024
0 0.823934 0.790821 0.069907 0.051707
0 0.747887 0.462163 0.060242 0.041980
0 0.763390 0.532131 0.055820 0.044230
0 0.353693 0.731555 0.055387 0.051248
0 0.742350 0.421557 0.055465 0.045467
0 0.377517 0.683808 0.066062 0.050895
0 0.866803 0.971416 0.083480 0.052659
0 0.643818 0.733371 0.061889 0.049976
0 0.569341 0.787858 0.077517 0.054384
0 0.566329 0.729763 0.068359 0.048819
0 0.628546 0.597948 0.065054 0.046533
0 0.615961 0.417434 0.053934 0.039801
0 0.565680 0.676322 0.065796 0.047190
0 0.652499 0.785470 0.059986 0.049139
0 0.629973 0.641142 0.049148 0.036308
0 0.754399 0.496288 0.054833 0.041975
0 0.581123 0.232652 0.036405 0.031210
0 0.382284 0.633393 0.068071 0.048844
0 0.401420 0.446172 0.057740 0.041936
0 0.551166 0.471271 0.055217 0.037577
0 0.595235 0.320059 0.050725 0.040030
0 0.724941 0.365410 0.056029 0.035102
0 0.658300 0.842404 0.069017 0.051294
0 0.677102 0.188745 0.039760 0.033540
0 0.714592 0.333691 0.056593 0.035471
0 0.560997 0.626821 0.059104 0.044813
0 0.622669 0.555972 0.058270 0.042467
0 0.584011 0.261653 0.036012 0.036320
0 0.594115 0.380891 0.047427 0.040896
0 0.414914 0.378696 0.059436 0.048578
0 0.554192 0.541754 0.063392 0.050563
0 0.633645 0.681557 0.053455 0.047023
0 0.701826 0.263223 0.053746 0.035352
0 0.569490 0.840458 0.071713 0.049380
0 0.617750 0.514324 0.059293 0.043548
0 0.689673 0.233814 0.042997 0.031570
0 0.731780 0.395347 0.053650 0.040415
0 0.612429 0.474465 0.052590 0.042220
0 0.591769 0.353082 0.042590 0.038187
0 0.555535 0.584007 0.060655 0.047091
0 0.590673 0.288493 0.039252 0.030217
0 0.390862 0.552909 0.063674 0.046237
0 0.388565 0.589906 0.050682 0.042228
0 0.401243 0.478382 0.053037 0.038956
0 0.378973 0.854943 0.083467 0.058844
0 0.395666 0.514398 0.063435 0.041316
0 0.403178 0.412360 0.041733 0.042568
0 0.419037 0.342874 0.051749 0.038812
0 0.429470 0.318460 0.054253 0.040064
0 0.552167 0.510642 0.045907 0.041316
0 0.578459 0.907527 0.068443 0.061348
0 0.583467 0.970127 0.080128 0.053836
0 0.666099 0.908779 0.061765 0.053836
0 0.672359 0.974409 0.079294 0.049880
0 0.610176 0.449294 0.053419 0.041316
0 0.579294 0.207031 0.035056 0.030048
0 0.688635 0.212039 0.046741 0.027544
0 0.702825 0.289663 0.051749 0.027544
0 0.709502 0.309070 0.051749 0.023788