0 0.365267 0.972523 0.082313 0.050280
0 0.792159 0.645775 0.071089 0.047630
0 0.376803 0.778070 0.076957 0.056335
0 0.377535 0.668792 0.072274 0.052637
0 0.372467 0.912673 0.082643 0.060449
0 0.838811 0.839388 0.069306 0.049271
0 0.607648 0.312126 0.038333 0.035462
0 0.368375 0.840791 0.088424 0.069160
0 0.380323 0.715817 0.058129 0.051582
0 0.548451 0.537751 0.059271 0.043926
0 0.779998 0.602373 0.066497 0.046999
0 0.404688 0.369935 0.058220 0.045677
0 0.381988 0.583447 0.065512 0.046165
0 0.387485 0.431660 0.061315 0.043620
0 0.538724 0.463434 0.050955 0.041126
0 0.557059 0.672913 0.068338 0.049642
0 0.554223 0.580003 0.061884 0.042845
0 0.823997 0.780934 0.076311 0.050150
0 0.629878 0.638239 0.056649 0.044225
0 0.554694 0.622425 0.068320 0.046100
0 0.617765 0.555993 0.060191 0.047949
0 0.586324 0.971058 0.086102 0.055775
0 0.745736 0.474993 0.063607 0.042096
0 0.380796 0.624951 0.052010 0.045345
0 0.727101 0.408356 0.054974 0.041413
0 0.571211 0.786309 0.076311 0.052057
0 0.854110 0.894219 0.065460 0.050703
0 0.768828 0.559248 0.064870 0.053548
0 0.599273 0.354925 0.052391 0.034160
0 0.632886 0.684544 0.065052 0.049492
0 0.603785 0.478304 0.062509 0.044069
0 0.881111 0.964609 0.090608 0.060977
0 0.627574 0.597435 0.057396 0.043164
0 0.658168 0.843971 0.077109 0.056484
0 0.580226 0.901530 0.070720 0.059036
0 0.387400 0.542500 0.064644 0.045846
0 0.756157 0.513428 0.059232 0.042520
0 0.572984 0.838512 0.071237 0.055176
0 0.667604 0.975094 0.061953 0.048288
0 0.564989 0.723773 0.057357 0.052103
0 0.792812 0.692142 0.066493 0.049583
0 0.384425 0.468151 0.057982 0.041120
0 0.736625 0.439691 0.047322 0.039577
0 0.709844 0.322340 0.052509 0.033379
0 0.806821 0.733659 0.060378 0.048542
0 0.548305 0.501751 0.047834 0.039297
0 0.641513 0.734906 0.055560 0.050280
0 0.665881 0.902347 0.061866 0.055189
0 0.683307 0.230618 0.049679 0.030326
0 0.541921 0.366257 0.040221 0.037331
0 0.602480 0.383428 0.048555 0.035645
0 0.612873 0.518636 0.056580 0.043887
0 0.382569 0.502077 0.059054 0.044414
0 0.606046 0.413434 0.053637 0.038535
0 0.717448 0.350267 0.056988 0.036094
0 0.539076 0.427601 0.060304 0.042715
0 0.604399 0.443408 0.050872 0.042936
0 0.696693 0.286247 0.042378 0.037767
0 0.688961 0.254889 0.050673 0.036953
0 0.543832 0.396898 0.055477 0.037298
0 0.727072 0.379508 0.045022 0.037454