0 0.375260 0.720437 0.073740 0.054033
0 0.831943 0.844494 0.079104 0.056799
0 0.386162 0.622231 0.065792 0.049586
0 0.384160 0.670174 0.070759 0.051105
0 0.766252 0.561470 0.067262 0.040755
0 0.670679 0.907857 0.062622 0.049488
0 0.758760 0.523952 0.063516 0.044823
0 0.387195 0.581287 0.049856 0.041179
0 0.740204 0.455626 0.064213 0.044900
0 0.863207 0.968563 0.089891 0.053211
0 0.774466 0.601536 0.070392 0.050327
0 0.564435 0.743732 0.076458 0.049263
0 0.643980 0.734125 0.064269 0.045072
0 0.733170 0.419985 0.055099 0.039384
0 0.680321 0.969305 0.075054 0.052192
0 0.650970 0.782311 0.076999 0.051301
0 0.362697 0.781701 0.077624 0.052584
0 0.812372 0.742694 0.077469 0.051077
0 0.567844 0.791297 0.066734 0.050500
0 0.639807 0.680692 0.054253 0.044265
0 0.794056 0.643728 0.062759 0.048573
0 0.627255 0.635726 0.059325 0.046092
0 0.831466 0.791155 0.066569 0.046453
0 0.577086 0.175174 0.040180 0.032743
0 0.619479 0.592710 0.061694 0.042225
0 0.794917 0.689618 0.080822 0.047106
0 0.562752 0.685380 0.068139 0.047409
0 0.612496 0.550910 0.057127 0.041723
0 0.573731 0.851190 0.072279 0.055188
0 0.400909 0.377110 0.057453 0.042867
0 0.656343 0.848346 0.057907 0.045651
0 0.551924 0.632027 0.058824 0.054312
0 0.585751 0.911069 0.072457 0.052410
0 0.589773 0.971264 0.064825 0.050345
0 0.548913 0.588841 0.048437 0.041647
0 0.383334 0.540513 0.047810 0.045596
0 0.608774 0.480471 0.052884 0.038565
0 0.541151 0.440690 0.055355 0.036995
0 0.851396 0.906275 0.071782 0.048828
0 0.366371 0.850658 0.065310 0.053676
0 0.384832 0.472024 0.065071 0.046713
0 0.608357 0.519406 0.062066 0.041316
0 0.697177 0.309330 0.043013 0.031820
0 0.712527 0.335583 0.055812 0.037902
0 0.724203 0.393239 0.054958 0.035531
0 0.540886 0.512907 0.049654 0.039680
0 0.599582 0.413612 0.054576 0.040064
0 0.546654 0.553632 0.062264 0.040404
0 0.701190 0.290020 0.051116 0.032799
0 0.688037 0.246402 0.050881 0.039261
0 0.604973 0.449294 0.053808 0.038812
0 0.719075 0.365690 0.054203 0.035748
0 0.386245 0.506203 0.052228 0.041108
0 0.544655 0.476838 0.049245 0.038812
0 0.592231 0.383564 0.050915 0.040064
0 0.589310 0.356646 0.051749 0.031300
0 0.381770 0.921642 0.090974 0.059664