0 0.875633 0.972800 0.088902 0.049030
0 0.801468 0.689508 0.057947 0.046538
0 0.824613 0.790414 0.060661 0.053296
0 0.807501 0.738505 0.062256 0.053705
0 0.852131 0.911851 0.072420 0.051590
0 0.618187 0.522086 0.055987 0.042602
0 0.574235 0.790469 0.071694 0.049504
0 0.578049 0.213884 0.041880 0.037692
0 0.696455 0.268138 0.042641 0.038834
0 0.712064 0.349804 0.044926 0.037692
0 0.333623 0.848364 0.064723 0.052540
0 0.579572 0.913469 0.075384 0.054825
0 0.668281 0.912897 0.060916 0.058251
0 0.679322 0.978002 0.066246 0.042261