0 0.373871 0.720557 0.073798 0.054345
0 0.831906 0.841768 0.077877 0.059130
0 0.773844 0.598790 0.065868 0.051906
0 0.812050 0.740324 0.075738 0.052435
0 0.384777 0.622616 0.065955 0.048247
0 0.383920 0.670090 0.071176 0.051406
0 0.764674 0.558951 0.065122 0.042294
0 0.563119 0.741006 0.075943 0.053963
0 0.830850 0.788527 0.062657 0.053400
0 0.568111 0.787419 0.065655 0.046118
0 0.229544 0.738493 0.037984 0.077022
0 0.574077 0.850487 0.070922 0.055499
0 0.863678 0.964777 0.091871 0.059746
0 0.670690 0.904303 0.062066 0.053643
0 0.638423 0.681751 0.060359 0.050501
0 0.739915 0.454263 0.064384 0.043061
0 0.794490 0.689483 0.077069 0.056202
0 0.383971 0.475586 0.066793 0.046324
0 0.758138 0.520075 0.061644 0.043662
0 0.752308 0.485142 0.053359 0.039998
0 0.656122 0.848046 0.060403 0.053887
0 0.643474 0.730973 0.067416 0.052599
0 0.650485 0.783726 0.076301 0.059138
0 0.625364 0.634357 0.066447 0.050866
0 0.848981 0.901081 0.074941 0.050961
0 0.605888 0.323469 0.047986 0.039277
0 0.678687 0.967855 0.080920 0.057424
0 0.539458 0.511402 0.050293 0.040963
0 0.381636 0.545072 0.049762 0.045072
0 0.588881 0.255141 0.046777 0.041242
0 0.562006 0.682387 0.066833 0.046644
0 0.619369 0.592031 0.062034 0.044212
0 0.539538 0.475700 0.057012 0.041730
0 0.547536 0.552586 0.064216 0.039589
0 0.400399 0.376910 0.057794 0.043102
0 0.606784 0.476915 0.055196 0.041470
0 0.540964 0.439742 0.056998 0.038270
0 0.697680 0.285561 0.049807 0.035749
0 0.586046 0.354185 0.046135 0.040302
0 0.711145 0.333755 0.055626 0.032720
0 0.608254 0.513772 0.063941 0.042568
0 0.551956 0.631883 0.056345 0.043414
0 0.723425 0.397017 0.053951 0.045709
0 0.591284 0.902334 0.081227 0.057947
0 0.367535 0.849038 0.063254 0.049048
0 0.714672 0.364567 0.059090 0.038283
0 0.613797 0.551186 0.060070 0.048824
0 0.599755 0.414437 0.054229 0.040918
0 0.686731 0.243926 0.049734 0.033849
0 0.604623 0.447315 0.054510 0.040266
0 0.379787 0.915039 0.088517 0.066356
0 0.549928 0.589396 0.047047 0.044065
0 0.384398 0.510642 0.055923 0.038812
0 0.386902 0.439278 0.047576 0.038812
0 0.695730 0.310948 0.042568 0.032552
0 0.679871 0.220803 0.049245 0.032552
0 0.591814 0.974509 0.066774 0.047576