0 0.542120 0.571510 0.060230 0.043034
0 0.535304 0.530811 0.057413 0.043066
0 0.544141 0.618630 0.063038 0.044551
0 0.614944 0.630820 0.066484 0.048346
0 0.384282 0.698994 0.071662 0.052624
0 0.381734 0.873288 0.086306 0.058646
0 0.548902 0.664128 0.069332 0.050234
0 0.399414 0.505251 0.046780 0.040996
0 0.606304 0.547464 0.060612 0.042493
0 0.382012 0.648369 0.066037 0.048066
0 0.764234 0.523408 0.065091 0.040098
0 0.612363 0.587708 0.060525 0.045247
0 0.400519 0.589150 0.064466 0.044316
0 0.402361 0.545944 0.057986 0.042526
0 0.570827 0.833620 0.072904 0.055065
0 0.759431 0.481826 0.062274 0.047858
0 0.577971 0.900706 0.070595 0.059212
0 0.560254 0.723685 0.073824 0.051810
0 0.780755 0.595016 0.067804 0.045098
0 0.642956 0.784512 0.073542 0.054076
0 0.743557 0.436185 0.056810 0.040339
0 0.810330 0.729443 0.072092 0.051087
0 0.652337 0.842812 0.067826 0.055807
0 0.538088 0.461543 0.058390 0.040260
0 0.664488 0.916507 0.078950 0.060788
0 0.639553 0.731572 0.061024 0.049225
0 0.797847 0.679622 0.076615 0.050508
0 0.604447 0.509176 0.054188 0.044876
0 0.786766 0.635007 0.055530 0.042292
0 0.381092 0.756852 0.056272 0.047728
0 0.836354 0.832933 0.079010 0.056634
0 0.566821 0.776283 0.064076 0.052409
0 0.823060 0.778802 0.076623 0.054010
0 0.710269 0.315273 0.050929 0.033945
0 0.778349 0.558278 0.056558 0.044577
0 0.387188 0.808610 0.058151 0.050345
0 0.844896 0.901732 0.072023 0.055716
0 0.607667 0.475439 0.057305 0.042975
0 0.603019 0.442028 0.054961 0.040384
0 0.626530 0.683379 0.064431 0.049232
0 0.859201 0.970804 0.075182 0.056165
0 0.599069 0.408512 0.049891 0.039395
0 0.595658 0.379521 0.054379 0.040618
0 0.733837 0.406257 0.059826 0.037812
0 0.580354 0.972819 0.086506 0.054076
0 0.696411 0.262223 0.049436 0.039889
0 0.716927 0.344844 0.055868 0.035273
0 0.721968 0.375010 0.052947 0.034238
0 0.534240 0.491774 0.043950 0.044277
0 0.684546 0.236240 0.046506 0.033327
0 0.665822 0.980719 0.062062 0.036934