0 0.654138 0.781497 0.074466 0.054336
0 0.389017 0.727969 0.069475 0.055885
0 0.387795 0.841898 0.072682 0.055137
0 0.394440 0.630059 0.069974 0.048464
0 0.558537 0.724141 0.069427 0.053125
0 0.393364 0.673128 0.066884 0.053158
0 0.855818 0.960462 0.083555 0.060599
0 0.563648 0.779271 0.074119 0.053841
0 0.581185 0.969964 0.088134 0.054629
0 0.399119 0.585853 0.068012 0.050677
0 0.401617 0.542080 0.069449 0.052233
0 0.750497 0.513857 0.066914 0.045319
0 0.781678 0.633887 0.061671 0.048711
0 0.644119 0.724632 0.062370 0.048418
0 0.805710 0.729167 0.069214 0.046719
0 0.543741 0.440270 0.056250 0.040189
0 0.542990 0.472321 0.056762 0.041009
0 0.759256 0.551644 0.066827 0.044004
0 0.571504 0.897796 0.085742 0.060033
0 0.744260 0.476963 0.060143 0.042129
0 0.616886 0.551113 0.054952 0.043464
0 0.570365 0.832253 0.079418 0.055208
0 0.846083 0.896732 0.074510 0.055482
0 0.818748 0.776130 0.062357 0.053574
0 0.542936 0.506699 0.050091 0.039570
0 0.390727 0.783662 0.078242 0.057038
0 0.611873 0.510238 0.063711 0.046113
0 0.623123 0.590215 0.048806 0.040651
0 0.738438 0.446751 0.051710 0.037031
0 0.767270 0.588050 0.068420 0.046530
0 0.791102 0.680723 0.063906 0.047344
0 0.600115 0.379717 0.059310 0.043574
0 0.822830 0.834281 0.067300 0.049603
0 0.716339 0.359339 0.058503 0.035918
0 0.727012 0.415850 0.058025 0.042103
0 0.550527 0.587259 0.063416 0.043711
0 0.417480 0.377894 0.061202 0.047337
0 0.551261 0.543971 0.062799 0.049909
0 0.406224 0.504173 0.047413 0.042279
0 0.555977 0.670736 0.052578 0.048255
0 0.603416 0.441621 0.053915 0.041888
0 0.534390 0.378431 0.051619 0.038685
0 0.631562 0.631491 0.065208 0.046419
0 0.598902 0.413161 0.054826 0.037988
0 0.606578 0.473760 0.055378 0.038978
0 0.700974 0.307835 0.048086 0.032689
0 0.721426 0.387126 0.054423 0.037129
0 0.664599 0.897507 0.063997 0.055573
0 0.401925 0.471452 0.067322 0.044245
0 0.401298 0.433841 0.057266 0.045260
0 0.549010 0.628200 0.060373 0.045488
0 0.640556 0.675514 0.054835 0.049635
0 0.712174 0.333574 0.054470 0.031680
0 0.535171 0.410479 0.053607 0.036882
0 0.671155 0.966960 0.086024 0.060586
0 0.695130 0.282920 0.044826 0.034564
0 0.587270 0.276465 0.049896 0.037500
0 0.592856 0.349268 0.046519 0.036582
0 0.588533 0.305758 0.048394 0.039238
0 0.690284 0.239850 0.040326 0.037005