0 0.817395 0.766722 0.082988 0.052717
0 0.785439 0.620854 0.070246 0.048293
0 0.380585 0.662178 0.073003 0.055207
0 0.777158 0.576572 0.074246 0.047628
0 0.745493 0.480960 0.061351 0.042304
0 0.765968 0.523068 0.063051 0.044617
0 0.799286 0.714561 0.075426 0.052984
0 0.384386 0.717577 0.063569 0.051503
0 0.384752 0.428502 0.056630 0.041049
0 0.797285 0.667671 0.068653 0.050027
0 0.554364 0.713824 0.075861 0.052453
0 0.380563 0.619465 0.059498 0.046513
0 0.549199 0.614429 0.062954 0.052574
0 0.627000 0.672028 0.063174 0.049836
0 0.740164 0.444949 0.059986 0.042685
0 0.390084 0.766287 0.072365 0.056162
0 0.824740 0.821734 0.082048 0.053442
0 0.586768 0.292266 0.051241 0.038281
0 0.650989 0.822585 0.078248 0.062694
0 0.568285 0.766805 0.082671 0.054560
0 0.583253 0.228441 0.050507 0.041064
0 0.675782 0.186599 0.036555 0.035261
0 0.620118 0.585758 0.070261 0.052576
0 0.410888 0.356632 0.057897 0.048420
0 0.631968 0.718938 0.070292 0.050662
0 0.616579 0.627730 0.058975 0.046375
0 0.732944 0.409805 0.066873 0.045038
0 0.383375 0.572155 0.067245 0.058864
0 0.571063 0.821585 0.075785 0.056376
0 0.613440 0.537264 0.059838 0.051690
0 0.536272 0.453567 0.056751 0.037205
0 0.388173 0.827447 0.066446 0.060256
0 0.540799 0.563998 0.057178 0.053415
0 0.646354 0.767785 0.056268 0.050493
0 0.540775 0.526576 0.056682 0.044325
0 0.714407 0.350418 0.056963 0.039999
0 0.688686 0.262919 0.048308 0.034708
0 0.599004 0.398694 0.054324 0.042178
0 0.659972 0.131904 0.041410 0.040254
0 0.537552 0.486729 0.061220 0.043968
0 0.605401 0.504451 0.056293 0.044935
0 0.709988 0.319002 0.044379 0.036308
0 0.722985 0.380085 0.054737 0.040834
0 0.384027 0.535281 0.066020 0.043789
0 0.594679 0.367656 0.052814 0.037980
0 0.606923 0.432175 0.053248 0.046758
0 0.657834 0.885940 0.069585 0.056143
0 0.845537 0.884659 0.077912 0.057565
0 0.855176 0.957798 0.080297 0.053420
0 0.604754 0.470554 0.052579 0.042616
0 0.592121 0.337406 0.054139 0.039198
0 0.388572 0.397336 0.049245 0.043820
0 0.575538 0.884991 0.069278 0.060096
0 0.579294 0.958859 0.085136 0.065104
0 0.676115 0.958859 0.085136 0.070112
0 0.696565 0.289663 0.042568 0.036308
0 0.586473 0.269967 0.047121 0.034873