0 0.210011 0.825563 0.092982 0.063249
0 0.309288 0.608737 0.072700 0.048607
0 0.194425 0.897174 0.093867 0.058190
0 0.803418 0.673883 0.077496 0.049160
0 0.641582 0.674277 0.073060 0.049766
0 0.762283 0.537288 0.062943 0.046074
0 0.382170 0.768815 0.079306 0.062331
0 0.659609 0.824961 0.079010 0.060586
0 0.861211 0.970807 0.075226 0.052643
0 0.224266 0.720833 0.069097 0.050547
0 0.776562 0.578203 0.068220 0.045221
0 0.754384 0.500020 0.059115 0.041523
0 0.631428 0.615091 0.064983 0.050391
0 0.389462 0.900465 0.080321 0.065944
0 0.666506 0.890023 0.064280 0.052285
0 0.213416 0.767900 0.065000 0.053900
0 0.543531 0.539170 0.065794 0.050228
0 0.733090 0.432868 0.057179 0.044134
0 0.381144 0.622314 0.064709 0.050371
0 0.398941 0.414557 0.053950 0.039818
0 0.391365 0.966286 0.074761 0.060202
0 0.379225 0.574059 0.073520 0.057767
0 0.812700 0.730755 0.061450 0.053086
0 0.677507 0.960505 0.080829 0.057233
0 0.640152 0.721940 0.076589 0.058750
0 0.380664 0.712936 0.077431 0.060352
0 0.846942 0.902995 0.072704 0.054076
0 0.381827 0.533151 0.068429 0.044896
0 0.602105 0.399137 0.056076 0.041595
0 0.575258 0.772119 0.075126 0.057012
0 0.606866 0.494538 0.056589 0.045286
0 0.553359 0.580218 0.050894 0.043717
0 0.829872 0.835400 0.064110 0.048600
0 0.557161 0.724658 0.071719 0.051322
0 0.651623 0.775729 0.057847 0.048672
0 0.580712 0.969040 0.090165 0.057337
0 0.540137 0.498776 0.059336 0.045964
0 0.620347 0.569561 0.054887 0.049902
0 0.393607 0.449723 0.049531 0.041556
0 0.550497 0.623229 0.067192 0.055039
0 0.558700 0.676930 0.070282 0.050632
0 0.748832 0.464535 0.052951 0.041061
0 0.577713 0.897259 0.071233 0.057826
0 0.386940 0.839154 0.069497 0.059258
0 0.388092 0.487510 0.049223 0.045618
0 0.784718 0.618343 0.058359 0.050944
0 0.722643 0.398470 0.055365 0.041263
0 0.825690 0.778112 0.067856 0.054115
0 0.602613 0.431357 0.054861 0.040098
0 0.608513 0.532952 0.060143 0.046999
0 0.536599 0.432093 0.054961 0.042884
0 0.713069 0.369590 0.052309 0.035286
0 0.671647 0.212331 0.049076 0.037422
0 0.582784 0.232995 0.043572 0.030117
0 0.708928 0.343174 0.054679 0.036230
0 0.538123 0.465579 0.050534 0.039714
0 0.702517 0.313809 0.048038 0.034974
0 0.587107 0.258717 0.049770 0.039674
0 0.588181 0.283574 0.051979 0.037669
0 0.691573 0.286849 0.045178 0.035130
0 0.594924 0.333532 0.054570 0.040762
0 0.679058 0.237458 0.043872 0.035918
0 0.686979 0.264209 0.050217 0.029056
0 0.603372 0.461436 0.055399 0.039668
0 0.589826 0.355830 0.042986 0.040931
0 0.589957 0.307396 0.049913 0.036510