0 0.808114 0.734782 0.065030 0.051413
0 0.852307 0.894753 0.071489 0.051133
0 0.657255 0.832786 0.073963 0.053333
0 0.667543 0.890934 0.060556 0.050462
0 0.845143 0.837770 0.078655 0.050501
0 0.797207 0.686191 0.057122 0.045456
0 0.659505 0.773711 0.074870 0.055586
0 0.584208 0.884238 0.069944 0.056302
0 0.782157 0.636491 0.072431 0.047539
0 0.597023 0.956279 0.093056 0.067806
0 0.389568 0.756123 0.075299 0.053092
0 0.855996 0.962210 0.083503 0.059186
0 0.575638 0.825531 0.071076 0.054212
0 0.774612 0.590404 0.070655 0.052721
0 0.575250 0.771598 0.073346 0.051790
0 0.603116 0.318682 0.037743 0.035632
0 0.654696 0.719541 0.059601 0.047910
0 0.380219 0.821549 0.077287 0.059505
0 0.387276 0.883708 0.064240 0.057441
0 0.764299 0.548548 0.065664 0.042839