0 0.291633 0.604844 0.033986 0.065752
0 0.372696 0.634343 0.072261 0.048360
0 0.378852 0.592364 0.060716 0.044737
0 0.368230 0.684453 0.070360 0.054510
0 0.369185 0.743057 0.073907 0.057256
0 0.653320 0.738964 0.059984 0.049959
0 0.655903 0.821316 0.076246 0.056424
0 0.382738 0.547698 0.064042 0.054034
0 0.874485 0.968179 0.087588 0.053684
0 0.541529 0.376399 0.053192 0.038133
0 0.741617 0.451085 0.062622 0.038009
0 0.575802 0.736283 0.066472 0.050886
0 0.734106 0.416219 0.054936 0.039703
0 0.750987 0.489165 0.058460 0.039290
0 0.838527 0.792268 0.065363 0.048477
0 0.392097 0.449477 0.056113 0.037233
0 0.728640 0.386192 0.058545 0.042816
0 0.683185 0.209490 0.048943 0.034464
0 0.383154 0.482674 0.058443 0.042164
0 0.398118 0.377484 0.057208 0.042227
0 0.587106 0.950981 0.083792 0.057033
0 0.571435 0.819721 0.076507 0.055619
0 0.402156 0.416234 0.054861 0.041798
0 0.387401 0.512143 0.049905 0.038262
0 0.640228 0.595889 0.062769 0.047460
0 0.631571 0.552718 0.060115 0.041956
0 0.556287 0.506637 0.054609 0.041223
0 0.819769 0.741456 0.060301 0.045676
0 0.562421 0.542581 0.058644 0.041118
0 0.623408 0.514897 0.056257 0.042662
0 0.604754 0.302873 0.052577 0.036435
0 0.706422 0.315051 0.040582 0.036865
0 0.607681 0.354196 0.051978 0.033015
0 0.780884 0.598236 0.061741 0.044746
0 0.364577 0.931337 0.073136 0.056844
0 0.550584 0.470690 0.050917 0.034224
0 0.550527 0.436180 0.053523 0.035465
0 0.721485 0.358481 0.046145 0.029962
0 0.572696 0.883676 0.075508 0.051526
0 0.615628 0.477727 0.060838 0.043614
0 0.652328 0.882379 0.069662 0.052851
0 0.373715 0.810221 0.060596 0.052032
0 0.365940 0.872972 0.061886 0.052202
0 0.768856 0.558769 0.060824 0.040699
0 0.642903 0.686514 0.062631 0.049757
0 0.636705 0.640765 0.055712 0.045542
0 0.607293 0.407217 0.048129 0.038022
0 0.702350 0.289235 0.056037 0.039208
0 0.565462 0.580884 0.050381 0.044566
0 0.593473 0.225936 0.045915 0.035091
0 0.763621 0.515659 0.047662 0.036795
0 0.610208 0.387449 0.053356 0.034797
0 0.612086 0.442735 0.052911 0.041224
0 0.839991 0.854382 0.071589 0.052470
0 0.591965 0.185613 0.048108 0.032283
0 0.692401 0.242147 0.040301 0.032513
0 0.602463 0.250225 0.038797 0.033804
0 0.698378 0.266660 0.047288 0.029114
0 0.567050 0.633085 0.064339 0.046183
0 0.603745 0.326279 0.047919 0.038176
0 0.570947 0.682166 0.058427 0.051332
0 0.667768 0.966371 0.061765 0.056340
0 0.601412 0.278395 0.049245 0.035056
0 0.596404 0.203275 0.039229 0.032552
0 0.794638 0.645232 0.056757 0.052584
0 0.798811 0.695312 0.065104 0.052584