0 0.666883 0.901389 0.060250 0.053553
0 0.881231 0.967331 0.090400 0.058234
0 0.729907 0.700010 0.037907 0.091191
0 0.619358 0.562600 0.058427 0.047576
0 0.578042 0.842423 0.065939 0.056340
0 0.582215 0.905023 0.072616 0.053836
0 0.792551 0.653370 0.069278 0.048828
0 0.795055 0.697191 0.065939 0.046324
0 0.807993 0.741011 0.060096 0.041316
0 0.826356 0.789213 0.075120 0.047576
0 0.839710 0.844927 0.071782 0.051332
0 0.857238 0.897511 0.070112 0.051332
0 0.380225 0.901267 0.097656 0.066356
0 0.697399 0.291541 0.045907 0.033804