0 0.810260 0.675130 0.076667 0.049792
0 0.736764 0.431331 0.057339 0.040202
0 0.796250 0.629150 0.060885 0.043770
0 0.756372 0.502155 0.064227 0.043581
0 0.865152 0.895433 0.089323 0.055046
0 0.388780 0.593516 0.066415 0.047318
0 0.594913 0.350514 0.051684 0.037201
0 0.589484 0.958457 0.084071 0.061367
0 0.875276 0.969629 0.085195 0.055755
0 0.627489 0.628861 0.057088 0.043333
0 0.377943 0.923626 0.078620 0.058164
0 0.391693 0.751670 0.072274 0.056087
0 0.818750 0.728200 0.074271 0.050306
0 0.779748 0.583558 0.068585 0.045566
0 0.571003 0.760863 0.073377 0.055462
0 0.661204 0.883245 0.074388 0.057598
0 0.745093 0.466637 0.060291 0.039785
0 0.578251 0.886025 0.072109 0.056895
0 0.841070 0.840804 0.084857 0.052064
0 0.650399 0.773154 0.066085 0.051400
0 0.390946 0.804375 0.061901 0.051654
0 0.393526 0.473060 0.060074 0.041302
0 0.565360 0.827246 0.069436 0.056328
0 0.381686 0.693151 0.079405 0.061328
0 0.638819 0.723389 0.052743 0.041973
0 0.379156 0.855407 0.063355 0.057194
0 0.617567 0.508193 0.060430 0.043079
0 0.618116 0.588320 0.060747 0.046445
0 0.547062 0.523105 0.060521 0.041237
0 0.546528 0.606038 0.058255 0.043236
0 0.542823 0.446423 0.051185 0.039408
0 0.834772 0.782939 0.069136 0.053561
0 0.545004 0.482633 0.051745 0.040254
0 0.564711 0.704046 0.072096 0.052454
0 0.634143 0.672367 0.065881 0.047767
0 0.731352 0.397061 0.056584 0.038574
0 0.385924 0.637093 0.066267 0.049368
0 0.765562 0.538844 0.060004 0.044655
0 0.537424 0.416071 0.042244 0.035710
0 0.624481 0.549398 0.063303 0.045241
0 0.671226 0.954990 0.062878 0.054134
0 0.395052 0.546559 0.061649 0.048652
0 0.553824 0.650055 0.069852 0.051335
0 0.655028 0.826012 0.064596 0.053548
0 0.397010 0.510928 0.063524 0.042389
0 0.599785 0.412448 0.056758 0.042383
0 0.590425 0.383226 0.056016 0.035983
0 0.547057 0.559854 0.048984 0.042324
0 0.609349 0.473604 0.052535 0.040592
0 0.713101 0.337663 0.054735 0.037070
0 0.720914 0.366865 0.057947 0.035566
0 0.696771 0.270638 0.052483 0.030508
0 0.690762 0.239329 0.039787 0.033815
0 0.703112 0.292917 0.048030 0.030794
0 0.610436 0.442093 0.044570 0.036165
0 0.705601 0.313223 0.042166 0.028112