0 0.398091 0.692797 0.067873 0.054894
0 0.223143 0.707157 0.037368 0.084543
0 0.765645 0.580245 0.066922 0.043758
0 0.402990 0.414528 0.058847 0.040204
0 0.393725 0.557592 0.067317 0.047576
0 0.392217 0.633105 0.065265 0.053710
0 0.417953 0.366393 0.055523 0.038185
0 0.754887 0.537301 0.053137 0.043286
0 0.403202 0.749176 0.065215 0.053283
0 0.780877 0.621327 0.061391 0.051413
0 0.410996 0.808174 0.077705 0.052597
0 0.878259 0.948590 0.090421 0.056817
0 0.793353 0.667005 0.056352 0.043734
0 0.682095 0.238275 0.044962 0.032171
0 0.389537 0.505836 0.065626 0.051027
0 0.734369 0.431843 0.048659 0.039217
0 0.537931 0.456128 0.055341 0.042643
0 0.726612 0.404668 0.057594 0.034697
0 0.391385 0.443750 0.043619 0.042387
0 0.717001 0.373748 0.055063 0.039664
0 0.390727 0.596404 0.053282 0.045072
0 0.815590 0.718794 0.075626 0.047830
0 0.691767 0.262325 0.051736 0.033936
0 0.537449 0.491977 0.052138 0.042982
0 0.393349 0.474334 0.046367 0.036308
0 0.534044 0.534829 0.055216 0.045136
0 0.600664 0.426340 0.045734 0.037144
0 0.543622 0.572459 0.048916 0.042500
0 0.706384 0.309546 0.049432 0.038813
0 0.632355 0.656738 0.056484 0.045967
0 0.575952 0.823743 0.066768 0.056139
0 0.589107 0.364511 0.053824 0.043113
0 0.536149 0.394354 0.053396 0.037846
0 0.413490 0.868044 0.060617 0.051570
0 0.601232 0.254208 0.049691 0.037718
0 0.653616 0.825384 0.062020 0.048300
0 0.400939 0.933977 0.083724 0.060760
0 0.715075 0.342893 0.056369 0.036653
0 0.536500 0.424331 0.047787 0.035191
0 0.602240 0.490653 0.055249 0.042501
0 0.576530 0.883059 0.076139 0.053461
0 0.607050 0.340253 0.049656 0.038580
0 0.613104 0.572228 0.056279 0.042977
0 0.601680 0.310665 0.050380 0.038126
0 0.755772 0.500937 0.054361 0.043198
0 0.656065 0.886846 0.073998 0.054699
0 0.560854 0.650612 0.070634 0.047771
0 0.850144 0.877221 0.072007 0.049291
0 0.619874 0.613898 0.062401 0.042500
0 0.824322 0.765623 0.075744 0.049266
0 0.591396 0.955729 0.084302 0.062600
0 0.569695 0.766051 0.067608 0.053836
0 0.568860 0.709711 0.052584 0.046324
0 0.666934 0.951973 0.056757 0.055088
0 0.645232 0.767303 0.056757 0.056340
0 0.637720 0.712215 0.066774 0.048828
0 0.606003 0.532552 0.056757 0.042568
0 0.603082 0.459936 0.052584 0.045072
0 0.595987 0.400466 0.051749 0.041316
0 0.601412 0.282777 0.034221 0.033804
0 0.706581 0.287159 0.044237 0.030048
0 0.753322 0.468074 0.045907 0.041316
0 0.835537 0.823017 0.066774 0.050080