0 0.213531 0.734144 0.053792 0.123037
0 0.598349 0.312014 0.039604 0.032946
0 0.384780 0.919735 0.058670 0.056667
0 0.408186 0.369792 0.058427 0.042568
0 0.417785 0.440530 0.044237 0.038812
0 0.419454 0.478090 0.050915 0.043820
0 0.413612 0.520658 0.050915 0.038812
0 0.414029 0.565730 0.060096 0.046324
0 0.410690 0.646484 0.070112 0.047576
0 0.409438 0.692808 0.069278 0.045072
0 0.406934 0.742263 0.057592 0.048828
0 0.401092 0.802985 0.077624 0.052584
0 0.394414 0.861829 0.060931 0.060096
0 0.393997 0.975135 0.080128 0.043820
0 0.540481 0.404222 0.052584 0.041316
0 0.541733 0.438026 0.055088 0.038812
0 0.550080 0.519406 0.061765 0.043820
0 0.547159 0.602038 0.064269 0.041316
0 0.550915 0.646484 0.061765 0.047576
0 0.559261 0.699069 0.070112 0.052584
0 0.560931 0.800481 0.083467 0.062600
0 0.587223 0.874349 0.069278 0.052584
0 0.590144 0.934445 0.070112 0.060096
0 0.677367 0.984425 0.060931 0.029848
0 0.670272 0.926307 0.061765 0.056340
0 0.668186 0.866211 0.065939 0.053836
0 0.651492 0.806741 0.069278 0.057592
0 0.646902 0.749149 0.061765 0.052584
0 0.636051 0.692182 0.060096 0.051332
0 0.625200 0.645858 0.063435 0.046324
0 0.621027 0.598908 0.068443 0.050080
0 0.618523 0.555088 0.056757 0.040064
0 0.615184 0.513146 0.056757 0.041316
0 0.615184 0.482472 0.063435 0.040064
0 0.608924 0.449294 0.059261 0.033804
0 0.603499 0.411734 0.046741 0.036308
0 0.596822 0.376052 0.041733 0.035056
0 0.602664 0.349760 0.041733 0.032552
0 0.602247 0.282777 0.054253 0.038812
0 0.599326 0.233323 0.045072 0.040064
0 0.591814 0.203275 0.048411 0.035056
0 0.684879 0.235827 0.049245 0.037560
0 0.700738 0.284655 0.055923 0.037560
0 0.699903 0.313452 0.044237 0.030048
0 0.709502 0.338492 0.045072 0.037560
0 0.726613 0.379808 0.055923 0.030048
0 0.734125 0.409230 0.047576 0.038812
0 0.739550 0.467448 0.060096 0.037560
0 0.758330 0.498748 0.050915 0.040064
0 0.759582 0.536308 0.061765 0.037560
0 0.767094 0.576372 0.063435 0.040064
0 0.782953 0.626452 0.061765 0.045072
0 0.795473 0.670898 0.061765 0.048828
0 0.801733 0.719727 0.072616 0.053836
0 0.825521 0.773563 0.083467 0.053836
0 0.838041 0.831781 0.080128 0.055088
0 0.853065 0.901267 0.070112 0.056340
0 0.863081 0.970753 0.088475 0.055088