0 0.595425 0.223380 0.042023 0.032407
0 0.404822 0.373774 0.058830 0.045800
0 0.659783 0.774493 0.071059 0.054479
0 0.667556 0.833622 0.077214 0.063926
0 0.398640 0.731694 0.064550 0.047870
0 0.569084 0.701855 0.073279 0.052859
0 0.401307 0.786501 0.073576 0.053574
0 0.816362 0.759298 0.073407 0.052317
0 0.587042 0.943044 0.080894 0.056128
0 0.850287 0.880954 0.071227 0.050416
0 0.716931 0.369061 0.058430 0.040807
0 0.872136 0.940599 0.073671 0.057578
0 0.666162 0.895533 0.068317 0.057793
0 0.835575 0.818994 0.074042 0.049121
0 0.652177 0.717852 0.066239 0.055081
0 0.646733 0.662213 0.056850 0.046308
0 0.763126 0.539221 0.066953 0.047600
0 0.398747 0.634161 0.072551 0.051703
0 0.707003 0.336086 0.043374 0.036640
0 0.399256 0.680860 0.054014 0.047142
0 0.583509 0.805180 0.069449 0.052139
0 0.395260 0.589209 0.047852 0.042216
0 0.611283 0.457614 0.054543 0.039701
0 0.397753 0.846179 0.057592 0.048828
0 0.386068 0.909405 0.075955 0.065104
0 0.553836 0.520032 0.052584 0.042568
0 0.559261 0.563852 0.060096 0.045072
0 0.557592 0.608924 0.053419 0.045072
0 0.567608 0.651492 0.065104 0.045072
0 0.582632 0.873097 0.073451 0.062600
0 0.605586 0.392328 0.052584 0.037560
0 0.615602 0.426132 0.050915 0.042568
0 0.618106 0.496870 0.052584 0.043820
0 0.622279 0.538812 0.062600 0.045072
0 0.667351 0.959485 0.062600 0.055088
0 0.636886 0.618314 0.060096 0.048828
0 0.628956 0.579502 0.055923 0.048828
0 0.729951 0.407352 0.052584 0.045072
0 0.740802 0.441782 0.044237 0.036308
0 0.743723 0.471830 0.060096 0.038812
0 0.750401 0.505634 0.063435 0.038812
0 0.770015 0.586388 0.067608 0.050080
0 0.790882 0.637720 0.065939 0.047576
0 0.798394 0.682792 0.059261 0.047576
0 0.600160 0.252103 0.039229 0.035056