0 0.213034 0.766865 0.046780 0.107598
0 0.391487 0.913451 0.085786 0.057461
0 0.545770 0.530947 0.054457 0.041478
0 0.276645 0.752484 0.038368 0.094121
0 0.403674 0.383359 0.059067 0.045495
0 0.387209 0.666960 0.070990 0.048958
0 0.392986 0.846989 0.080764 0.054759
0 0.391860 0.781156 0.072582 0.052754
0 0.384086 0.723522 0.067730 0.048776
0 0.536628 0.449521 0.054523 0.041829
0 0.391691 0.618063 0.065456 0.046543
0 0.650757 0.782575 0.068997 0.052454
0 0.826055 0.781715 0.076649 0.049590
0 0.801426 0.677305 0.077096 0.049076
0 0.256599 0.585133 0.034284 0.065762
0 0.778199 0.583617 0.071007 0.044941
0 0.587841 0.905632 0.075091 0.058385
0 0.752513 0.499450 0.060460 0.042337
0 0.602372 0.429997 0.056280 0.040033
0 0.587346 0.263831 0.038103 0.031790
0 0.392986 0.569440 0.061311 0.047044
0 0.557743 0.671465 0.070165 0.051159
0 0.583305 0.841898 0.074614 0.057363
0 0.572669 0.779209 0.067977 0.051960
0 0.573542 0.722412 0.071024 0.052064
0 0.643904 0.720251 0.059154 0.047832
0 0.876775 0.971012 0.084948 0.053405
0 0.766385 0.541761 0.060313 0.042285
0 0.812680 0.724476 0.069735 0.047233
0 0.553049 0.621641 0.059023 0.048229
0 0.634590 0.671064 0.068121 0.050293
0 0.594091 0.972786 0.076879 0.052448
0 0.850475 0.899284 0.071523 0.058529
0 0.610953 0.499167 0.055916 0.043919
0 0.624779 0.625146 0.062014 0.047780
0 0.616595 0.538656 0.059353 0.042936
0 0.660054 0.842578 0.063277 0.053529
0 0.587595 0.368255 0.052465 0.035560
0 0.395734 0.492604 0.062891 0.042878
0 0.836643 0.837419 0.063815 0.051374
0 0.787609 0.633294 0.069332 0.045299
0 0.741016 0.456637 0.066701 0.045684
0 0.620888 0.579993 0.066784 0.046354
0 0.393850 0.528366 0.067040 0.048008
0 0.707960 0.358812 0.048672 0.035579
0 0.660158 0.904385 0.059822 0.051204
0 0.672637 0.968577 0.063086 0.056882
0 0.701102 0.304792 0.041832 0.033750
0 0.599034 0.340706 0.052496 0.037194
0 0.593522 0.399730 0.055820 0.036582
0 0.600000 0.312650 0.051259 0.037018
0 0.536341 0.415830 0.044115 0.039316
0 0.707552 0.332549 0.049896 0.032754
0 0.691955 0.276214 0.043624 0.035150
0 0.526903 0.385371 0.045352 0.034974
0 0.727515 0.423128 0.051003 0.034668