0 0.611741 0.527990 0.065393 0.049816
0 0.827065 0.720601 0.080658 0.051619
0 0.601015 0.356601 0.050930 0.037266
0 0.618463 0.572557 0.060696 0.048053
0 0.738979 0.461508 0.052580 0.043151
0 0.606314 0.471886 0.048623 0.040176
0 0.622387 0.625598 0.061926 0.049668
0 0.594504 0.271569 0.048867 0.043588
0 0.813138 0.670701 0.072894 0.056175
0 0.831279 0.777342 0.082158 0.059280
0 0.782885 0.566402 0.062211 0.049474
0 0.797632 0.613168 0.064872 0.050329
0 0.600610 0.301737 0.047426 0.037503
0 0.765178 0.522652 0.061756 0.047014
0 0.623100 0.672941 0.059097 0.049154
0 0.652173 0.848027 0.058698 0.052130
0 0.639914 0.786028 0.070119 0.050388
0 0.733701 0.426365 0.055856 0.040335
0 0.709052 0.302433 0.051301 0.033391
0 0.583664 0.168855 0.039554 0.030593
0 0.840538 0.842328 0.071831 0.052112
0 0.724140 0.396346 0.055271 0.042152
0 0.628655 0.724751 0.065652 0.053755
0 0.386390 0.719970 0.055079 0.049039
0 0.549258 0.662033 0.072212 0.049170
0 0.373112 0.899375 0.084154 0.055715
0 0.579129 0.969887 0.086160 0.052885
0 0.858453 0.902406 0.070001 0.053072
0 0.555995 0.716803 0.068674 0.050219
0 0.390583 0.671903 0.051748 0.047016
0 0.663432 0.972518 0.061440 0.047699
0 0.653586 0.909776 0.059878 0.051202
0 0.871089 0.964806 0.092286 0.062529
0 0.377374 0.832698 0.058867 0.045391
0 0.397045 0.630115 0.059964 0.042434
0 0.568860 0.840545 0.068443 0.051332
0 0.577624 0.906901 0.070947 0.056340
0 0.603499 0.444286 0.045907 0.035056