0 0.558361 0.767268 0.074806 0.048520
0 0.370276 0.658990 0.069760 0.049400
0 0.367934 0.715375 0.069164 0.049837
0 0.844484 0.882129 0.071341 0.054321
0 0.649450 0.770816 0.055642 0.051549
0 0.622094 0.603952 0.059620 0.043677
0 0.782265 0.626612 0.072509 0.047496
0 0.562199 0.834845 0.078005 0.060061
0 0.790309 0.672149 0.060009 0.046596
0 0.628347 0.653586 0.071784 0.043497
0 0.858824 0.961588 0.076058 0.060129
0 0.823510 0.820790 0.061581 0.048522
0 0.375327 0.769271 0.078239 0.061168
0 0.368041 0.715389 0.069663 0.050884
0 0.640453 0.719733 0.051076 0.041511
0 0.608102 0.538094 0.054465 0.040169
0 0.565335 0.705391 0.070187 0.047186
0 0.668207 0.834116 0.063392 0.056678
0 0.570530 0.155699 0.048411 0.036308
0 0.376052 0.840545 0.068443 0.056340
0 0.575120 0.894381 0.069278 0.058844
0 0.585554 0.966997 0.083467 0.061348
0 0.553836 0.655874 0.061765 0.050080
0 0.674446 0.897511 0.065939 0.060096
0 0.701990 0.973470 0.060931 0.051758
0 0.860994 0.772937 0.061765 0.056340
0 0.765425 0.580128 0.065939 0.048828
0 0.759582 0.541316 0.059261 0.046324
0 0.750401 0.504382 0.054253 0.040064