0 0.781220 0.633226 0.073984 0.051999
0 0.556793 0.727816 0.075807 0.053366
0 0.563351 0.780817 0.086102 0.062116
0 0.729217 0.412008 0.061931 0.041400
0 0.401070 0.629912 0.068615 0.055879
0 0.854772 0.964515 0.092148 0.060540
0 0.573448 0.840120 0.073737 0.055592
0 0.387945 0.781341 0.070334 0.052995
0 0.625035 0.632725 0.068429 0.050488
0 0.213776 0.741449 0.039913 0.078561
0 0.580629 0.900677 0.077153 0.061797
0 0.581094 0.961110 0.081571 0.060501
0 0.824870 0.780736 0.077925 0.053737
0 0.691163 0.967998 0.076814 0.056022
0 0.651053 0.835859 0.065273 0.056602
0 0.746126 0.479922 0.059718 0.038646
0 0.663594 0.898307 0.058785 0.047070
0 0.543461 0.629827 0.058329 0.046829
0 0.392865 0.844645 0.081571 0.057507
0 0.601801 0.442360 0.056589 0.040254
0 0.395829 0.678389 0.069939 0.052012
0 0.616196 0.475358 0.057782 0.041341
0 0.738698 0.446247 0.058724 0.040918
0 0.617018 0.545107 0.052882 0.045189
0 0.836773 0.836257 0.074058 0.055664
0 0.403746 0.584105 0.068628 0.046621
0 0.797645 0.680339 0.075178 0.052891
0 0.623720 0.587497 0.066267 0.048887
0 0.647059 0.780446 0.057582 0.051725
0 0.540293 0.583659 0.049067 0.045169
0 0.754685 0.512129 0.061680 0.042943
0 0.543422 0.507546 0.063659 0.044115
0 0.614062 0.509294 0.057274 0.044382
0 0.767198 0.587865 0.067687 0.049740
0 0.848522 0.895420 0.074076 0.056686
0 0.558316 0.677171 0.070503 0.051556
0 0.641105 0.726523 0.062791 0.050078
0 0.386589 0.728877 0.059878 0.052819
0 0.634178 0.678099 0.061567 0.050286
0 0.542628 0.543066 0.056506 0.045052
0 0.804631 0.726380 0.073377 0.050495
0 0.539303 0.440319 0.057921 0.040143
0 0.757871 0.549710 0.062122 0.043717
0 0.533659 0.408102 0.046710 0.038470
0 0.719334 0.382865 0.055803 0.035352
0 0.392201 0.908281 0.067891 0.052643
0 0.330957 0.586230 0.070673 0.047904
0 0.700336 0.308994 0.047166 0.040163
0 0.397923 0.540410 0.068607 0.051328
0 0.404531 0.434958 0.063220 0.047546
0 0.597044 0.411090 0.051276 0.036322
0 0.596315 0.379697 0.043906 0.039707
0 0.400781 0.468490 0.060365 0.041471
0 0.542804 0.474310 0.058837 0.038177
0 0.715497 0.358447 0.056454 0.031999
0 0.403895 0.499860 0.061801 0.047077
0 0.595252 0.353311 0.041641 0.036738
0 0.593242 0.326595 0.041615 0.038737