0 0.749601 0.488891 0.061599 0.043395
0 0.769225 0.565858 0.067496 0.043929
0 0.560849 0.680775 0.064970 0.055216
0 0.570933 0.788994 0.072829 0.052411
0 0.626149 0.597702 0.053190 0.045163
0 0.652400 0.788113 0.064645 0.048873
0 0.578179 0.845525 0.061738 0.056035
0 0.656537 0.843516 0.058111 0.048243
0 0.758904 0.524982 0.061285 0.048635
0 0.392767 0.785973 0.080920 0.058624
0 0.715929 0.318808 0.054208 0.042017
0 0.820246 0.795996 0.068447 0.054568
0 0.731859 0.393732 0.057633 0.036832
0 0.603833 0.419689 0.048846 0.043523
0 0.630664 0.641467 0.066676 0.050472
0 0.795789 0.687782 0.075048 0.046367
0 0.612263 0.558844 0.057592 0.040064
0 0.707720 0.287685 0.050896 0.035518
0 0.740483 0.454203 0.061571 0.045315
0 0.579080 0.903275 0.073334 0.050694
0 0.568285 0.728963 0.075262 0.047810
0 0.646198 0.735067 0.055163 0.045660
0 0.734460 0.421372 0.052842 0.033224
0 0.408391 0.687803 0.068852 0.047582
0 0.716244 0.361913 0.050673 0.041170
0 0.401926 0.854943 0.065939 0.056340
0 0.591302 0.358092 0.047150 0.039222
0 0.558059 0.630170 0.060718 0.045584
0 0.576263 0.972206 0.088550 0.049611
0 0.694025 0.246736 0.039788 0.031054
0 0.843320 0.853880 0.073816 0.066327
0 0.842121 0.909782 0.073751 0.063287
0 0.601710 0.456613 0.051988 0.040930
0 0.601658 0.489997 0.052092 0.045045
0 0.411525 0.637720 0.050080 0.050080
0 0.395666 0.918795 0.088475 0.061348
0 0.663595 0.918169 0.058427 0.055088
0 0.662343 0.980669 0.065939 0.037360
0 0.594318 0.391702 0.043403 0.033804
0 0.546741 0.520032 0.061765 0.045072
0 0.866420 0.977539 0.083467 0.043620