0 0.810587 0.737375 0.080725 0.052931
0 0.790229 0.645652 0.072380 0.049974
0 0.806508 0.688110 0.074768 0.047045
0 0.767245 0.516412 0.067075 0.044799
0 0.754753 0.476866 0.057322 0.041084
0 0.788227 0.601520 0.059067 0.047686
0 0.775493 0.556328 0.066335 0.044124
0 0.569985 0.730272 0.068722 0.051349
0 0.569518 0.681166 0.066099 0.047802
0 0.572246 0.784320 0.072716 0.055958
0 0.650317 0.787511 0.062572 0.048085
0 0.651754 0.846787 0.076657 0.053296
0 0.643633 0.688263 0.070362 0.051528
0 0.839104 0.846523 0.070647 0.049975
0 0.698998 0.292892 0.048171 0.042183
0 0.640017 0.734442 0.054920 0.041593
0 0.748122 0.438699 0.057045 0.040109
0 0.817489 0.786954 0.061584 0.048446
0 0.560494 0.627404 0.049283 0.046976
0 0.710609 0.344126 0.049536 0.031300
0 0.726613 0.368540 0.055923 0.040064
0 0.736049 0.406139 0.052962 0.040188
0 0.696565 0.260867 0.042568 0.037560
0 0.857979 0.908068 0.089029 0.059699
0 0.618821 0.519758 0.059501 0.039515
0 0.626176 0.560729 0.061066 0.044502
0 0.631953 0.637318 0.061676 0.052275
0 0.685296 0.213291 0.041733 0.030048
0 0.401925 0.513672 0.054172 0.042357
0 0.575546 0.846710 0.070689 0.048921
0 0.669096 0.152049 0.040747 0.030260
0 0.401599 0.474927 0.054908 0.045007
0 0.401346 0.440014 0.051311 0.033696
0 0.706764 0.318346 0.048879 0.032779
0 0.419037 0.346004 0.043403 0.037560
0 0.414446 0.386694 0.057592 0.043820
0 0.397753 0.553210 0.049245 0.038812
0 0.396084 0.594526 0.062600 0.043820
0 0.392328 0.630834 0.050080 0.041316
0 0.391910 0.684044 0.054253 0.045072
0 0.311782 0.680288 0.074286 0.045072
0 0.386902 0.733499 0.075955 0.051332
0 0.336822 0.777319 0.060931 0.053836
0 0.334736 0.843675 0.060096 0.051332
0 0.332649 0.905023 0.064269 0.056340
0 0.552584 0.513772 0.056757 0.037560
0 0.553001 0.551332 0.052584 0.037560
0 0.560931 0.592648 0.050080 0.042568
0 0.578876 0.913161 0.069278 0.060096
0 0.589310 0.975761 0.086806 0.045072
0 0.660256 0.910657 0.063435 0.052584
0 0.673194 0.974509 0.065939 0.047576
0 0.631460 0.602038 0.050915 0.041316
0 0.615184 0.481846 0.051749 0.041316
0 0.609759 0.448042 0.052584 0.038812
0 0.606420 0.415490 0.047576 0.033804
0 0.599326 0.386068 0.048411 0.037560
0 0.593900 0.356646 0.049245 0.033804
0 0.589310 0.334736 0.051749 0.027544
0 0.593066 0.306566 0.049245 0.033804
0 0.588475 0.279647 0.048411 0.032552
0 0.586388 0.257737 0.047576 0.031300
0 0.578876 0.230819 0.049245 0.032552
0 0.580128 0.210787 0.041733 0.030048
0 0.575955 0.188877 0.031717 0.026292
0 0.570530 0.170097 0.042568 0.031300
0 0.572199 0.150065 0.039229 0.031300
0 0.673194 0.170723 0.040899 0.025040
0 0.679036 0.192633 0.042568 0.026292
0 0.690722 0.237705 0.042568 0.028796
0 0.860577 0.975035 0.075120 0.048628