0 0.380317 0.819886 0.080200 0.058288
0 0.395916 0.701432 0.072283 0.050208
0 0.764104 0.546654 0.065343 0.041315
0 0.389151 0.754229 0.074258 0.055306
0 0.404885 0.366354 0.057999 0.045898
0 0.540716 0.428118 0.061059 0.043177
0 0.563197 0.619202 0.063329 0.044342
0 0.391024 0.646813 0.069227 0.051243
0 0.844768 0.836126 0.079562 0.050547
0 0.788049 0.637061 0.073129 0.048887
0 0.755566 0.510869 0.065490 0.039147
0 0.555961 0.574342 0.060438 0.044583
0 0.774466 0.587386 0.071536 0.046673
0 0.389206 0.880322 0.065547 0.056725
0 0.728099 0.399808 0.053611 0.041842
0 0.576029 0.824105 0.070564 0.052741
0 0.573952 0.769535 0.075707 0.051986
0 0.852033 0.893607 0.071957 0.051172
0 0.617181 0.507969 0.057530 0.040977
0 0.623963 0.547357 0.060165 0.044349
0 0.636751 0.630039 0.062808 0.042982
0 0.716962 0.369733 0.051823 0.038841
0 0.659347 0.774004 0.074848 0.055990
0 0.625671 0.587552 0.060299 0.045560
0 0.567593 0.667464 0.060829 0.045410
0 0.855610 0.960635 0.084492 0.058548
0 0.571638 0.715055 0.061949 0.048587
0 0.593301 0.225088 0.044579 0.034043
0 0.400796 0.494017 0.048711 0.039674
0 0.807209 0.736338 0.066979 0.051426
0 0.796938 0.685651 0.057921 0.046068
0 0.583785 0.885290 0.069549 0.058366
0 0.611645 0.472461 0.055642 0.038945
0 0.745232 0.464310 0.055855 0.039740
0 0.655182 0.718307 0.059635 0.048047
0 0.552448 0.497298 0.059358 0.041628
0 0.607198 0.438883 0.054206 0.039395
0 0.643012 0.672513 0.066493 0.046680
0 0.657493 0.832428 0.073268 0.055964
0 0.596304 0.957249 0.091610 0.066556
0 0.550560 0.534404 0.048281 0.040905
0 0.707843 0.316162 0.053819 0.040462
0 0.397001 0.563551 0.065660 0.048770
0 0.601211 0.352630 0.052049 0.035182
0 0.667266 0.892568 0.061259 0.053770
0 0.741547 0.431676 0.046931 0.040710
0 0.602040 0.404899 0.049271 0.041595
0 0.676474 0.975824 0.062678 0.048353
0 0.682928 0.215065 0.046003 0.032656
0 0.545213 0.464118 0.049323 0.038340
0 0.701769 0.290182 0.047669 0.034245
0 0.602489 0.270387 0.051888 0.035944
0 0.399160 0.528470 0.047852 0.037188
0 0.397728 0.604938 0.050421 0.043900
0 0.600901 0.378278 0.047609 0.033639
0 0.691916 0.262438 0.038338 0.033053
0 0.684527 0.238708 0.048333 0.032507
0 0.602355 0.317663 0.039605 0.036068
0 0.600514 0.295270 0.048589 0.034408