0 0.562685 0.741689 0.075210 0.053532
0 0.376215 0.721211 0.075705 0.053365
0 0.568568 0.793993 0.067462 0.055736
0 0.575127 0.853116 0.074288 0.057082
0 0.564153 0.687164 0.067978 0.050290
0 0.765349 0.562414 0.065139 0.040466
0 0.833232 0.845249 0.076392 0.055697
0 0.384590 0.670831 0.071248 0.049543
0 0.386473 0.624077 0.067920 0.047236
0 0.366869 0.851094 0.064272 0.053650
0 0.863546 0.969903 0.090884 0.053388
0 0.812520 0.744133 0.077752 0.052599
0 0.082295 0.967031 0.090886 0.060165
0 0.669659 0.904803 0.061221 0.054812
0 0.387195 0.582734 0.049389 0.040346
0 0.832007 0.792058 0.063817 0.051902
0 0.643279 0.734125 0.067341 0.050080
0 0.625284 0.639506 0.061599 0.043636
0 0.774052 0.601565 0.070576 0.054517
0 0.657686 0.853659 0.058293 0.051397
0 0.585310 0.915649 0.073103 0.052552
0 0.741104 0.456624 0.063965 0.042488
0 0.759583 0.524722 0.063964 0.042517
0 0.640074 0.684599 0.063674 0.051538
0 0.652521 0.787335 0.075566 0.056340
0 0.545992 0.553690 0.061462 0.040656
0 0.734089 0.421312 0.057452 0.040678
0 0.680049 0.970252 0.078177 0.054175
0 0.552167 0.636468 0.059261 0.050080
0 0.794395 0.693332 0.077276 0.054040
0 0.548008 0.589918 0.049215 0.045524
0 0.619342 0.594726 0.060522 0.042689
0 0.540609 0.513863 0.051887 0.041384
0 0.610206 0.519268 0.063376 0.041039
0 0.364111 0.781241 0.073775 0.061016
0 0.612555 0.551950 0.056081 0.045737
0 0.794251 0.646075 0.061491 0.049099
0 0.383775 0.509980 0.052162 0.042497
0 0.751742 0.491041 0.055940 0.036132
0 0.720353 0.369716 0.053419 0.035207
0 0.714527 0.341415 0.053453 0.039225
0 0.383937 0.543004 0.046830 0.040937
0 0.541679 0.441159 0.055830 0.034705
0 0.591169 0.974104 0.066393 0.046765
0 0.543127 0.475018 0.048249 0.043091
0 0.607445 0.479342 0.053873 0.046324
0 0.851286 0.904597 0.074263 0.051232
0 0.697795 0.310446 0.040107 0.034052
0 0.605586 0.449920 0.054253 0.040064
0 0.600160 0.417368 0.050080 0.040064
0 0.593066 0.385442 0.049245 0.038812
0 0.727030 0.396084 0.050080 0.035056