0 0.855334 0.961790 0.083828 0.060742
0 0.781697 0.636406 0.073681 0.048789
0 0.765009 0.547770 0.066484 0.042480
0 0.574006 0.770615 0.076476 0.054486
0 0.575844 0.824792 0.071819 0.054857
0 0.596593 0.957695 0.093012 0.070911
0 0.583609 0.884801 0.070013 0.058340
0 0.567394 0.669388 0.061393 0.045586
0 0.377235 0.949049 0.084957 0.066406
0 0.659607 0.775465 0.074240 0.056777
0 0.388991 0.756484 0.075577 0.056758
0 0.379985 0.821445 0.079266 0.058229
0 0.716957 0.370511 0.051536 0.039017
0 0.845467 0.837712 0.078746 0.053613
0 0.555211 0.576540 0.060152 0.043796
0 0.388175 0.882793 0.065065 0.058281
0 0.657509 0.832640 0.076007 0.056999
0 0.796921 0.685508 0.058398 0.044609
0 0.852257 0.894980 0.072118 0.053776
0 0.832578 0.783857 0.068724 0.054199
0 0.623698 0.550133 0.061441 0.045658
0 0.667684 0.891989 0.060022 0.052337
0 0.643040 0.675827 0.067765 0.049232
0 0.562595 0.620908 0.062413 0.048392
0 0.774514 0.589027 0.071345 0.048665
0 0.756076 0.511338 0.066172 0.041022
0 0.404164 0.403809 0.055386 0.042865
0 0.551827 0.499108 0.059601 0.042292
0 0.390927 0.648249 0.069753 0.054727
0 0.397428 0.563988 0.066237 0.049395
0 0.571569 0.716963 0.062938 0.050775
0 0.602830 0.317005 0.037821 0.036068
0 0.807572 0.735791 0.069327 0.052051
0 0.396053 0.703574 0.074136 0.051979
0 0.404371 0.368203 0.058177 0.043555
0 0.728281 0.401250 0.054071 0.040768
0 0.746254 0.466139 0.057075 0.040846
0 0.742125 0.432077 0.048511 0.041042
0 0.654160 0.721676 0.060230 0.048522
0 0.398919 0.527513 0.048446 0.039583
0 0.600909 0.378444 0.047704 0.035599
0 0.636215 0.631963 0.063099 0.045983
0 0.617055 0.510700 0.057279 0.042832
0 0.602266 0.406777 0.050634 0.042839
0 0.550610 0.536383 0.050803 0.042246
0 0.606554 0.441729 0.055148 0.040553
0 0.624655 0.590208 0.059423 0.046172
0 0.397116 0.606182 0.050716 0.045449
0 0.701736 0.290570 0.047604 0.033783
0 0.713811 0.342904 0.045538 0.032539
0 0.610718 0.475488 0.054232 0.039141
0 0.677500 0.976263 0.059175 0.047474
0 0.708318 0.316152 0.053789 0.036940