0 0.796445 0.625331 0.055498 0.043007
0 0.771993 0.541861 0.068067 0.044125
0 0.591696 0.417403 0.059588 0.044168
0 0.785705 0.583744 0.063122 0.047649
0 0.742624 0.474193 0.058482 0.039637
0 0.757997 0.507390 0.061984 0.040887
0 0.737955 0.439460 0.056852 0.041441
0 0.850752 0.824097 0.084221 0.053813
0 0.612517 0.567755 0.061513 0.046578
0 0.630894 0.702912 0.061806 0.047797
0 0.637559 0.754162 0.060311 0.049784
0 0.715553 0.352976 0.050602 0.039814
0 0.640328 0.807661 0.062935 0.049654
0 0.620252 0.610253 0.064183 0.047817
0 0.865771 0.909288 0.078056 0.052750
0 0.601979 0.489786 0.060740 0.046987
0 0.819070 0.722445 0.068562 0.047672
0 0.612178 0.527965 0.061352 0.043940
0 0.562605 0.752316 0.075405 0.051407
0 0.730905 0.406183 0.062392 0.039572
0 0.629590 0.654747 0.048996 0.040074
0 0.390024 0.424086 0.053019 0.042904
0 0.841916 0.768408 0.063611 0.044843
0 0.382925 0.615379 0.068438 0.050971
0 0.707578 0.319287 0.041258 0.037460
0 0.555547 0.687716 0.070011 0.048569
0 0.563202 0.801740 0.070637 0.051391
0 0.688674 0.268087 0.045602 0.029405
0 0.386902 0.458058 0.060931 0.045072
0 0.381060 0.494992 0.055923 0.046324
0 0.384816 0.536934 0.063435 0.047576
0 0.382312 0.574494 0.055088 0.045072
0 0.384816 0.663386 0.068443 0.062600
0 0.368957 0.719727 0.070112 0.055088
0 0.364784 0.772937 0.061765 0.053836
0 0.361862 0.836163 0.075955 0.055088
0 0.365618 0.903145 0.078459 0.058844
0 0.575538 0.865585 0.069278 0.053836
0 0.590979 0.929437 0.061765 0.053836
0 0.666516 0.915665 0.059261 0.051332
0 0.553836 0.643980 0.067608 0.043820
0 0.548828 0.600786 0.065939 0.042568
0 0.544237 0.562600 0.058427 0.041316
0 0.588892 0.388572 0.054253 0.043820
0 0.586388 0.359776 0.059261 0.038812
0 0.690722 0.295297 0.050915 0.035056