0 0.768457 0.497497 0.062227 0.040215
0 0.831814 0.776403 0.082196 0.053275
0 0.853309 0.897946 0.073016 0.049512
0 0.808741 0.672972 0.074531 0.047324
0 0.818663 0.722585 0.072708 0.047682
0 0.571322 0.731732 0.069371 0.048750
0 0.572804 0.784867 0.065017 0.052220
0 0.405560 0.852148 0.071736 0.054753
0 0.679516 0.969639 0.074154 0.054746
0 0.402771 0.788555 0.075282 0.055938
0 0.606992 0.501260 0.062274 0.042233
0 0.792826 0.581533 0.062023 0.042194
0 0.844464 0.837354 0.066350 0.049668
0 0.652665 0.782256 0.075712 0.052676
0 0.657852 0.898617 0.061641 0.053158
0 0.660180 0.841315 0.061784 0.046198
0 0.757059 0.460798 0.059197 0.040462
0 0.781732 0.536432 0.061424 0.041771
0 0.873322 0.964326 0.084978 0.058861
0 0.805263 0.629212 0.066141 0.046471
0 0.580451 0.851410 0.072439 0.054876
0 0.405434 0.731888 0.077083 0.053451
0 0.616955 0.542282 0.060933 0.046335
0 0.595501 0.971826 0.087339 0.050254
0 0.408086 0.591481 0.062578 0.045632
0 0.577493 0.910924 0.070326 0.058945
0 0.637674 0.675540 0.067665 0.049349
0 0.401213 0.921130 0.063841 0.060007
0 0.594839 0.327656 0.052873 0.046406
0 0.648010 0.727109 0.065308 0.047617
0 0.396326 0.637035 0.070100 0.050176
0 0.625762 0.590391 0.060317 0.044687
0 0.744332 0.423444 0.061884 0.041602
0 0.636708 0.631836 0.062530 0.048867
0 0.728596 0.392594 0.055343 0.035098
0 0.532211 0.377051 0.053216 0.040417
0 0.397958 0.681305 0.054510 0.046595
0 0.691513 0.239681 0.040352 0.035339