0 0.367763 0.713400 0.068818 0.051022
0 0.370085 0.657775 0.071111 0.053400
0 0.750028 0.503359 0.047343 0.039895
0 0.372678 0.767349 0.077695 0.052676
0 0.557943 0.764830 0.075180 0.053274
0 0.725935 0.401352 0.054657 0.042515
0 0.581626 0.279586 0.047140 0.033962
0 0.621429 0.600939 0.061503 0.042679
0 0.742871 0.471030 0.058662 0.051633
0 0.648567 0.768741 0.057728 0.052595
0 0.378547 0.834042 0.074588 0.053070
0 0.632086 0.666664 0.057640 0.047242
0 0.553993 0.652429 0.057871 0.048240
0 0.560386 0.834799 0.082775 0.065347
0 0.380634 0.565277 0.063798 0.050925
0 0.374290 0.609939 0.052212 0.046311
0 0.381410 0.482767 0.063774 0.047029
0 0.546023 0.563825 0.060916 0.045392
0 0.789001 0.671159 0.058015 0.050602
0 0.564589 0.703628 0.071628 0.048493
0 0.783082 0.624442 0.069854 0.047311
0 0.667769 0.832694 0.066771 0.054515
0 0.735369 0.435863 0.053967 0.036498
0 0.640053 0.719613 0.051174 0.042375
0 0.718972 0.369487 0.045964 0.037651
0 0.540363 0.487704 0.046921 0.039369
0 0.381208 0.526442 0.064393 0.044451
0 0.702915 0.315533 0.048646 0.035154
0 0.551823 0.603341 0.050818 0.042566
0 0.526266 0.361742 0.053813 0.036592
0 0.763755 0.578250 0.061765 0.045072
0 0.844099 0.881539 0.070453 0.048217
0 0.593239 0.423366 0.054886 0.039487
0 0.609225 0.536441 0.059620 0.042893
0 0.702078 0.286330 0.044312 0.027770
0 0.532976 0.431924 0.059249 0.044757
0 0.715325 0.339664 0.045410 0.033873
0 0.689779 0.242336 0.049163 0.026907
0 0.679038 0.184305 0.035715 0.031216
0 0.545324 0.524086 0.056406 0.038169
0 0.587722 0.965194 0.087951 0.058583
0 0.692670 0.259716 0.048778 0.030800
0 0.383564 0.446790 0.054253 0.037560
0 0.389406 0.419872 0.064269 0.043820
0 0.388989 0.388572 0.055088 0.038812
0 0.574703 0.892503 0.070947 0.055088
0 0.535056 0.396710 0.055088 0.040064
0 0.590144 0.334110 0.045072 0.040064
0 0.582632 0.365410 0.051749 0.037560
0 0.598908 0.396710 0.054253 0.042568
0 0.603916 0.466196 0.054253 0.043820
0 0.606003 0.501878 0.060096 0.045072
0 0.678619 0.899389 0.075120 0.056340
0 0.675698 0.970966 0.065939 0.056766
0 0.854317 0.958233 0.075955 0.056340
0 0.822182 0.822391 0.063435 0.052584
0 0.861829 0.773563 0.065939 0.052584
0 0.804654 0.725361 0.073451 0.053836
0 0.684462 0.215169 0.046741 0.032552