0 0.831305 0.791648 0.074401 0.050703
0 0.398131 0.554044 0.068531 0.047094
0 0.778631 0.589771 0.074225 0.050938
0 0.399851 0.787608 0.060669 0.053764
0 0.803269 0.683387 0.072350 0.051395
0 0.789159 0.634014 0.064162 0.049980
0 0.769312 0.547165 0.072404 0.047724
0 0.398136 0.632485 0.069442 0.047082
0 0.384928 0.844261 0.079572 0.057675
0 0.397180 0.473384 0.060913 0.040399
0 0.390811 0.683693 0.070417 0.055792
0 0.525902 0.402713 0.054867 0.038979
0 0.816363 0.736003 0.055135 0.056340
0 0.648567 0.792815 0.063655 0.048411
0 0.592238 0.412118 0.058784 0.039984
0 0.400337 0.390769 0.059421 0.045687
0 0.543344 0.588191 0.068325 0.048979
0 0.755526 0.507146 0.064535 0.045039
0 0.637306 0.737518 0.060537 0.046159
0 0.629591 0.688791 0.066912 0.047201
0 0.603628 0.308270 0.037709 0.037030
0 0.675333 0.209278 0.047429 0.031929
0 0.603997 0.478251 0.056196 0.038392
0 0.626841 0.641014 0.064448 0.046543
0 0.608900 0.516945 0.057261 0.039879
0 0.540080 0.438265 0.052070 0.033728
0 0.395249 0.437400 0.045907 0.042568
0 0.390658 0.913787 0.080128 0.056340
0 0.575955 0.786083 0.061765 0.053836
0 0.557592 0.677784 0.058427 0.050080
0 0.588892 0.851187 0.072616 0.058844
0 0.588475 0.914413 0.071782 0.060096
0 0.597656 0.976913 0.081798 0.044872
0 0.689470 0.977539 0.085136 0.043620
0 0.671942 0.915039 0.065104 0.058844
0 0.667351 0.855569 0.074286 0.055088
0 0.555088 0.632712 0.063435 0.050080
0 0.616019 0.597030 0.061765 0.046324
0 0.612263 0.558218 0.059261 0.041316
0 0.544655 0.509390 0.060931 0.046324
0 0.540899 0.474334 0.048411 0.041316
0 0.587223 0.382312 0.055923 0.040064
0 0.602247 0.357898 0.042568 0.031300
0 0.595987 0.224559 0.045072 0.037560
0 0.694895 0.265249 0.047576 0.033804
0 0.698234 0.288411 0.052584 0.027544
0 0.699903 0.314078 0.050915 0.033804
0 0.725361 0.392328 0.050080 0.035056
0 0.731203 0.429262 0.053419 0.043820
0 0.747479 0.467448 0.060931 0.045072
0 0.845970 0.843049 0.062600 0.055088
0 0.858908 0.908153 0.070112 0.055088
0 0.881444 0.972631 0.071782 0.051332