0 0.758699 0.513090 0.061768 0.042232
0 0.774171 0.600931 0.065570 0.052102
0 0.790567 0.643854 0.069922 0.049816
0 0.623268 0.646663 0.063486 0.049462
0 0.612948 0.600958 0.059202 0.047531
0 0.550700 0.689031 0.074206 0.057549
0 0.606282 0.521238 0.053828 0.040348
0 0.611714 0.560139 0.052577 0.041128
0 0.551445 0.632563 0.062523 0.048490
0 0.595567 0.486099 0.042612 0.042024
0 0.587362 0.454095 0.049090 0.030202
0 0.399005 0.629582 0.053419 0.041316
0 0.401092 0.677158 0.070947 0.046324
0 0.401092 0.729743 0.077624 0.048828
0 0.404013 0.789839 0.078459 0.051332
0 0.410690 0.855569 0.065104 0.052584
0 0.405265 0.926933 0.075955 0.062600
0 0.544655 0.590144 0.065939 0.050080
0 0.565939 0.762921 0.066774 0.050080
0 0.573034 0.816131 0.077624 0.048828
0 0.583467 0.872471 0.076790 0.058844
0 0.586806 0.930689 0.063435 0.055088
0 0.664430 0.940079 0.073451 0.058844
0 0.662343 0.878105 0.059261 0.050080
0 0.654831 0.816757 0.080963 0.052584
0 0.641059 0.761669 0.066774 0.050080
0 0.632295 0.708459 0.069278 0.046324
0 0.588058 0.424880 0.054253 0.035056
0 0.586806 0.391702 0.050080 0.038812
0 0.717014 0.315956 0.043403 0.037560
0 0.772102 0.558844 0.058427 0.040064
0 0.810914 0.752279 0.067608 0.051332
0 0.825938 0.813627 0.069278 0.048828
0 0.837624 0.879357 0.072616 0.052584
0 0.867254 0.948217 0.091814 0.055088