0 0.380621 0.664044 0.072355 0.052762
0 0.780529 0.577182 0.073231 0.047526
0 0.745866 0.481177 0.058086 0.040747
0 0.784683 0.622792 0.068907 0.047390
0 0.383933 0.718011 0.061864 0.051416
0 0.714011 0.349449 0.055825 0.035766
0 0.376533 0.894536 0.085918 0.056186
0 0.387891 0.831394 0.061835 0.050725
0 0.766221 0.523982 0.063849 0.041930
0 0.380476 0.619703 0.058897 0.045266
0 0.796466 0.669116 0.070205 0.049157
0 0.389360 0.766080 0.070158 0.053760
0 0.554126 0.714351 0.072334 0.050229
0 0.722337 0.377540 0.049615 0.036055
0 0.798596 0.715806 0.074444 0.052400
0 0.735932 0.408906 0.060400 0.038965
0 0.739026 0.446159 0.054952 0.040255
0 0.611366 0.538400 0.057093 0.048916
0 0.383861 0.573852 0.065622 0.052103
0 0.617732 0.585409 0.064540 0.047116
0 0.604594 0.500597 0.056237 0.044236
0 0.617835 0.626679 0.057467 0.044431
0 0.384660 0.537587 0.065829 0.041950
0 0.541257 0.567097 0.055064 0.043342
0 0.552434 0.659146 0.051457 0.045477
0 0.646335 0.767361 0.054082 0.040058
0 0.650912 0.819998 0.073628 0.053833
0 0.601664 0.462393 0.049221 0.041378
0 0.411285 0.358942 0.058612 0.044200
0 0.816161 0.768042 0.081426 0.053193
0 0.632712 0.719071 0.066797 0.047841
0 0.569040 0.821479 0.071123 0.052520
0 0.657203 0.888145 0.066716 0.053527
0 0.594685 0.366587 0.050258 0.041293
0 0.566369 0.760227 0.071014 0.056226
0 0.390237 0.498163 0.050378 0.045340
0 0.548735 0.616746 0.062004 0.045340
0 0.599501 0.400507 0.055029 0.036040
0 0.604926 0.434803 0.056579 0.048828
0 0.574312 0.888788 0.071305 0.056966
0 0.834341 0.826590 0.072080 0.058129
0 0.842866 0.889369 0.073630 0.053478
0 0.580634 0.959159 0.083908 0.067500
0 0.662381 0.962499 0.062981 0.060229
0 0.849842 0.945754 0.067429 0.038365
0 0.627361 0.672490 0.062388 0.045672