0 0.396434 0.803418 0.078928 0.056810
0 0.377717 0.931257 0.084878 0.066055
0 0.397914 0.633571 0.062530 0.046973
0 0.392936 0.727327 0.069336 0.056283
0 0.395532 0.678486 0.072166 0.051621
0 0.875115 0.970645 0.084857 0.053346
0 0.590391 0.917090 0.076606 0.058893
0 0.571628 0.791436 0.072821 0.055853
0 0.385842 0.865107 0.073351 0.056686
0 0.541495 0.556426 0.059388 0.043216
0 0.573247 0.848512 0.069939 0.057962
0 0.822517 0.744701 0.069870 0.050495
0 0.849431 0.846331 0.080547 0.053496
0 0.666988 0.904932 0.061215 0.053092
0 0.655753 0.847126 0.065447 0.054017
0 0.595046 0.973743 0.070499 0.047474
0 0.574605 0.736930 0.059297 0.052285
0 0.855584 0.904180 0.072652 0.052891
0 0.738837 0.446950 0.062821 0.041686
0 0.551691 0.643219 0.069345 0.049460
0 0.618407 0.620719 0.067535 0.049759
0 0.634360 0.677643 0.071506 0.053229
0 0.840640 0.797214 0.063008 0.046016
0 0.395282 0.548939 0.069332 0.058477
0 0.535957 0.517318 0.063207 0.042474
0 0.395575 0.436647 0.056263 0.046432
0 0.772967 0.557725 0.053459 0.041478
0 0.647001 0.787210 0.061458 0.051921
0 0.793427 0.638747 0.072799 0.052624
0 0.548014 0.598708 0.063234 0.043783
0 0.562585 0.688835 0.065299 0.049271
0 0.641259 0.735671 0.068359 0.054492
0 0.705373 0.318903 0.056155 0.039512
0 0.724651 0.411449 0.060560 0.042324
0 0.776163 0.597760 0.056884 0.043477
0 0.533101 0.477884 0.047765 0.041302
0 0.584386 0.381104 0.055951 0.045723
0 0.595688 0.455732 0.054388 0.042051
0 0.611968 0.574157 0.063138 0.046426
0 0.807355 0.696533 0.067244 0.052350
0 0.596953 0.317445 0.039089 0.039603
0 0.763889 0.521077 0.053082 0.043743
0 0.751059 0.483285 0.060564 0.044499
0 0.600111 0.492507 0.064883 0.044466
0 0.525697 0.412005 0.043251 0.039609
0 0.577667 0.199375 0.043668 0.030130
0 0.672001 0.976270 0.062899 0.045404
0 0.714329 0.349027 0.053407 0.039408
0 0.601723 0.352402 0.054870 0.040039
0 0.394542 0.507598 0.050951 0.041979
0 0.605818 0.533880 0.057018 0.045117
0 0.394392 0.473538 0.045764 0.037728
0 0.581528 0.224388 0.044679 0.034453
0 0.591890 0.424593 0.055247 0.038965
0 0.723984 0.382298 0.059644 0.035339