0 0.765928 0.580632 0.067711 0.044126
0 0.660132 0.384822 0.029462 0.057580
0 0.878928 0.948851 0.090902 0.056022
0 0.753898 0.535507 0.053241 0.042994
0 0.780803 0.621454 0.061546 0.049555
0 0.726613 0.404848 0.055923 0.037560
0 0.653410 0.825660 0.061990 0.047984
0 0.682215 0.238422 0.045164 0.031827
0 0.734579 0.431363 0.048274 0.040590
0 0.398337 0.692837 0.067815 0.053265
0 0.793673 0.667333 0.056263 0.044211
0 0.715226 0.371318 0.051987 0.038109
0 0.691969 0.264391 0.050071 0.038026
0 0.392741 0.555821 0.064875 0.044572
0 0.706854 0.311480 0.052038 0.036121
0 0.851224 0.881066 0.072125 0.056678
0 0.574493 0.819823 0.070183 0.048118
0 0.815660 0.718807 0.074673 0.048410
0 0.402688 0.749388 0.065599 0.052694
0 0.410892 0.808442 0.077418 0.051925
0 0.403287 0.415239 0.058742 0.039653
0 0.576635 0.883542 0.075697 0.052853
0 0.645883 0.767303 0.057959 0.053836
0 0.390104 0.505361 0.064226 0.048808
0 0.391616 0.633318 0.062954 0.052444
0 0.400463 0.934637 0.082819 0.060014
0 0.604932 0.458994 0.047214 0.045692
0 0.601224 0.254015 0.049821 0.035848
0 0.571060 0.762147 0.068954 0.050694
0 0.824373 0.765909 0.075950 0.050199
0 0.389897 0.593762 0.051603 0.047852
0 0.656011 0.887129 0.073959 0.054544
0 0.413424 0.868302 0.061213 0.051390
0 0.833466 0.820959 0.069560 0.051164
0 0.588757 0.364934 0.052854 0.044771
0 0.538043 0.426428 0.049432 0.037024
0 0.569536 0.706288 0.052425 0.045808
0 0.755125 0.501952 0.053987 0.046175
0 0.391910 0.443660 0.044237 0.037560
0 0.394832 0.474960 0.045072 0.032552
0 0.589310 0.958859 0.085136 0.061348
0 0.561765 0.652118 0.076790 0.051332
0 0.544237 0.576372 0.048411 0.042568
0 0.532552 0.537560 0.058427 0.042568
0 0.537560 0.492488 0.053419 0.042568
0 0.535473 0.397336 0.054253 0.037560
0 0.668186 0.950721 0.062600 0.055088
0 0.638346 0.712841 0.066356 0.047576
0 0.633130 0.660256 0.057592 0.047576
0 0.621027 0.617688 0.060096 0.042568
0 0.618106 0.574494 0.060931 0.048828
0 0.603916 0.533804 0.055923 0.045072
0 0.602664 0.496244 0.055088 0.040064
0 0.599326 0.429888 0.045072 0.032552
0 0.595570 0.398588 0.055923 0.037560
0 0.602247 0.340370 0.050915 0.036308
0 0.600578 0.311574 0.055923 0.036308
0 0.600578 0.283403 0.042568 0.035056
0 0.751235 0.468700 0.048411 0.040064
0 0.715762 0.345378 0.052584 0.036308
0 0.704911 0.290289 0.052584 0.031300