0 0.556977 0.728438 0.075673 0.052135
0 0.401406 0.631670 0.068472 0.054277
0 0.782287 0.633577 0.075729 0.051491
0 0.562912 0.781546 0.085616 0.061465
0 0.574353 0.841745 0.074132 0.055951
0 0.389086 0.782738 0.069857 0.054512
0 0.580228 0.900850 0.076272 0.061074
0 0.581474 0.961849 0.082565 0.062461
0 0.625412 0.633379 0.068411 0.050443
0 0.854967 0.964967 0.091471 0.060833
0 0.543685 0.507422 0.062187 0.042669
0 0.729727 0.412650 0.061398 0.041849
0 0.825202 0.781094 0.077487 0.054036
0 0.544112 0.631100 0.059275 0.047643
0 0.396296 0.681908 0.066437 0.051237
0 0.775449 0.590016 0.061020 0.048079
0 0.647190 0.780345 0.056558 0.048815
0 0.691196 0.967839 0.076801 0.055703
0 0.540547 0.584697 0.049401 0.045150
0 0.797674 0.681800 0.074566 0.053327
0 0.393772 0.845488 0.082283 0.057396
0 0.746667 0.480902 0.060382 0.038066
0 0.213789 0.742100 0.039540 0.078249
0 0.386513 0.729339 0.058485 0.053340
0 0.641237 0.726540 0.062622 0.048418
0 0.663600 0.898646 0.058407 0.047357
0 0.558396 0.677259 0.069379 0.048242
0 0.835914 0.837725 0.074701 0.054134
0 0.617181 0.546191 0.052322 0.045612
0 0.614316 0.510186 0.057461 0.046556
0 0.634640 0.677676 0.061380 0.048255
0 0.739410 0.446937 0.059236 0.042025
0 0.624273 0.587669 0.067079 0.049193
0 0.601918 0.443392 0.056241 0.041172
0 0.848843 0.896543 0.074466 0.057318
0 0.804609 0.727673 0.076059 0.052585
0 0.542543 0.544648 0.057587 0.043724
0 0.604262 0.475632 0.056016 0.037852
0 0.755282 0.513073 0.062595 0.043776
0 0.533707 0.408805 0.046493 0.037780
0 0.758681 0.551650 0.063516 0.046478
0 0.393924 0.911367 0.067361 0.058047
0 0.404358 0.436842 0.063906 0.051107
0 0.719701 0.384222 0.057075 0.037207
0 0.539280 0.441686 0.059470 0.040612
0 0.542504 0.474941 0.058924 0.037695
0 0.398637 0.542344 0.065946 0.050026
0 0.596901 0.411380 0.051276 0.038060
0 0.407689 0.506104 0.059093 0.042988
0 0.582411 0.256921 0.048876 0.039518
0 0.595909 0.379092 0.044631 0.039902
0 0.692546 0.259427 0.051610 0.037513
0 0.588704 0.303506 0.050308 0.036829
0 0.716699 0.359798 0.056463 0.032747
0 0.707897 0.331986 0.044865 0.036615
0 0.700556 0.309089 0.046641 0.034779
0 0.694909 0.286084 0.046128 0.030176
0 0.594533 0.353024 0.042114 0.037858
0 0.592567 0.326872 0.040291 0.035801