0 0.396254 0.804349 0.078385 0.059271
0 0.392296 0.727041 0.070964 0.055605
0 0.873353 0.970290 0.086645 0.052845
0 0.395690 0.677998 0.071710 0.051960
0 0.594399 0.972223 0.070933 0.049069
0 0.822096 0.743473 0.070347 0.049512
0 0.590024 0.915752 0.077478 0.059408
0 0.398524 0.632454 0.063707 0.047383
0 0.738702 0.445495 0.065156 0.042708
0 0.378175 0.930553 0.084935 0.066432
0 0.791875 0.637419 0.075616 0.052689
0 0.397899 0.437578 0.062266 0.042630
0 0.570953 0.788350 0.073815 0.057637
0 0.397799 0.548851 0.064835 0.044746
0 0.551146 0.641637 0.070720 0.047415
0 0.854959 0.902646 0.070820 0.052389
0 0.750521 0.482367 0.061997 0.046087
0 0.386066 0.864551 0.073077 0.058346
0 0.618819 0.619570 0.068472 0.049193
0 0.849212 0.842181 0.081359 0.050833
0 0.671191 0.974876 0.062687 0.045130
0 0.666855 0.902038 0.061515 0.053099
0 0.763301 0.518766 0.054622 0.042702
0 0.536029 0.516413 0.063524 0.043841
0 0.395213 0.589984 0.068628 0.046361
0 0.725054 0.410046 0.062305 0.044466
0 0.574134 0.844290 0.068980 0.056784
0 0.633817 0.675785 0.073720 0.055592
0 0.596413 0.316956 0.038832 0.039707
0 0.541606 0.554993 0.060217 0.043490
0 0.647027 0.783883 0.063203 0.049902
0 0.584091 0.380605 0.056072 0.046250
0 0.532602 0.476784 0.049527 0.041302
0 0.563062 0.685885 0.067478 0.049987
0 0.654230 0.844033 0.067140 0.053770
0 0.840378 0.795742 0.064019 0.046094
0 0.640343 0.732083 0.071233 0.054102
0 0.775386 0.596191 0.058186 0.042370
0 0.393832 0.508669 0.051441 0.041660
0 0.807639 0.694359 0.070035 0.052910
0 0.394266 0.474824 0.046337 0.038112
0 0.771797 0.557363 0.057187 0.042982
0 0.613626 0.572061 0.064787 0.048053
0 0.705412 0.316901 0.057231 0.040469
0 0.714225 0.348239 0.055378 0.040697
0 0.525493 0.411576 0.042461 0.039740
0 0.600373 0.352103 0.053889 0.039987
0 0.606335 0.530677 0.058711 0.046172
0 0.573494 0.733708 0.063533 0.053483
0 0.548171 0.597331 0.064527 0.046901
0 0.592229 0.423340 0.055247 0.040117
0 0.684983 0.264059 0.045634 0.033861
0 0.577101 0.200273 0.041181 0.032370
0 0.601079 0.489359 0.063138 0.043913
0 0.595731 0.454743 0.053060 0.041934
0 0.723516 0.380436 0.061536 0.037487
0 0.694620 0.288369 0.040230 0.036230
0 0.381576 0.981328 0.079540 0.034687