0 0.774620 0.583216 0.074067 0.046797
0 0.653793 0.903503 0.079132 0.060078
0 0.390896 0.751800 0.073980 0.061335
0 0.576897 0.969548 0.087014 0.054277
0 0.643765 0.831286 0.073702 0.055527
0 0.825749 0.775563 0.070968 0.054434
0 0.558040 0.717493 0.068303 0.054766
0 0.668533 0.967731 0.092214 0.057949
0 0.787875 0.630658 0.072704 0.052435
0 0.563073 0.826702 0.072405 0.057832
0 0.562548 0.771735 0.066155 0.053978
0 0.630260 0.724583 0.070174 0.054714
0 0.714714 0.358285 0.054887 0.038483
0 0.849870 0.893997 0.070955 0.054974
0 0.722904 0.389733 0.057187 0.038385
0 0.757732 0.502288 0.066089 0.043066
0 0.388678 0.807103 0.078607 0.056120
0 0.571940 0.894437 0.071250 0.063405
0 0.799931 0.675143 0.059054 0.048789
0 0.550497 0.663678 0.073407 0.051745
0 0.546584 0.471885 0.059253 0.040488
0 0.390330 0.698887 0.057422 0.051745
0 0.813648 0.721364 0.075846 0.057663
0 0.828273 0.831003 0.063681 0.051198
0 0.623407 0.673730 0.062075 0.047096
0 0.745471 0.464587 0.062530 0.045332
0 0.732038 0.432702 0.058346 0.039362
0 0.545532 0.572959 0.049449 0.045488
0 0.710621 0.330895 0.056997 0.037572
0 0.540428 0.435326 0.053902 0.041185
0 0.393800 0.648936 0.053945 0.050267
0 0.616126 0.506237 0.060482 0.044206
0 0.765132 0.539079 0.063798 0.047337
0 0.396855 0.564206 0.069518 0.046927
0 0.398338 0.518672 0.061198 0.049883
0 0.601873 0.451387 0.057470 0.044740
0 0.617839 0.629987 0.058993 0.046419
0 0.865664 0.964697 0.078481 0.061152
0 0.396497 0.605830 0.069097 0.051204
0 0.638056 0.774183 0.059028 0.052064
0 0.410610 0.410143 0.056107 0.038242
0 0.386411 0.922080 0.082908 0.064499
0 0.542878 0.535840 0.059670 0.042161
0 0.541812 0.375667 0.041801 0.039473
0 0.403197 0.481982 0.062287 0.045228
0 0.693889 0.260518 0.055955 0.038301
0 0.608034 0.583060 0.053377 0.049753
0 0.592387 0.272363 0.050937 0.037852
0 0.600217 0.413473 0.058333 0.046882
0 0.593394 0.353053 0.047040 0.036992
0 0.613338 0.546764 0.060790 0.045469
0 0.419312 0.374512 0.058902 0.045430
0 0.400421 0.442340 0.050816 0.043288
0 0.596137 0.380612 0.042326 0.036315
0 0.589588 0.247113 0.048559 0.034720
0 0.379217 0.855791 0.067296 0.060085
0 0.702172 0.308727 0.052826 0.032311
0 0.699878 0.286520 0.053542 0.031647
0 0.538333 0.406302 0.049896 0.034505
0 0.593941 0.320417 0.044401 0.037878
0 0.581882 0.222301 0.045360 0.033105
0 0.589826 0.296156 0.044297 0.033105
0 0.550794 0.503646 0.048507 0.039219
0 0.690616 0.236068 0.041649 0.027708