0 0.601018 0.254153 0.038930 0.029808
0 0.406813 0.901924 0.078434 0.056593
0 0.615675 0.310974 0.038409 0.037392
0 0.413043 0.456620 0.062270 0.045906
0 0.418277 0.577187 0.057474 0.042003
0 0.594929 0.381855 0.056080 0.034302
0 0.610875 0.353345 0.051751 0.038050
0 0.415953 0.536859 0.049183 0.037347
0 0.414569 0.618420 0.065878 0.049429
0 0.410927 0.662216 0.069237 0.049431
0 0.559435 0.503482 0.059933 0.041939
0 0.704790 0.301310 0.056165 0.034299
0 0.411653 0.498160 0.052646 0.032978
0 0.602623 0.414804 0.055296 0.034155
0 0.556141 0.467122 0.046876 0.035428
0 0.716806 0.330354 0.053835 0.033804
0 0.738226 0.445088 0.057311 0.036083
0 0.413612 0.712215 0.069278 0.053836
0 0.419872 0.765425 0.061765 0.052584
0 0.415281 0.832407 0.062600 0.053836
0 0.405682 0.969501 0.066774 0.057592
0 0.567608 0.548828 0.053419 0.040064
0 0.570112 0.590144 0.066774 0.045072
0 0.572199 0.635216 0.064269 0.045072
0 0.578042 0.680288 0.054253 0.045072
0 0.584719 0.734751 0.067608 0.053836
0 0.587640 0.787961 0.073451 0.052584
0 0.590979 0.845553 0.073451 0.055088
0 0.582632 0.908153 0.070112 0.055088
0 0.598908 0.970127 0.077624 0.053836
0 0.641894 0.637720 0.060096 0.042568
0 0.650240 0.684044 0.068443 0.052584
0 0.659839 0.732873 0.059261 0.050080
0 0.667768 0.788587 0.066774 0.051332
0 0.676950 0.844301 0.071782 0.055088
0 0.674863 0.911283 0.082632 0.058844
0 0.682375 0.974509 0.062600 0.045072
0 0.636886 0.586388 0.056757 0.045072
0 0.630208 0.550080 0.063435 0.040064
0 0.625618 0.512520 0.045907 0.040064
0 0.620192 0.479342 0.051749 0.038812
0 0.611011 0.444912 0.058427 0.037560
0 0.714510 0.356646 0.043403 0.031300
0 0.725778 0.383564 0.057592 0.035056
0 0.729534 0.412360 0.060096 0.035056
0 0.747479 0.479342 0.057592 0.038812
0 0.753322 0.515650 0.062600 0.041316
0 0.763755 0.551958 0.051749 0.046324
0 0.774189 0.594526 0.067608 0.046324
0 0.790047 0.640224 0.067608 0.047576
0 0.810079 0.687800 0.062600 0.050080
0 0.812166 0.737255 0.076790 0.056340
0 0.831364 0.792969 0.068443 0.052584
0 0.843884 0.851187 0.081798 0.056340
0 0.853482 0.912535 0.075955 0.056340
0 0.876436 0.971279 0.091814 0.056140