0 0.411283 0.370117 0.057886 0.045820
0 0.399240 0.429554 0.055260 0.043288
0 0.384351 0.698750 0.072609 0.053073
0 0.535662 0.530498 0.058459 0.042520
0 0.541766 0.571058 0.061111 0.042559
0 0.381944 0.647855 0.066033 0.047415
0 0.606165 0.546859 0.061272 0.041973
0 0.544366 0.618118 0.063325 0.044831
0 0.763802 0.523874 0.064661 0.042201
0 0.381697 0.873558 0.086276 0.058939
0 0.696610 0.261325 0.049757 0.039616
0 0.402135 0.545335 0.058698 0.042285
0 0.780714 0.594827 0.068641 0.044395
0 0.759525 0.481631 0.061845 0.048014
0 0.399421 0.505596 0.046523 0.039811
0 0.549186 0.664577 0.069093 0.050443
0 0.615067 0.630179 0.066176 0.049355
0 0.400636 0.588757 0.063668 0.045026
0 0.401495 0.467490 0.045942 0.041035
0 0.570951 0.833916 0.072734 0.055814
0 0.559909 0.723893 0.073333 0.051888
0 0.578047 0.900426 0.070156 0.059590
0 0.743743 0.436175 0.057322 0.040501
0 0.639918 0.732396 0.060538 0.050508
0 0.652530 0.842878 0.068064 0.056966
0 0.836602 0.832230 0.078394 0.057454
0 0.810419 0.728981 0.072001 0.050749
0 0.380929 0.756077 0.056832 0.048600
0 0.797704 0.679626 0.076875 0.050749
0 0.786534 0.635192 0.056115 0.042806
0 0.612619 0.587705 0.060343 0.044095
0 0.710408 0.314847 0.050764 0.033952
0 0.537283 0.428470 0.051936 0.036497
0 0.566834 0.776634 0.064414 0.052435
0 0.643118 0.785133 0.073207 0.054785
0 0.823129 0.778457 0.076259 0.052969
0 0.604779 0.508802 0.053472 0.044401
0 0.664855 0.916605 0.078867 0.061126
0 0.844937 0.901136 0.071897 0.054264
0 0.579902 0.971963 0.086159 0.052428
0 0.387166 0.808509 0.058542 0.051289
0 0.603231 0.441745 0.054987 0.040299
0 0.607754 0.475713 0.057400 0.042454
0 0.626645 0.683815 0.063984 0.050599
0 0.859440 0.970020 0.075938 0.054974
0 0.599290 0.408109 0.049362 0.038522
0 0.538286 0.460667 0.058967 0.040475
0 0.733770 0.405788 0.060152 0.037956
0 0.716291 0.345355 0.054405 0.035085
0 0.595187 0.379639 0.054245 0.039902
0 0.534249 0.491833 0.043819 0.044642
0 0.721734 0.375137 0.052244 0.033971
0 0.666784 0.980413 0.065877 0.038066