0 0.791024 0.678138 0.078420 0.049115
0 0.583939 0.970635 0.081532 0.052754
0 0.833442 0.836370 0.078602 0.054460
0 0.724601 0.386149 0.053168 0.036074
0 0.856471 0.965589 0.084939 0.059160
0 0.809896 0.724183 0.061571 0.046986
0 0.846118 0.893268 0.074371 0.054896
0 0.562697 0.781598 0.068060 0.052441
0 0.389310 0.845469 0.086467 0.059310
0 0.624047 0.550726 0.061879 0.045957
0 0.734601 0.417926 0.058056 0.037572
0 0.570358 0.835085 0.083650 0.054219
0 0.746265 0.514635 0.063077 0.044674
0 0.578162 0.899320 0.071992 0.056712
0 0.768468 0.552607 0.059436 0.045931
0 0.391335 0.721517 0.071506 0.056849
0 0.623086 0.590033 0.057804 0.046120
0 0.548913 0.546169 0.064423 0.043665
0 0.628572 0.631608 0.061632 0.047383
0 0.664023 0.900501 0.075538 0.061029
0 0.552693 0.583590 0.063694 0.050345
0 0.668118 0.974821 0.063685 0.045202
0 0.768787 0.593161 0.070404 0.044642
0 0.405278 0.505352 0.061858 0.044701
0 0.642164 0.782777 0.072938 0.052454
0 0.554677 0.627897 0.060256 0.048841
0 0.395072 0.630475 0.071949 0.055781
0 0.822055 0.778096 0.061957 0.045749
0 0.599846 0.414411 0.060525 0.043040
0 0.636934 0.728014 0.056445 0.049479
0 0.739544 0.450130 0.051753 0.036419
0 0.539724 0.507539 0.059805 0.044935
0 0.636191 0.677321 0.061011 0.049811
0 0.712205 0.330501 0.051797 0.034492
0 0.788242 0.629202 0.077179 0.048913
0 0.405308 0.582663 0.064714 0.052396
0 0.397760 0.673910 0.072049 0.053652
0 0.404878 0.543630 0.062483 0.045618
0 0.558383 0.675013 0.073199 0.050404
0 0.561842 0.723682 0.077843 0.056087
0 0.529931 0.376370 0.055208 0.041230
0 0.535501 0.441517 0.052574 0.038516
0 0.536456 0.473278 0.050569 0.039668
0 0.389714 0.776071 0.080234 0.064941
0 0.717465 0.358994 0.053429 0.035501
0 0.608409 0.479440 0.059501 0.046146
0 0.740946 0.478063 0.057899 0.040501
0 0.594657 0.380924 0.055122 0.041289
0 0.702209 0.305661 0.051545 0.033249
0 0.408709 0.418919 0.045013 0.041914
0 0.409668 0.470492 0.047878 0.040306
0 0.654470 0.834775 0.060694 0.052441
0 0.603483 0.445410 0.056532 0.039076
0 0.528427 0.406416 0.045378 0.038079
0 0.695569 0.283229 0.050851 0.031328
0 0.593242 0.327021 0.041814 0.035345
0 0.592036 0.351719 0.043186 0.035833
0 0.695694 0.262803 0.050712 0.032467