0 0.388345 0.730026 0.073382 0.057448
0 0.514728 0.388718 0.056202 0.040143
0 0.392687 0.678897 0.070072 0.051680
0 0.577639 0.639403 0.069860 0.046059
0 0.786719 0.644856 0.068821 0.052423
0 0.776588 0.603118 0.067851 0.047541
0 0.747317 0.487468 0.063138 0.048955
0 0.654658 0.798812 0.079079 0.060142
0 0.576419 0.738197 0.079713 0.058221
0 0.830126 0.798345 0.076563 0.050611
0 0.395872 0.780629 0.057441 0.047637
0 0.653327 0.742667 0.058634 0.054417
0 0.398815 0.586407 0.070293 0.048538
0 0.400957 0.545319 0.057443 0.044897
0 0.400637 0.471091 0.051958 0.040746
0 0.651359 0.696329 0.068334 0.053111
0 0.602577 0.330416 0.049319 0.039097
0 0.391268 0.849420 0.087256 0.064883
0 0.758330 0.522536 0.060931 0.042568
0 0.397188 0.421478 0.058723 0.048285
0 0.585305 0.854792 0.072989 0.054955
0 0.659185 0.859122 0.062745 0.052174
0 0.738134 0.446678 0.063942 0.041541
0 0.801800 0.690545 0.060773 0.046081
0 0.844082 0.854539 0.071981 0.056190
0 0.621554 0.485191 0.062381 0.042998
0 0.393696 0.631330 0.069995 0.052117
0 0.629242 0.565041 0.060287 0.045129
0 0.637346 0.608219 0.058460 0.048671
0 0.769504 0.561796 0.062242 0.050865
0 0.572652 0.683836 0.060355 0.050362
0 0.670051 0.923497 0.071526 0.060808
0 0.402120 0.505166 0.046729 0.041642
0 0.564258 0.557292 0.069746 0.038664
0 0.555005 0.524498 0.069089 0.046032
0 0.716000 0.351113 0.059754 0.040614
0 0.553782 0.483816 0.059943 0.043359
0 0.732426 0.414879 0.062616 0.043327
0 0.647959 0.652627 0.057981 0.044838
0 0.575808 0.592900 0.068696 0.048849
0 0.808682 0.737836 0.073146 0.062704
0 0.860247 0.924866 0.078339 0.063981
0 0.601958 0.381606 0.052116 0.043397
0 0.725176 0.380740 0.057687 0.042536
0 0.614515 0.450368 0.052347 0.041473
0 0.587810 0.194802 0.040419 0.031498
0 0.573647 0.784063 0.073844 0.049797
0 0.579428 0.923712 0.079859 0.069043
0 0.693040 0.250489 0.047703 0.037107
0 0.599412 0.300343 0.042978 0.035247
0 0.612345 0.413871 0.049952 0.042515
0 0.383564 0.920047 0.082632 0.066356
0 0.594318 0.275265 0.040064 0.036308
0 0.872262 0.974409 0.080128 0.049880