0 0.201131 0.758301 0.045282 0.083490
0 0.797311 0.677210 0.077339 0.053223
0 0.570825 0.831143 0.074965 0.055840
0 0.383151 0.699134 0.075859 0.053424
0 0.381970 0.648421 0.066406 0.047337
0 0.611814 0.586432 0.063281 0.049010
0 0.548887 0.663109 0.071463 0.050905
0 0.543913 0.616195 0.065681 0.045827
0 0.400267 0.587891 0.065135 0.046406
0 0.542070 0.571146 0.061684 0.043594
0 0.565979 0.772874 0.065273 0.052598
0 0.641942 0.782946 0.074067 0.054759
0 0.577441 0.899349 0.071975 0.060065
0 0.652020 0.840615 0.070109 0.056452
0 0.559583 0.723184 0.076337 0.050000
0 0.786903 0.633486 0.056549 0.043353
0 0.780102 0.594027 0.069588 0.046009
0 0.809809 0.728073 0.074123 0.048190
0 0.836408 0.831048 0.082313 0.059128
0 0.401699 0.545469 0.061055 0.041784
0 0.399664 0.505101 0.047305 0.039980
0 0.844234 0.900602 0.073060 0.058314
0 0.605929 0.546826 0.061467 0.044316
0 0.824290 0.775518 0.081740 0.055671
0 0.383385 0.947643 0.087778 0.065404
0 0.664262 0.915433 0.080017 0.063809
0 0.639199 0.729811 0.061897 0.050026
0 0.410410 0.370537 0.059744 0.044824
0 0.399444 0.432467 0.056163 0.039987
0 0.579377 0.971725 0.089171 0.053372
0 0.625638 0.681253 0.065330 0.050827
0 0.604015 0.508105 0.055356 0.045260
0 0.763826 0.524049 0.066393 0.046146
0 0.743429 0.436709 0.059523 0.041999
0 0.401510 0.466992 0.046120 0.039323
0 0.537741 0.461159 0.060143 0.042214
0 0.858776 0.968743 0.077882 0.057565
0 0.535334 0.531553 0.059809 0.040840
0 0.733114 0.403962 0.050768 0.037155
0 0.607737 0.474847 0.057565 0.043874
0 0.594646 0.349489 0.053095 0.040983
0 0.603385 0.438656 0.056476 0.042650
0 0.711081 0.315534 0.049644 0.034102
0 0.701083 0.287295 0.047756 0.035957
0 0.717908 0.344730 0.058134 0.035111
0 0.665397 0.980173 0.065725 0.037480
0 0.722125 0.375026 0.053815 0.034023
0 0.697361 0.259609 0.051910 0.038125