0 0.827215 0.720838 0.080053 0.051743
0 0.611731 0.527793 0.065303 0.050224
0 0.607316 0.471350 0.049958 0.041607
0 0.813533 0.670657 0.073344 0.055064
0 0.739435 0.461749 0.054940 0.044747
0 0.592763 0.269486 0.044008 0.038522
0 0.618990 0.572472 0.060856 0.047455
0 0.733084 0.424674 0.058132 0.039283
0 0.783172 0.566208 0.062243 0.049646
0 0.765721 0.522839 0.062221 0.048211
0 0.708353 0.303538 0.052616 0.034371
0 0.582243 0.169117 0.040074 0.029701
0 0.621329 0.625506 0.060054 0.048890
0 0.717073 0.356203 0.052973 0.044951
0 0.796698 0.610992 0.066247 0.046047
0 0.835026 0.783241 0.069219 0.059450
0 0.592791 0.236350 0.037275 0.032759
0 0.724488 0.395795 0.058083 0.045680
0 0.840714 0.842178 0.071458 0.052672
0 0.622618 0.670585 0.057744 0.045172
0 0.386681 0.719527 0.054547 0.048941
0 0.858370 0.901778 0.070310 0.053067
0 0.652157 0.847467 0.058482 0.050412
0 0.381166 0.766835 0.071633 0.049636
0 0.870512 0.964777 0.091840 0.062937
0 0.639746 0.786581 0.070568 0.048701
0 0.373736 0.899385 0.083180 0.056262
0 0.390391 0.669850 0.054002 0.047633
0 0.627841 0.724948 0.064003 0.053848
0 0.377697 0.832743 0.060005 0.047472
0 0.549633 0.661674 0.071488 0.048701
0 0.392461 0.629975 0.059039 0.045644
0 0.653181 0.915501 0.056720 0.056668
0 0.665904 0.973414 0.064659 0.048515
0 0.557592 0.718475 0.069278 0.050080
0 0.558427 0.787335 0.075955 0.052584
0 0.567191 0.840545 0.071782 0.056340
0 0.578459 0.908779 0.065939 0.062600
0 0.576790 0.973257 0.089310 0.051332
0 0.604334 0.441156 0.049245 0.036308