0 0.613282 0.567944 0.062888 0.046135
0 0.628951 0.703276 0.057767 0.046165
0 0.382838 0.614996 0.068632 0.052625
0 0.385714 0.664280 0.071766 0.052268
0 0.561393 0.753685 0.078238 0.052647
0 0.805447 0.672671 0.070766 0.055186
0 0.620617 0.609216 0.064830 0.050912
0 0.369349 0.717846 0.070016 0.050933
0 0.630191 0.654781 0.049710 0.041260
0 0.601479 0.490495 0.061004 0.045902
0 0.636197 0.752425 0.057773 0.048357
0 0.743086 0.474367 0.060181 0.041078
0 0.770536 0.541430 0.067417 0.047559
0 0.364383 0.768026 0.060653 0.052225
0 0.599360 0.450102 0.053963 0.049033
0 0.612009 0.527384 0.061518 0.045959
0 0.738051 0.439817 0.056228 0.042308
0 0.819084 0.725191 0.067961 0.050993
0 0.565309 0.802740 0.071073 0.054056
0 0.786699 0.583169 0.063551 0.050304
0 0.797028 0.626157 0.054940 0.049094
0 0.592337 0.413773 0.059035 0.045210
0 0.556585 0.686494 0.069522 0.045030
0 0.362059 0.834609 0.077099 0.052423
0 0.547591 0.594019 0.065744 0.054406
0 0.653578 0.860636 0.069568 0.055462
0 0.714993 0.354431 0.045775 0.038138
0 0.758627 0.506726 0.059240 0.040613
0 0.852074 0.824245 0.083993 0.052815
0 0.664059 0.914076 0.058889 0.051133
0 0.586998 0.359638 0.048520 0.033543
0 0.582278 0.208410 0.032891 0.032610
0 0.577882 0.861402 0.069655 0.054190
0 0.644096 0.149458 0.036379 0.028850
0 0.383828 0.566342 0.056070 0.055107
0 0.730471 0.408756 0.059891 0.036612
0 0.553919 0.642554 0.065348 0.049066
0 0.385405 0.534819 0.059663 0.044520
0 0.545402 0.520323 0.050375 0.048406
0 0.842855 0.767850 0.063579 0.048829
0 0.690202 0.269631 0.051955 0.033804
0 0.544773 0.556515 0.057508 0.041334
0 0.390241 0.425506 0.044237 0.042568
0 0.387737 0.457432 0.060931 0.046324
0 0.380642 0.494366 0.058427 0.040064
0 0.588058 0.931315 0.062600 0.057592
0 0.589727 0.387320 0.044237 0.043820
0 0.688635 0.245217 0.046741 0.030048
0 0.691974 0.296549 0.048411 0.032552
0 0.707415 0.322216 0.044237 0.033804
0 0.884782 0.953225 0.088475 0.061348