0 0.612377 0.373857 0.041575 0.039761
0 0.404829 0.376975 0.057630 0.041911
0 0.647211 0.662609 0.056847 0.045724
0 0.600543 0.252244 0.038875 0.030323
0 0.653114 0.713810 0.066086 0.046773
0 0.762801 0.541218 0.067830 0.046114
0 0.836088 0.821245 0.071979 0.049389
0 0.618034 0.495735 0.055875 0.041521
0 0.567671 0.650716 0.064181 0.046707
0 0.624765 0.533282 0.060136 0.044130
0 0.850212 0.881296 0.070763 0.049532
0 0.659688 0.771909 0.069579 0.048026
0 0.743693 0.469106 0.056468 0.037319
0 0.570754 0.747019 0.070377 0.051987
0 0.569751 0.702416 0.071856 0.048819
0 0.666013 0.894222 0.067066 0.053012
0 0.872945 0.941353 0.073342 0.058440
0 0.666633 0.830234 0.077610 0.056998
0 0.636262 0.612437 0.057943 0.050232
0 0.399118 0.842519 0.059205 0.051629
0 0.790864 0.637490 0.068494 0.045391
0 0.751575 0.505809 0.065690 0.039626
0 0.400899 0.788800 0.072456 0.054734
0 0.770704 0.586257 0.069895 0.046223
0 0.799370 0.680479 0.061967 0.051070
0 0.583467 0.808619 0.070112 0.053836
0 0.582215 0.876227 0.079294 0.063852
0 0.629374 0.576998 0.060096 0.046324
0 0.666516 0.960737 0.060931 0.052584
0 0.741637 0.439904 0.049245 0.037560