0 0.817689 0.728431 0.075681 0.052878
0 0.565239 0.706224 0.075174 0.057917
0 0.661727 0.882077 0.075295 0.055234
0 0.778016 0.586130 0.069783 0.049616
0 0.390634 0.751273 0.074922 0.060475
0 0.795332 0.631953 0.061385 0.050104
0 0.381599 0.693229 0.080326 0.063893
0 0.736452 0.433099 0.057079 0.039974
0 0.834499 0.782813 0.069136 0.057552
0 0.809857 0.677900 0.078342 0.051452
0 0.756567 0.502904 0.064141 0.041589
0 0.564939 0.828083 0.071224 0.055618
0 0.555675 0.651423 0.073563 0.053887
0 0.842122 0.840768 0.083672 0.051784
0 0.390143 0.803695 0.062882 0.054694
0 0.744948 0.467799 0.058255 0.039036
0 0.386855 0.637598 0.065013 0.054206
0 0.865499 0.896169 0.089696 0.056387
0 0.547040 0.607350 0.058064 0.046029
0 0.548783 0.560570 0.061168 0.047676
0 0.571259 0.760023 0.076554 0.056243
0 0.764627 0.540798 0.062214 0.048158
0 0.578743 0.885166 0.076081 0.058405
0 0.712229 0.336732 0.056541 0.037487
0 0.627975 0.630648 0.058390 0.046309
0 0.877201 0.969469 0.083741 0.055124
0 0.656625 0.825488 0.066168 0.054036
0 0.377841 0.926165 0.076940 0.060599
0 0.650135 0.772370 0.067969 0.056237
0 0.590857 0.958988 0.085109 0.064108
0 0.389277 0.592656 0.065143 0.049974
0 0.720397 0.365570 0.058954 0.039238
0 0.396595 0.438597 0.058234 0.042194
0 0.730512 0.398265 0.057439 0.038809
0 0.584820 0.235277 0.047027 0.038197
0 0.619900 0.589222 0.062109 0.047520
0 0.638804 0.724049 0.054579 0.045299
0 0.633720 0.674014 0.067552 0.049967
0 0.671178 0.953643 0.063711 0.054499
0 0.625130 0.549919 0.064323 0.046868
0 0.393698 0.473838 0.059054 0.043145
0 0.378546 0.858626 0.065556 0.061927
0 0.547665 0.523079 0.061007 0.042578
0 0.595284 0.352490 0.052626 0.038366
0 0.537906 0.416693 0.042279 0.036693
0 0.394813 0.546009 0.061276 0.052214
0 0.396011 0.509893 0.061858 0.042975
0 0.590588 0.383402 0.056714 0.038796
0 0.585471 0.293249 0.044831 0.034596
0 0.619036 0.508965 0.062587 0.046406
0 0.542611 0.447230 0.051732 0.038092
0 0.544737 0.483154 0.053668 0.043223
0 0.610423 0.473444 0.053832 0.042630
0 0.599345 0.415120 0.057717 0.043431
0 0.702717 0.293408 0.048741 0.032220
0 0.690078 0.240531 0.041241 0.035775
0 0.695265 0.271296 0.051016 0.031237
0 0.595664 0.319941 0.041215 0.038242
0 0.610221 0.444001 0.046259 0.038092
0 0.705048 0.312881 0.044644 0.029811