0 0.659351 0.839258 0.073268 0.053099
0 0.567665 0.839746 0.072083 0.054362
0 0.573793 0.727012 0.075694 0.051497
0 0.568112 0.781318 0.069575 0.054342
0 0.788995 0.634570 0.070195 0.047474
0 0.215347 0.810020 0.079931 0.055117
0 0.646417 0.775589 0.071385 0.053913
0 0.802973 0.729108 0.080312 0.051849
0 0.394772 0.728278 0.071871 0.058796
0 0.237068 0.685078 0.060560 0.048138
0 0.774915 0.593776 0.063598 0.044115
0 0.855252 0.965345 0.086997 0.056836
0 0.829672 0.840146 0.083147 0.056257
0 0.232530 0.734681 0.086033 0.057852
0 0.638446 0.678001 0.059358 0.047122
0 0.849273 0.896592 0.073095 0.052663
0 0.562391 0.628128 0.050095 0.046673
0 0.387533 0.618464 0.065239 0.053346
0 0.557318 0.580238 0.057118 0.046816
0 0.644143 0.723786 0.060933 0.050853
0 0.397224 0.784072 0.058277 0.051934
0 0.675592 0.902484 0.074865 0.055996
0 0.746584 0.480029 0.059991 0.045319
0 0.762548 0.552503 0.066562 0.045514
0 0.575651 0.898193 0.069575 0.055241
0 0.397637 0.395052 0.054579 0.037826
0 0.568114 0.676543 0.068615 0.051667
0 0.588262 0.973102 0.086280 0.049876
0 0.400727 0.673053 0.061801 0.056367
0 0.820360 0.775352 0.061128 0.053112
0 0.384520 0.840296 0.084327 0.069004
0 0.394036 0.538092 0.049748 0.042578
0 0.752316 0.517845 0.064484 0.039805
0 0.628355 0.629255 0.054366 0.051270
0 0.618800 0.548981 0.059466 0.048053
0 0.801630 0.680898 0.061272 0.049154
0 0.378958 0.919199 0.076719 0.059701
0 0.736719 0.446055 0.063073 0.043073
0 0.550851 0.537493 0.055990 0.046445
0 0.383715 0.974606 0.084323 0.046283
0 0.625977 0.590368 0.064497 0.045749
0 0.617055 0.510703 0.062921 0.043229
0 0.395013 0.578200 0.065990 0.048848
0 0.393309 0.497783 0.061576 0.047077
0 0.546398 0.501712 0.058490 0.042057
0 0.702975 0.309115 0.053815 0.036107
0 0.714566 0.359349 0.059080 0.040456
0 0.730271 0.416260 0.055004 0.036921
0 0.547040 0.464632 0.064262 0.045788
0 0.610343 0.442350 0.057248 0.040286
0 0.692910 0.276898 0.055369 0.038796
0 0.397433 0.431048 0.061168 0.041146
0 0.545258 0.374124 0.043407 0.042116
0 0.605267 0.412275 0.054093 0.036087
0 0.614842 0.474915 0.049935 0.040560
0 0.684486 0.973604 0.077088 0.048626
0 0.602676 0.383281 0.044996 0.037227
0 0.725397 0.390306 0.056159 0.037357
0 0.589004 0.305228 0.047174 0.039544
0 0.542350 0.430557 0.056437 0.043626
0 0.589043 0.331012 0.043451 0.034043
0 0.397444 0.463177 0.052170 0.041510
0 0.711465 0.333005 0.053207 0.033848
0 0.594566 0.358252 0.050208 0.034928