0 0.589733 0.971302 0.088676 0.050885
0 0.398750 0.726191 0.072665 0.052487
0 0.577259 0.841035 0.073043 0.062070
0 0.666302 0.899997 0.060868 0.054486
0 0.658995 0.841768 0.078155 0.058275
0 0.837424 0.833662 0.085265 0.056660
0 0.410471 0.498623 0.047140 0.038053
0 0.402120 0.533649 0.055595 0.042585
0 0.400308 0.668161 0.071701 0.055280
0 0.773249 0.595452 0.071645 0.046087
0 0.805825 0.733919 0.073377 0.053906
0 0.680716 0.963831 0.075833 0.057923
0 0.646864 0.784557 0.065386 0.052669
0 0.744826 0.483018 0.061241 0.043965
0 0.387721 0.846986 0.081172 0.059128
0 0.848924 0.963057 0.084479 0.062415
0 0.597546 0.439368 0.058572 0.041458
0 0.739234 0.452002 0.058398 0.037155
0 0.395069 0.790085 0.062326 0.053672
0 0.798301 0.680921 0.058885 0.049525
0 0.559933 0.721608 0.072826 0.052109
0 0.401545 0.574434 0.064349 0.045404
0 0.621413 0.596488 0.056497 0.044342
0 0.614555 0.556283 0.062174 0.045339
0 0.557995 0.627396 0.052535 0.046784
0 0.843043 0.899945 0.072734 0.053757
0 0.763247 0.553024 0.069557 0.047702
0 0.559512 0.672591 0.067739 0.049036
0 0.639429 0.729769 0.073121 0.054316
0 0.400004 0.617393 0.069193 0.047962
0 0.782448 0.639740 0.068550 0.052044
0 0.629501 0.639495 0.053177 0.042467
0 0.604180 0.509596 0.056102 0.045990
0 0.812044 0.782448 0.063559 0.049883
0 0.575477 0.783262 0.071641 0.056263
0 0.636576 0.682171 0.053220 0.047233
0 0.578965 0.903112 0.075074 0.063216
0 0.724115 0.389941 0.058446 0.039219
0 0.734768 0.419388 0.053034 0.040182
0 0.603633 0.473486 0.053837 0.043105
0 0.751691 0.518018 0.064232 0.044134