0 0.612804 0.567430 0.062114 0.046395
0 0.383303 0.614610 0.068542 0.050506
0 0.599472 0.291673 0.040867 0.033961
0 0.385808 0.662833 0.071591 0.051726
0 0.599082 0.451062 0.053664 0.051378
0 0.601987 0.489739 0.061159 0.044534
0 0.369260 0.715981 0.070014 0.054924
0 0.630722 0.700997 0.061402 0.046605
0 0.591080 0.416113 0.056555 0.036303
0 0.562288 0.752768 0.076778 0.050641
0 0.612466 0.526062 0.061226 0.044426
0 0.742698 0.473709 0.058006 0.039865
0 0.630360 0.654199 0.048861 0.039359
0 0.364658 0.768128 0.060564 0.054692
0 0.619962 0.609255 0.064782 0.048205
0 0.736199 0.438777 0.057207 0.042655
0 0.581723 0.207201 0.033503 0.032174
0 0.686541 0.244141 0.044252 0.032902
0 0.770673 0.540640 0.067585 0.046222
0 0.362604 0.834315 0.077472 0.054145
0 0.554907 0.686132 0.072139 0.047253
0 0.637338 0.752910 0.058759 0.048502
0 0.756159 0.506132 0.059856 0.039087
0 0.797907 0.624962 0.053885 0.045157
0 0.716330 0.355899 0.049779 0.041074
0 0.382246 0.567608 0.051881 0.043820
0 0.820600 0.722669 0.066418 0.045627
0 0.732496 0.407786 0.059179 0.037176
0 0.382920 0.532578 0.055787 0.039044
0 0.851284 0.823794 0.084082 0.052379
0 0.706879 0.318859 0.046979 0.039611
0 0.381060 0.490337 0.057592 0.045617
0 0.563270 0.801408 0.074403 0.048941
0 0.357205 0.902551 0.069678 0.053297
0 0.554353 0.640455 0.064190 0.048924
0 0.389406 0.426132 0.044237 0.036308
0 0.386485 0.459310 0.058427 0.045072
0 0.577624 0.863707 0.066774 0.055088
0 0.588475 0.929437 0.063435 0.056340
0 0.547576 0.594526 0.066774 0.047576
0 0.544655 0.559470 0.055923 0.045072
0 0.650658 0.863707 0.062600 0.060096
0 0.663595 0.916917 0.056757 0.051332
0 0.588892 0.387320 0.042568 0.033804
0 0.839293 0.774189 0.059261 0.043820
0 0.876436 0.950721 0.086806 0.061348
0 0.689887 0.269631 0.045907 0.028796
0 0.692808 0.296549 0.048411 0.032552