0 0.375839 0.714976 0.076984 0.055478
0 0.376505 0.832439 0.068342 0.059080
0 0.382406 0.770526 0.068918 0.054313
0 0.402777 0.615676 0.068718 0.058160
0 0.822142 0.767515 0.081524 0.055321
0 0.798510 0.666300 0.057580 0.045417
0 0.832930 0.825805 0.071342 0.058117
0 0.770083 0.580441 0.062082 0.049353
0 0.564639 0.769312 0.070709 0.054405
0 0.759625 0.540576 0.070396 0.042814
0 0.646439 0.771427 0.061941 0.050755
0 0.555867 0.660555 0.066593 0.051005
0 0.681177 0.230149 0.047412 0.034883
0 0.806039 0.718004 0.060003 0.048165
0 0.775584 0.624783 0.067301 0.046561
0 0.378120 0.663796 0.052017 0.049970
0 0.565747 0.826789 0.080433 0.057174
0 0.627923 0.666327 0.057115 0.053023
0 0.752335 0.504252 0.063486 0.042736
0 0.586034 0.359048 0.053544 0.033601
0 0.409867 0.362184 0.058642 0.044062
0 0.746500 0.469403 0.061051 0.040119
0 0.407170 0.533404 0.060435 0.048432
0 0.402941 0.459186 0.056184 0.041810
0 0.602506 0.495868 0.065003 0.047753
0 0.546700 0.573836 0.066038 0.048926
0 0.547788 0.617439 0.065354 0.052337
0 0.618092 0.614290 0.070975 0.053299
0 0.377215 0.891507 0.099264 0.067380
0 0.652114 0.885285 0.059780 0.051923
0 0.637949 0.712407 0.071074 0.048001
0 0.730219 0.406167 0.057057 0.035190
0 0.741937 0.435104 0.057836 0.042584
0 0.610346 0.457607 0.056009 0.044771
0 0.592328 0.422347 0.055729 0.042510
0 0.608527 0.535575 0.052110 0.045882
0 0.649367 0.826497 0.056634 0.047696
0 0.401883 0.495809 0.060728 0.045511
0 0.847254 0.883174 0.075000 0.050757
0 0.719424 0.374129 0.056945 0.041405
0 0.711072 0.345754 0.044936 0.031444
0 0.539276 0.531999 0.049698 0.045169
0 0.401890 0.570444 0.054166 0.048187
0 0.854976 0.961709 0.080427 0.060739
0 0.537977 0.500626 0.050915 0.046324
0 0.574704 0.880563 0.071339 0.054242
0 0.559598 0.709474 0.074124 0.054310
0 0.577211 0.947943 0.079929 0.055655
0 0.666010 0.959181 0.082801 0.059786
0 0.585136 0.329728 0.055088 0.042568
0 0.537977 0.462440 0.052584 0.042568
0 0.614767 0.576998 0.062600 0.051332
0 0.590979 0.390450 0.055088 0.046324