0 0.677615 0.968190 0.076558 0.055846
0 0.646222 0.782005 0.065135 0.048086
0 0.809492 0.727139 0.067292 0.052598
0 0.796838 0.678633 0.076662 0.048190
0 0.855647 0.967734 0.089297 0.056406
0 0.665000 0.901520 0.080035 0.056608
0 0.399607 0.847871 0.064223 0.055690
0 0.737815 0.450241 0.053407 0.041667
0 0.568145 0.834811 0.073902 0.051901
0 0.394282 0.785251 0.069240 0.053952
0 0.581697 0.968477 0.087266 0.057578
0 0.401738 0.588034 0.066185 0.047982
0 0.565291 0.721090 0.059670 0.055267
0 0.641719 0.726865 0.054913 0.048952
0 0.845538 0.897552 0.082465 0.062852
0 0.818707 0.777660 0.071050 0.054993
0 0.631547 0.675436 0.058494 0.051862
0 0.417183 0.378786 0.059479 0.049186
0 0.834460 0.835436 0.076168 0.053919
0 0.691265 0.241885 0.042209 0.036908