0 0.373887 0.903274 0.088631 0.065362
0 0.371824 0.838254 0.079402 0.055515
0 0.389108 0.662367 0.075058 0.056119
0 0.382651 0.779531 0.067765 0.055756
0 0.407496 0.435030 0.057657 0.041056
0 0.395023 0.727256 0.059715 0.053870
0 0.582632 0.777536 0.075120 0.055907
0 0.400905 0.374050 0.058838 0.044480
0 0.396578 0.614558 0.071628 0.058844
0 0.589445 0.840289 0.069841 0.055600
0 0.598250 0.906377 0.077272 0.061551
0 0.578797 0.672873 0.072775 0.047769
0 0.672059 0.847089 0.066539 0.059529
0 0.719636 0.380275 0.051631 0.037672
0 0.601414 0.973878 0.085967 0.048817
0 0.793725 0.643142 0.070270 0.048403
0 0.564487 0.583301 0.052984 0.043735
0 0.710695 0.323762 0.052701 0.033141
0 0.714547 0.350452 0.052216 0.038209
0 0.804872 0.689966 0.066338 0.054411
0 0.688244 0.975361 0.069226 0.049279
0 0.698803 0.295720 0.039760 0.035463
0 0.569652 0.542796 0.064356 0.044616
0 0.827538 0.793720 0.076093 0.049080
0 0.577367 0.721196 0.068957 0.058408
0 0.730673 0.407839 0.052810 0.036031
0 0.401081 0.572038 0.047598 0.046229
0 0.614752 0.430999 0.055952 0.047858
0 0.612308 0.399710 0.055832 0.047836
0 0.767755 0.559078 0.067120 0.040532
0 0.679036 0.916917 0.059261 0.047576
0 0.662343 0.792343 0.070947 0.051332
0 0.658587 0.727239 0.075120 0.051332
0 0.649823 0.674654 0.055923 0.046324
0 0.566356 0.626452 0.052584 0.042568
0 0.641059 0.627078 0.063435 0.051332
0 0.633130 0.588892 0.059261 0.042568
0 0.633130 0.546950 0.062600 0.046324
0 0.626035 0.507512 0.058427 0.045072
0 0.618523 0.470578 0.063435 0.043820
0 0.611846 0.371670 0.053419 0.038812
0 0.609759 0.346630 0.049245 0.036308
0 0.601830 0.255233 0.040064 0.036308
0 0.738715 0.441156 0.046741 0.040064
0 0.820930 0.741011 0.060931 0.046324
0 0.840962 0.848057 0.079294 0.057592
0 0.856404 0.911283 0.068443 0.056340
0 0.880609 0.970753 0.091814 0.055088
0 0.786291 0.602038 0.055088 0.048828
0 0.753739 0.513772 0.061765 0.045072
0 0.742471 0.475586 0.064269 0.036308