0 0.377745 0.929541 0.084023 0.063027
0 0.391990 0.726458 0.071046 0.055768
0 0.395451 0.678646 0.070938 0.051497
0 0.396541 0.804801 0.078316 0.059759
0 0.398635 0.632380 0.062522 0.047376
0 0.646649 0.784779 0.064106 0.051055
0 0.384872 0.863929 0.071593 0.057611
0 0.619052 0.618867 0.069744 0.050495
0 0.535738 0.516458 0.063872 0.044245
0 0.397884 0.549268 0.062791 0.043717
0 0.590783 0.915684 0.076628 0.056875
0 0.613470 0.572087 0.065881 0.047962
0 0.822693 0.743958 0.069727 0.049258
0 0.600779 0.488441 0.063676 0.046335
0 0.394514 0.589775 0.067995 0.045632
0 0.551345 0.642617 0.069436 0.051068
0 0.583639 0.379769 0.056220 0.044993
0 0.640942 0.731937 0.071224 0.055788
0 0.541079 0.554772 0.060629 0.044102
0 0.605729 0.530049 0.058715 0.045658
0 0.849160 0.843428 0.081497 0.052298
0 0.704872 0.317051 0.058294 0.040638
0 0.738127 0.445801 0.062730 0.043672
0 0.571068 0.789430 0.073212 0.058431
0 0.791602 0.636413 0.074210 0.053112
0 0.840345 0.796191 0.065048 0.046966
0 0.875080 0.970534 0.087157 0.052943
0 0.652949 0.844040 0.070525 0.056426
0 0.666875 0.902607 0.061667 0.055072
0 0.855317 0.903275 0.071736 0.054492
0 0.402641 0.400368 0.044336 0.042298
0 0.633205 0.674932 0.072886 0.054642
0 0.600124 0.350231 0.055039 0.038887
0 0.574753 0.845081 0.068967 0.057962
0 0.531432 0.476471 0.050113 0.042318
0 0.563906 0.686576 0.068707 0.049922
0 0.806335 0.695518 0.065664 0.051582
0 0.777263 0.595150 0.060794 0.044766
0 0.546474 0.598258 0.066636 0.048717
0 0.525174 0.410475 0.042509 0.039557
0 0.595260 0.973337 0.070530 0.047546
0 0.591962 0.422178 0.053446 0.039160
0 0.762556 0.521348 0.052387 0.046406
0 0.713431 0.347673 0.054805 0.042376
0 0.592405 0.269521 0.046858 0.032975
0 0.571795 0.733464 0.070291 0.055221
0 0.671573 0.975824 0.063155 0.044421
0 0.595749 0.316960 0.039093 0.038620
0 0.584392 0.216875 0.046484 0.034323
0 0.589243 0.242731 0.046766 0.033900
0 0.584494 0.193359 0.036541 0.033229
0 0.595109 0.452995 0.052786 0.041771
0 0.693924 0.288350 0.042266 0.037129
0 0.721443 0.384359 0.056957 0.043483
0 0.595317 0.293597 0.041163 0.031908