0 0.401688 0.631729 0.067986 0.050879
0 0.769384 0.591309 0.073090 0.046419
0 0.598190 0.411966 0.057439 0.042096
0 0.558539 0.726136 0.058980 0.051126
0 0.569568 0.841400 0.073911 0.058620
0 0.611348 0.510026 0.056827 0.046615
0 0.761743 0.549466 0.071081 0.048346
0 0.799312 0.678437 0.065282 0.050625
0 0.557823 0.680316 0.068025 0.049004
0 0.399338 0.725286 0.056063 0.050143
0 0.581152 0.969587 0.090603 0.055267
0 0.549679 0.547318 0.052188 0.042409
0 0.549731 0.587432 0.055738 0.046413
0 0.783357 0.632562 0.070360 0.050540
0 0.638947 0.719635 0.071897 0.056680
0 0.645369 0.785625 0.069878 0.057839
0 0.845614 0.897640 0.076576 0.058600
0 0.744527 0.479128 0.068299 0.045560
0 0.404167 0.680615 0.056866 0.048158
0 0.613550 0.547363 0.054748 0.042578
0 0.402615 0.545332 0.059701 0.047760
0 0.387765 0.781569 0.057561 0.053164
0 0.858967 0.964961 0.078689 0.059701
0 0.698711 0.647803 0.040937 0.084993
0 0.824989 0.774085 0.084770 0.052728
0 0.807648 0.724007 0.073359 0.050801
0 0.385911 0.905133 0.069757 0.060306
0 0.830026 0.835710 0.073490 0.058086
0 0.716641 0.359209 0.053655 0.044108
0 0.388761 0.839183 0.086549 0.064980
0 0.668110 0.974463 0.065030 0.046478
0 0.552834 0.629378 0.053490 0.049082
0 0.575104 0.899574 0.072969 0.062910
0 0.756345 0.515895 0.058151 0.038535
0 0.729006 0.420905 0.059540 0.041654
0 0.563520 0.779964 0.075295 0.057637
0 0.602982 0.446048 0.056849 0.041341
0 0.621784 0.589658 0.068689 0.054329
0 0.401378 0.505563 0.062609 0.043079
0 0.594397 0.380931 0.054609 0.039271
0 0.541061 0.509401 0.054353 0.042604
0 0.539709 0.472402 0.060165 0.043672
0 0.603694 0.474922 0.056519 0.044336
0 0.697773 0.286084 0.048290 0.040605
0 0.691927 0.241270 0.041215 0.035117
0 0.539885 0.442682 0.057669 0.038594