0 0.658965 0.838451 0.073008 0.052995
0 0.573615 0.726481 0.075582 0.051673
0 0.788822 0.633988 0.070221 0.047689
0 0.567372 0.839336 0.072279 0.054635
0 0.568147 0.781077 0.069219 0.054225
0 0.215161 0.809157 0.079523 0.054863
0 0.646562 0.774860 0.071675 0.054017
0 0.802934 0.728317 0.080347 0.051543
0 0.394577 0.727448 0.071775 0.058711
0 0.774796 0.593294 0.063394 0.044206
0 0.638168 0.677256 0.059905 0.047363
0 0.236790 0.683646 0.060551 0.046966
0 0.848928 0.896178 0.072969 0.053932
0 0.829638 0.839170 0.083381 0.055632
0 0.232815 0.732881 0.085924 0.058757
0 0.855137 0.964632 0.086914 0.056908
0 0.557248 0.579489 0.056970 0.046361
0 0.562346 0.627230 0.050265 0.047246
0 0.587789 0.972559 0.085838 0.050990
0 0.746508 0.479880 0.060273 0.045189
0 0.675527 0.901517 0.075074 0.055716
0 0.396916 0.783249 0.057947 0.052083
0 0.644117 0.723363 0.061662 0.051009
0 0.567858 0.675999 0.068659 0.051361
0 0.400441 0.672214 0.062166 0.056172
0 0.575922 0.897539 0.068798 0.055234
0 0.387246 0.617780 0.065569 0.053099
0 0.762576 0.551673 0.066714 0.045404
0 0.820211 0.774215 0.060959 0.054069
0 0.618733 0.548226 0.059687 0.048145
0 0.384490 0.839977 0.084266 0.069564
0 0.736571 0.445104 0.063186 0.043633
0 0.550805 0.536667 0.056194 0.047383
0 0.393733 0.537370 0.049583 0.042487
0 0.801380 0.680312 0.061849 0.049674
0 0.626369 0.589622 0.065126 0.046315
0 0.628114 0.628480 0.055221 0.051335
0 0.383470 0.974144 0.084683 0.047207
0 0.379060 0.918792 0.077539 0.060358
0 0.751921 0.517744 0.064648 0.040046
0 0.616725 0.510033 0.063364 0.043477
0 0.397094 0.429606 0.061471 0.043171
0 0.703030 0.308083 0.052960 0.036634
0 0.393153 0.496855 0.061437 0.047760
0 0.546315 0.500794 0.058906 0.043320
0 0.610566 0.441826 0.057886 0.040957
0 0.394625 0.577731 0.065751 0.048639
0 0.730041 0.415247 0.054258 0.036758
0 0.714421 0.358704 0.058954 0.040221
0 0.547294 0.463454 0.064371 0.045944
0 0.614928 0.474854 0.050430 0.040059
0 0.604868 0.411742 0.053676 0.036621
0 0.542650 0.429427 0.057062 0.044466
0 0.602415 0.382539 0.044067 0.037331
0 0.588904 0.304951 0.047088 0.040176
0 0.588691 0.330107 0.042869 0.034095
0 0.684809 0.972936 0.076476 0.050091
0 0.710310 0.332604 0.051957 0.034284
0 0.724839 0.389111 0.055625 0.036686
0 0.397313 0.462598 0.051641 0.042422
0 0.593809 0.357347 0.049162 0.035059