0 0.319087 0.607286 0.067193 0.048349
0 0.372693 0.903881 0.087572 0.064970
0 0.371294 0.838284 0.077998 0.059027
0 0.382275 0.779498 0.067834 0.052675
0 0.601522 0.249403 0.038918 0.035671
0 0.390156 0.725332 0.072183 0.049036
0 0.388745 0.662635 0.075071 0.057587
0 0.401258 0.461745 0.059124 0.047033
0 0.592128 0.836437 0.073557 0.053392
0 0.396051 0.612285 0.069390 0.055813
0 0.671458 0.846047 0.064756 0.054356
0 0.649430 0.673747 0.057543 0.050642
0 0.405980 0.433941 0.056162 0.039469
0 0.719750 0.379211 0.051224 0.038047
0 0.582276 0.778985 0.075416 0.054037
0 0.402014 0.573103 0.049070 0.049107
0 0.406368 0.503556 0.063241 0.043725
0 0.701544 0.294383 0.044295 0.039487
0 0.785901 0.597350 0.060547 0.044003
0 0.856838 0.911536 0.070982 0.058339
0 0.399703 0.376551 0.057031 0.049081
0 0.555245 0.467289 0.055816 0.044904
0 0.632474 0.584354 0.056291 0.039346
0 0.661394 0.787429 0.070258 0.050075
0 0.713894 0.347626 0.052690 0.040841
0 0.879445 0.969326 0.093083 0.056078
0 0.553823 0.432538 0.052494 0.035559
0 0.641724 0.624119 0.067949 0.052334
0 0.607386 0.341158 0.051821 0.037850
0 0.567384 0.543836 0.061249 0.043658
0 0.838924 0.845163 0.080149 0.054450
0 0.576764 0.670608 0.067905 0.050521
0 0.575566 0.720671 0.067666 0.054451
0 0.689829 0.246352 0.049129 0.034039
0 0.793213 0.643973 0.070443 0.045724
0 0.764128 0.548946 0.051908 0.042208
0 0.712017 0.321262 0.053878 0.030983
0 0.804628 0.690728 0.065105 0.050068
0 0.631658 0.544025 0.060471 0.046977
0 0.406930 0.539759 0.056385 0.040497
0 0.598889 0.906016 0.072655 0.059363
0 0.729662 0.406280 0.053532 0.040969
0 0.601412 0.974409 0.085971 0.049880
0 0.687383 0.976913 0.069278 0.044872
0 0.680288 0.918169 0.056757 0.052584
0 0.627287 0.507512 0.054253 0.045072
0 0.568026 0.625826 0.050915 0.046324
0 0.563017 0.584510 0.052584 0.041316
0 0.560096 0.503130 0.058427 0.041316
0 0.619775 0.467448 0.062600 0.045072
0 0.616854 0.433644 0.053419 0.040064
0 0.612263 0.402344 0.055923 0.040064
0 0.613098 0.370418 0.052584 0.038812
0 0.753739 0.514398 0.063435 0.043820
0 0.744558 0.476212 0.068443 0.040064
0 0.821347 0.741011 0.060096 0.048828
0 0.826356 0.795473 0.071782 0.052584
0 0.737881 0.441156 0.046741 0.040064
0 0.692808 0.274013 0.050080 0.033804