0 0.395020 0.660244 0.070942 0.059733
0 0.394852 0.772412 0.072300 0.056725
0 0.655043 0.781937 0.077257 0.052910
0 0.393574 0.831641 0.071315 0.055521
0 0.813112 0.782542 0.069792 0.052858
0 0.830171 0.839899 0.079492 0.051725
0 0.399722 0.573682 0.066042 0.050254
0 0.396066 0.713532 0.053260 0.050033
0 0.403542 0.491019 0.058333 0.043626
0 0.558066 0.666348 0.072148 0.050234
0 0.637982 0.669329 0.069488 0.052539
0 0.404646 0.376950 0.058112 0.044889
0 0.642470 0.719814 0.074167 0.051087
0 0.654531 0.844368 0.077266 0.059336
0 0.583416 0.967174 0.086970 0.058646
0 0.572539 0.899401 0.075556 0.057669
0 0.574316 0.769329 0.084310 0.061615
0 0.765519 0.554007 0.067435 0.046947
0 0.660015 0.900762 0.063702 0.057969
0 0.399191 0.617409 0.067852 0.047682
0 0.316793 0.892546 0.082778 0.056615
0 0.314894 0.828737 0.074310 0.056510
0 0.583060 0.365160 0.054401 0.044043
0 0.405202 0.453307 0.049388 0.040638
0 0.613429 0.536208 0.056259 0.042741
0 0.777600 0.594619 0.073064 0.045475
0 0.596332 0.325967 0.040877 0.038991
0 0.801372 0.685026 0.068637 0.051901
0 0.554102 0.623197 0.066953 0.050938
0 0.792444 0.635778 0.076753 0.055905
0 0.545330 0.538470 0.057031 0.044023
0 0.569937 0.832754 0.076037 0.059609
0 0.844586 0.904443 0.073694 0.055384
0 0.629395 0.617607 0.054058 0.050345
0 0.552782 0.578779 0.065174 0.047650
0 0.602821 0.464411 0.044497 0.040449
0 0.667461 0.967523 0.062222 0.052819
0 0.812383 0.729639 0.064800 0.054863
0 0.531220 0.427314 0.059071 0.043132
0 0.740677 0.451016 0.059132 0.047435
0 0.539837 0.462178 0.053051 0.043730
0 0.562276 0.713919 0.076489 0.057487
0 0.404683 0.417246 0.042717 0.038724
0 0.859431 0.960033 0.068351 0.055156
0 0.623902 0.575944 0.059653 0.046888
0 0.543652 0.500729 0.049909 0.041458
0 0.589210 0.231257 0.046493 0.036250
0 0.721591 0.390059 0.055039 0.037161
0 0.731081 0.418021 0.056962 0.041302
0 0.589553 0.401289 0.054123 0.039792
0 0.584568 0.195433 0.041168 0.031100
0 0.685132 0.239157 0.048824 0.035996
0 0.596916 0.433486 0.053294 0.042376
0 0.705844 0.310270 0.044102 0.033574
0 0.702611 0.285391 0.045100 0.033932
0 0.720855 0.360570 0.046597 0.036178
0 0.713672 0.339098 0.045330 0.032897