0 0.810852 0.737122 0.081001 0.051667
0 0.789674 0.646840 0.068818 0.049447
0 0.806575 0.689691 0.075291 0.045421
0 0.766362 0.516262 0.069839 0.042878
0 0.839047 0.848255 0.071178 0.052361
0 0.754303 0.478356 0.058712 0.044203
0 0.570083 0.729765 0.068348 0.050352
0 0.775174 0.555520 0.066610 0.049016
0 0.817742 0.788404 0.061045 0.050225
0 0.650258 0.788581 0.062455 0.050348
0 0.651792 0.847185 0.076476 0.053730
0 0.640364 0.735593 0.054025 0.043210
0 0.543544 0.380061 0.053612 0.037048
0 0.856574 0.907850 0.090606 0.060132
0 0.724109 0.374174 0.057592 0.038812
0 0.735964 0.405816 0.051980 0.039069
0 0.643638 0.688456 0.070007 0.051501
0 0.747509 0.438475 0.057090 0.039658
0 0.569236 0.681692 0.066101 0.046112
0 0.396305 0.590991 0.067521 0.050109
0 0.708063 0.320966 0.051288 0.032557
0 0.401294 0.444004 0.051129 0.041438
0 0.696288 0.259825 0.042836 0.038909
0 0.590606 0.971619 0.088792 0.050454
0 0.561122 0.592006 0.050215 0.044905
0 0.614268 0.478098 0.056400 0.042783
0 0.599475 0.382354 0.049602 0.041685
0 0.625977 0.560946 0.061164 0.044331
0 0.331151 0.901148 0.063204 0.058630
0 0.619167 0.515606 0.059908 0.048800
0 0.669237 0.152799 0.040467 0.029255
0 0.570054 0.168921 0.040180 0.031453
0 0.580525 0.227564 0.045814 0.039275
0 0.684025 0.217718 0.041705 0.032717
0 0.335423 0.844079 0.067722 0.052101
0 0.672634 0.971179 0.064911 0.052429
0 0.863341 0.972362 0.076859 0.050210
0 0.679813 0.190471 0.046023 0.026976
0 0.658664 0.909917 0.063336 0.053172
0 0.593702 0.354903 0.045113 0.034905
0 0.583203 0.846740 0.055824 0.047629
0 0.632057 0.638001 0.061289 0.049957
0 0.590940 0.328029 0.043480 0.039171
0 0.554505 0.514039 0.059593 0.039530
0 0.589440 0.280633 0.046480 0.027011
0 0.416116 0.385442 0.057592 0.043820
0 0.400674 0.518154 0.058427 0.038812
0 0.398588 0.552584 0.045907 0.045072
0 0.313452 0.682166 0.069278 0.046324
0 0.391076 0.684670 0.057592 0.043820
0 0.387737 0.733499 0.072616 0.053836
0 0.335988 0.778571 0.064269 0.051332
0 0.553001 0.551958 0.055923 0.041316
0 0.581380 0.913787 0.069278 0.056340
0 0.630626 0.600160 0.050915 0.042568
0 0.607672 0.448668 0.051749 0.042568
0 0.606003 0.417368 0.056757 0.032552
0 0.593066 0.306566 0.050915 0.033804
0 0.586806 0.260867 0.048411 0.032552
0 0.574286 0.186999 0.031717 0.025040
0 0.580128 0.211413 0.041733 0.026292
0 0.673611 0.172601 0.040064 0.021284
0 0.712006 0.347256 0.050080 0.030048
0 0.018615 0.973611 0.037166 0.051476