0 0.382737 0.778968 0.074909 0.059967
0 0.567828 0.842526 0.083121 0.059128
0 0.377962 0.719769 0.081107 0.063509
0 0.576793 0.968132 0.088316 0.057656
0 0.380740 0.610690 0.066315 0.049818
0 0.376871 0.661989 0.073611 0.057715
0 0.386877 0.567992 0.066654 0.048952
0 0.576239 0.901709 0.076992 0.059707
0 0.802242 0.732653 0.082062 0.054590
0 0.647448 0.778503 0.070356 0.055547
0 0.630796 0.634971 0.071732 0.052819
0 0.621484 0.551995 0.055573 0.046816
0 0.663989 0.903167 0.062352 0.055176
0 0.617832 0.511696 0.057730 0.046973
0 0.763364 0.555505 0.072483 0.045410
0 0.394258 0.491211 0.049731 0.040391
0 0.833670 0.839460 0.081984 0.057656
0 0.562066 0.729980 0.075191 0.056003
0 0.860469 0.969219 0.085981 0.055378
0 0.380560 0.911497 0.076892 0.066016
0 0.556749 0.677109 0.057188 0.051836
0 0.639505 0.681286 0.060469 0.048835
0 0.798633 0.684749 0.069349 0.050098
0 0.546751 0.512220 0.059006 0.042240
0 0.716604 0.363991 0.057843 0.036628
0 0.754625 0.514902 0.063859 0.046536
0 0.553218 0.588411 0.051471 0.048685
0 0.392383 0.437471 0.062708 0.047689
0 0.789687 0.637015 0.077144 0.052363
0 0.625365 0.592604 0.051519 0.042682
0 0.670197 0.971650 0.075195 0.051296
0 0.380909 0.836413 0.082018 0.062747
0 0.563414 0.782168 0.076185 0.057253
0 0.551651 0.549375 0.055404 0.043229
0 0.709019 0.334359 0.051979 0.035840
0 0.642170 0.727835 0.073872 0.055423
0 0.845464 0.897627 0.072274 0.059004
0 0.824648 0.783333 0.066797 0.053281
0 0.539579 0.443359 0.055408 0.037969
0 0.768932 0.595882 0.072448 0.049160
0 0.724290 0.392884 0.057661 0.034766
0 0.392936 0.528923 0.064831 0.043262
0 0.554557 0.632995 0.070382 0.051615
0 0.704648 0.310485 0.052717 0.035345
0 0.739609 0.451032 0.060938 0.038678
0 0.729451 0.420137 0.053937 0.036016
0 0.601330 0.348044 0.051185 0.039251
0 0.701241 0.281676 0.055087 0.039173
0 0.653945 0.835231 0.071224 0.059902
0 0.597250 0.374880 0.055586 0.039460
0 0.539837 0.476393 0.055343 0.041576
0 0.616053 0.477679 0.056888 0.041686
0 0.744403 0.481113 0.056359 0.041263
0 0.610373 0.441247 0.055304 0.041816
0 0.587509 0.259697 0.049653 0.037741
0 0.581523 0.234482 0.046562 0.035124
0 0.604290 0.406794 0.051376 0.039329