0 0.394006 0.862455 0.063416 0.058844
0 0.386902 0.922213 0.067608 0.062024
0 0.401449 0.802925 0.076919 0.057493
0 0.409582 0.695001 0.070660 0.050703
0 0.406556 0.745555 0.056681 0.054763
0 0.650920 0.806118 0.072699 0.056675
0 0.622405 0.646252 0.059009 0.050544
0 0.646126 0.753460 0.064986 0.046183
0 0.733978 0.433942 0.059555 0.038156
0 0.586797 0.932765 0.070130 0.061743
0 0.741091 0.467104 0.059798 0.042770
0 0.595466 0.984013 0.084509 0.026520
0 0.621781 0.599686 0.066935 0.051028
0 0.587971 0.875663 0.079168 0.056045
0 0.552408 0.643793 0.065003 0.046745
0 0.411388 0.648724 0.072056 0.047047
0 0.689101 0.259498 0.046197 0.030275
0 0.550271 0.520779 0.061384 0.051090
0 0.696612 0.285841 0.060835 0.034923
0 0.794231 0.672551 0.064035 0.047126
0 0.838708 0.833720 0.080464 0.053959
0 0.548650 0.600925 0.065864 0.044638
0 0.561713 0.698903 0.071550 0.051935
0 0.574503 0.813910 0.059661 0.053271
0 0.782761 0.628599 0.065488 0.041853
0 0.851499 0.904685 0.078252 0.050657
0 0.418202 0.442408 0.046741 0.045072
0 0.418202 0.475586 0.056757 0.043820
0 0.414446 0.513146 0.067608 0.053836
0 0.413194 0.566982 0.058427 0.048828
0 0.410273 0.605168 0.052584 0.042568
0 0.395666 0.980669 0.085136 0.037360
0 0.539647 0.408604 0.054253 0.040064
0 0.541733 0.441156 0.055088 0.035056
0 0.548411 0.473708 0.060096 0.042568
0 0.565104 0.757913 0.066774 0.055088
0 0.675698 0.981395 0.064269 0.033804
0 0.669438 0.926933 0.065104 0.052584
0 0.658587 0.869341 0.061765 0.055088
0 0.636886 0.695939 0.056757 0.053836
0 0.616854 0.560096 0.060096 0.047576
0 0.612680 0.518154 0.060096 0.043820
0 0.611846 0.484976 0.058427 0.040064
0 0.608090 0.449294 0.059261 0.038812
0 0.861412 0.971379 0.085136 0.053836
0 0.823434 0.776067 0.079294 0.056340
0 0.802985 0.720353 0.075120 0.052584
0 0.768346 0.574494 0.067608 0.048828
0 0.758330 0.537560 0.065939 0.042568
0 0.757078 0.501252 0.051749 0.040064
0 0.731203 0.406100 0.050080 0.035056
0 0.725361 0.380434 0.055088 0.036308
0 0.708667 0.342248 0.045072 0.037560
0 0.703242 0.315330 0.045907 0.033804