0 0.406762 0.901498 0.078078 0.057674
0 0.615924 0.310607 0.037844 0.037295
0 0.414717 0.617760 0.065419 0.050292
0 0.683980 0.238983 0.044367 0.031248
0 0.404554 0.962486 0.061976 0.059110
0 0.416203 0.828373 0.060351 0.051441
0 0.611143 0.352231 0.051749 0.038545
0 0.747398 0.477345 0.059293 0.042478
0 0.739991 0.445300 0.056172 0.038484
0 0.559870 0.502496 0.060195 0.042385
0 0.418146 0.576771 0.057230 0.044320
0 0.705469 0.301437 0.057346 0.034738
0 0.557530 0.467522 0.050715 0.037702
0 0.594501 0.382453 0.053812 0.036274
0 0.752585 0.511948 0.061231 0.046572
0 0.416501 0.535449 0.048208 0.040317
0 0.602470 0.414190 0.057623 0.038827
0 0.624691 0.509136 0.046661 0.034819
0 0.732492 0.412766 0.059011 0.040355
0 0.612724 0.442919 0.053376 0.040757
0 0.715775 0.354580 0.047295 0.031015
0 0.565885 0.545577 0.056768 0.039074
0 0.601481 0.252697 0.037843 0.032018
0 0.572148 0.586136 0.065675 0.048469
0 0.634958 0.587134 0.054779 0.049225
0 0.412079 0.496242 0.055584 0.032249
0 0.413612 0.460562 0.062600 0.043820
0 0.415281 0.425506 0.059261 0.041316
0 0.412360 0.666516 0.070112 0.047576
0 0.414029 0.711589 0.066774 0.052584
0 0.419037 0.765425 0.061765 0.055088
0 0.568860 0.633338 0.060931 0.046324
0 0.578042 0.679662 0.054253 0.046324
0 0.583467 0.732873 0.066774 0.052584
0 0.586806 0.790465 0.075120 0.050080
0 0.590562 0.844927 0.070947 0.053836
0 0.582215 0.905649 0.070947 0.062600
0 0.599326 0.969501 0.078459 0.057592
0 0.641476 0.636468 0.064269 0.047576
0 0.648988 0.684670 0.067608 0.051332
0 0.656918 0.733499 0.063435 0.048828
0 0.667351 0.789213 0.064269 0.047576
0 0.676115 0.844301 0.070112 0.052584
0 0.670272 0.905023 0.081798 0.058844
0 0.682792 0.976287 0.065104 0.046124
0 0.631043 0.548202 0.056757 0.041316
0 0.618523 0.478716 0.050080 0.040064
0 0.716597 0.329102 0.050915 0.031300
0 0.727030 0.384190 0.056757 0.036308
0 0.766259 0.553836 0.050080 0.040064
0 0.773354 0.593274 0.072616 0.046324
0 0.790882 0.642102 0.072616 0.046324
0 0.809662 0.687174 0.065104 0.046324
0 0.812583 0.740385 0.074286 0.052584
0 0.833450 0.792969 0.070947 0.052584
0 0.844301 0.851813 0.077624 0.055088
0 0.852648 0.911283 0.070947 0.056340
0 0.878105 0.972005 0.091814 0.052584
0 0.685296 0.263997 0.036725 0.033804