0 0.386839 0.731533 0.080924 0.061966
0 0.383740 0.680470 0.070738 0.051624
0 0.386576 0.633208 0.065724 0.052161
0 0.640283 0.734078 0.071284 0.055303
0 0.649872 0.787134 0.079638 0.062012
0 0.808092 0.743188 0.077463 0.053178
0 0.820193 0.793423 0.073967 0.054598
0 0.552636 0.559346 0.060200 0.044069
0 0.568875 0.785669 0.061957 0.060434
0 0.558678 0.638680 0.067090 0.051539
0 0.633836 0.687303 0.061297 0.047460
0 0.780672 0.598877 0.068202 0.049703
0 0.549021 0.516568 0.060161 0.043258
0 0.658902 0.846262 0.067605 0.051318
0 0.573158 0.843449 0.073710 0.056827
0 0.632174 0.642361 0.058885 0.049846
0 0.622177 0.556877 0.067133 0.054353
0 0.396740 0.548143 0.066792 0.047641
0 0.564705 0.733408 0.068734 0.049036
0 0.754426 0.527130 0.063387 0.039116
0 0.788495 0.647309 0.071486 0.049459
0 0.749389 0.491065 0.063447 0.041834
0 0.403319 0.476009 0.059785 0.040210
0 0.601914 0.385560 0.048242 0.036544
0 0.540847 0.381586 0.042969 0.041877
0 0.389348 0.781970 0.053990 0.045059
0 0.531977 0.351119 0.041151 0.034246
0 0.395416 0.584801 0.052250 0.046907
0 0.612588 0.514847 0.053001 0.041446
0 0.798146 0.695450 0.069829 0.051070
0 0.606644 0.418942 0.053129 0.042268
0 0.398102 0.510543 0.049331 0.039487
0 0.611257 0.484923 0.052869 0.039267
0 0.726983 0.394924 0.059423 0.034579
0 0.834436 0.843255 0.067972 0.052025
0 0.413910 0.340264 0.042378 0.037655
0 0.558225 0.685328 0.053816 0.048540
0 0.580427 0.184912 0.044474 0.030881
0 0.594675 0.331708 0.055803 0.038606
0 0.629437 0.599270 0.065955 0.050518
0 0.741349 0.453007 0.058163 0.043008
0 0.731584 0.420201 0.054958 0.036685
0 0.610567 0.449321 0.054854 0.041257
0 0.408519 0.375284 0.045904 0.035899
0 0.574788 0.160081 0.040729 0.023788
0 0.762265 0.560756 0.063460 0.037123
0 0.404800 0.406155 0.040208 0.035542
0 0.590997 0.239357 0.042135 0.029567
0 0.667053 0.911960 0.060935 0.052100
0 0.549633 0.416996 0.054193 0.040808
0 0.399421 0.439472 0.043760 0.041556
0 0.595152 0.260867 0.038395 0.030048
0 0.712146 0.340172 0.055289 0.036330
0 0.599156 0.309696 0.045412 0.030048
0 0.581798 0.909405 0.071782 0.052584
0 0.584302 0.974509 0.085136 0.047576
0 0.675698 0.982547 0.064269 0.033604
0 0.392745 0.851813 0.085971 0.057592
0 0.387737 0.927559 0.085971 0.056340
0 0.600160 0.361028 0.048411 0.030048
0 0.596822 0.287159 0.048411 0.030048
0 0.587640 0.218925 0.033387 0.023788
0 0.571782 0.143805 0.038395 0.021284
0 0.857656 0.911283 0.067608 0.051332
0 0.867672 0.978791 0.082632 0.041116
0 0.722439 0.371670 0.045907 0.026292
0 0.706581 0.317208 0.049245 0.025040
0 0.699486 0.296549 0.051749 0.026292
0 0.690304 0.270883 0.050080 0.030048
0 0.690722 0.246469 0.039229 0.026292
0 0.687800 0.227689 0.041733 0.021284
0 0.676950 0.209535 0.046741 0.027544
0 0.673194 0.188251 0.042568 0.022536
0 0.669438 0.163837 0.048411 0.031300