0 0.397830 0.732021 0.073229 0.056387
0 0.801063 0.727624 0.075182 0.053294
0 0.399983 0.635599 0.071632 0.050078
0 0.583509 0.896637 0.081532 0.059421
0 0.567708 0.776748 0.072170 0.055033
0 0.799490 0.680094 0.071202 0.047480
0 0.575794 0.833975 0.080443 0.060579
0 0.550382 0.626667 0.065469 0.048568
0 0.558657 0.727897 0.061862 0.051055
0 0.399249 0.788294 0.078464 0.058776
0 0.397780 0.681227 0.053980 0.048548
0 0.766009 0.550339 0.071107 0.043698
0 0.609709 0.474398 0.054826 0.037572
0 0.612470 0.508437 0.057682 0.045026
0 0.638611 0.720625 0.062344 0.050768
0 0.789112 0.633444 0.064353 0.050938
0 0.401016 0.503623 0.058090 0.046973
0 0.551287 0.584443 0.048320 0.042585
0 0.672016 0.967770 0.080994 0.056478
0 0.819019 0.781624 0.072439 0.054850
0 0.399928 0.863861 0.066445 0.057630
0 0.557702 0.673939 0.069362 0.050065
0 0.753014 0.515407 0.069449 0.043236
0 0.748088 0.478070 0.062600 0.044121
0 0.644614 0.774798 0.081189 0.063672
0 0.580625 0.964225 0.092031 0.062682
0 0.409416 0.590407 0.053928 0.045228
0 0.625106 0.627087 0.063346 0.049160
0 0.775562 0.589603 0.070247 0.048112
0 0.615920 0.545068 0.061580 0.043066
0 0.720736 0.384564 0.060959 0.041042
0 0.628490 0.671230 0.059167 0.052982
0 0.829505 0.837275 0.070885 0.055775
0 0.599221 0.413092 0.055100 0.038451
0 0.604605 0.441045 0.060026 0.041204
0 0.854117 0.965430 0.075647 0.061068
0 0.592498 0.329264 0.050013 0.040521
0 0.657595 0.841794 0.069401 0.057741
0 0.661408 0.900911 0.060838 0.053750
0 0.838678 0.901520 0.072904 0.058848
0 0.620343 0.584414 0.066832 0.051250
0 0.707333 0.333395 0.054110 0.035840
0 0.598077 0.381663 0.041797 0.035684
0 0.739961 0.444206 0.055278 0.040469
0 0.690536 0.239128 0.040022 0.034323
0 0.729842 0.416774 0.058589 0.041204
0 0.714167 0.357334 0.050443 0.033796