0 0.590017 0.971729 0.088602 0.049967
0 0.680842 0.965785 0.075938 0.058509
0 0.639271 0.730114 0.073108 0.057572
0 0.658650 0.842826 0.078785 0.058451
0 0.837072 0.835853 0.087600 0.057279
0 0.577839 0.842028 0.073151 0.061061
0 0.621048 0.597441 0.055126 0.044596
0 0.798283 0.681855 0.058112 0.047344
0 0.628566 0.640931 0.051228 0.039883
0 0.647057 0.786348 0.063438 0.054609
0 0.387335 0.848730 0.080408 0.056523
0 0.614837 0.558747 0.061141 0.045449
0 0.849188 0.963695 0.085356 0.063301
0 0.666141 0.900687 0.059931 0.053991
0 0.842533 0.902100 0.073303 0.056569
0 0.781500 0.640387 0.063581 0.043665
0 0.805512 0.734863 0.071415 0.053763
0 0.578787 0.223044 0.043641 0.034303
0 0.636332 0.682624 0.051970 0.049128
0 0.579570 0.905133 0.076302 0.064720
0 0.811728 0.782861 0.062947 0.047096