0 0.782607 0.603709 0.066348 0.047833
0 0.804751 0.693675 0.056870 0.047337
0 0.385734 0.732179 0.069182 0.057481
0 0.827166 0.817640 0.082844 0.052213
0 0.769446 0.558439 0.064698 0.043295
0 0.664706 0.896301 0.057668 0.050692
0 0.811588 0.765207 0.073871 0.064072
0 0.388250 0.681260 0.052315 0.052398
0 0.755452 0.516777 0.067944 0.048427
0 0.791326 0.646812 0.066447 0.048078
0 0.862165 0.946343 0.073337 0.056721
0 0.841140 0.878487 0.068792 0.056350
0 0.657728 0.842284 0.065238 0.050654
0 0.586668 0.900870 0.083259 0.057850
0 0.742159 0.474668 0.057490 0.045608
0 0.599686 0.963978 0.081170 0.059618
0 0.643372 0.782755 0.058300 0.051881
0 0.676912 0.973051 0.058820 0.047252
0 0.618308 0.512266 0.064024 0.047180
0 0.564719 0.630520 0.064042 0.043732
0 0.608632 0.472258 0.056426 0.038829
0 0.628692 0.600384 0.065410 0.044643
0 0.640740 0.643053 0.068439 0.048522
0 0.617276 0.558590 0.052495 0.047072
0 0.636205 0.690650 0.058407 0.046379
0 0.568193 0.674523 0.071916 0.049564
0 0.715134 0.318231 0.041819 0.037387
0 0.572325 0.732642 0.071083 0.048635
0 0.572283 0.788226 0.061766 0.053553
0 0.394903 0.789657 0.061623 0.059209
0 0.723305 0.368670 0.053390 0.037326
0 0.403596 0.389824 0.057592 0.042568
0 0.390241 0.590144 0.069278 0.052584
0 0.386068 0.636468 0.067608 0.050080
0 0.388989 0.853065 0.080128 0.060096
0 0.387320 0.913787 0.066774 0.058844
0 0.581380 0.842423 0.074286 0.058844