0 0.396482 0.803343 0.078832 0.056595
0 0.392845 0.727337 0.069362 0.055417
0 0.397995 0.632301 0.062578 0.049616
0 0.377882 0.931563 0.084809 0.065000
0 0.395968 0.678711 0.071823 0.051029
0 0.590725 0.917002 0.076519 0.059316
0 0.875195 0.970570 0.085139 0.054408
0 0.385703 0.865120 0.072569 0.057051
0 0.541612 0.556211 0.059614 0.043620
0 0.571882 0.791481 0.072938 0.056139
0 0.395430 0.436452 0.056866 0.046823
0 0.573377 0.848044 0.069748 0.056452
0 0.822255 0.745488 0.070187 0.051771
0 0.849657 0.846559 0.080981 0.054056
0 0.655731 0.847279 0.066107 0.053698
0 0.855482 0.904089 0.072509 0.053568
0 0.634549 0.677926 0.071398 0.053496
0 0.724421 0.411351 0.060681 0.044342
0 0.536176 0.516846 0.063446 0.042298
0 0.840280 0.797070 0.062799 0.045859
0 0.666914 0.904671 0.061189 0.053379
0 0.618377 0.620667 0.067352 0.049616
0 0.405171 0.592279 0.058112 0.043307
0 0.551604 0.643473 0.069484 0.049525
0 0.646868 0.787227 0.061671 0.051901
0 0.739019 0.446979 0.062943 0.042669
0 0.792528 0.638929 0.074275 0.052363
0 0.575002 0.736875 0.059735 0.052070
0 0.773073 0.557640 0.053637 0.041634
0 0.395132 0.547630 0.067826 0.055859
0 0.548238 0.598607 0.063767 0.043841
0 0.595000 0.974229 0.070373 0.049134
0 0.715126 0.349339 0.053689 0.039329
0 0.705833 0.318610 0.056623 0.039251
0 0.641543 0.735592 0.068286 0.054427
0 0.775957 0.597930 0.056714 0.043620
0 0.584444 0.380990 0.055859 0.045859
0 0.612166 0.574072 0.063464 0.046764
0 0.563409 0.688926 0.065907 0.049622
0 0.596951 0.317083 0.038659 0.039154
0 0.533040 0.477523 0.047513 0.041686
0 0.525454 0.410983 0.042747 0.039727
0 0.750829 0.482848 0.060425 0.045423
0 0.595601 0.455612 0.054605 0.042734
0 0.600347 0.492656 0.065061 0.044740
0 0.807051 0.696318 0.067609 0.050579
0 0.394492 0.473551 0.045122 0.038053
0 0.763661 0.520973 0.052921 0.044212
0 0.671682 0.976462 0.062947 0.047077
0 0.605651 0.533838 0.057075 0.045371
0 0.601654 0.351921 0.054523 0.040326
0 0.394601 0.507731 0.050304 0.041374
0 0.581975 0.224512 0.045399 0.034115
0 0.577548 0.198815 0.044627 0.031667
0 0.591797 0.424609 0.055408 0.038815