0 0.332409 0.780264 0.076015 0.055445
0 0.564917 0.736513 0.076533 0.055547
0 0.775322 0.555487 0.063401 0.047019
0 0.320553 0.907248 0.071626 0.054932
0 0.801420 0.687206 0.060528 0.049328
0 0.552778 0.513388 0.058993 0.043439
0 0.738602 0.412875 0.055566 0.040259
0 0.553384 0.677107 0.069136 0.052859
0 0.552601 0.626843 0.062497 0.042855
0 0.573390 0.842419 0.075044 0.056299
0 0.723198 0.372404 0.055411 0.048578
0 0.657435 0.845928 0.065096 0.047668
0 0.767976 0.517736 0.057873 0.044134
0 0.334845 0.713749 0.075432 0.053513
0 0.643887 0.730104 0.071456 0.055618
0 0.791560 0.647494 0.073708 0.043098
0 0.746733 0.445269 0.060205 0.041660
0 0.788076 0.600910 0.072833 0.044891
0 0.572765 0.788168 0.073103 0.051282
0 0.804470 0.737712 0.072008 0.051922
0 0.845060 0.841757 0.084278 0.050746
0 0.649251 0.780505 0.064390 0.053160
0 0.621723 0.593521 0.061969 0.048378
0 0.875663 0.971928 0.090385 0.050745
0 0.627235 0.635898 0.066549 0.055181
0 0.353172 0.577244 0.065085 0.046056
0 0.341175 0.667544 0.053664 0.052467
0 0.551352 0.555020 0.065044 0.042137
0 0.366462 0.424438 0.041850 0.040975
0 0.340225 0.620727 0.075075 0.050857
0 0.711018 0.339052 0.046944 0.035958
0 0.759722 0.480186 0.070335 0.046076
0 0.395273 0.383867 0.058782 0.042321
0 0.364471 0.461508 0.055364 0.040309
0 0.547360 0.440522 0.045643 0.034766
0 0.826052 0.785916 0.067469 0.046430
0 0.624581 0.554938 0.050159 0.039831
0 0.547751 0.470644 0.043954 0.046406
0 0.851114 0.909431 0.071984 0.054679
0 0.538831 0.389837 0.054649 0.037974
0 0.637533 0.682185 0.062689 0.050219
0 0.618021 0.515876 0.057616 0.041986
0 0.595070 0.378478 0.045759 0.035073
0 0.600334 0.414247 0.046383 0.041719
0 0.611912 0.481443 0.054856 0.039666
0 0.702878 0.288213 0.043838 0.032878
0 0.537373 0.358147 0.053076 0.033191
0 0.575477 0.908900 0.076720 0.057109
0 0.358282 0.500077 0.063665 0.043612
0 0.356821 0.538429 0.050135 0.045609
0 0.577287 0.975146 0.085283 0.045687
0 0.532362 0.330958 0.047210 0.031981
0 0.611172 0.450315 0.040357 0.035408
0 0.669042 0.907187 0.058632 0.053682
0 0.681987 0.975717 0.067769 0.044545
0 0.594420 0.357799 0.043403 0.033123
0 0.589090 0.330958 0.043403 0.029697
0 0.590994 0.305830 0.042641 0.031981
0 0.587948 0.281844 0.041118 0.029697
0 0.582998 0.253861 0.051017 0.037692
0 0.583379 0.232730 0.042641 0.034265
0 0.578810 0.208173 0.039596 0.030839
0 0.683129 0.201320 0.042641 0.026270
0 0.686937 0.223593 0.044164 0.022844
0 0.688079 0.244723 0.043403 0.023986
0 0.695312 0.262998 0.039596 0.028554
0 0.704450 0.316680 0.045687 0.028554