0 0.395091 0.677126 0.070384 0.048717
0 0.827216 0.783865 0.082558 0.053269
0 0.638976 0.637157 0.066916 0.051835
0 0.387742 0.728217 0.072607 0.053289
0 0.804763 0.732627 0.069895 0.054597
0 0.403979 0.541203 0.068221 0.047035
0 0.392568 0.624542 0.066165 0.050588
0 0.567059 0.734200 0.076336 0.053965
0 0.649571 0.783210 0.063105 0.055602
0 0.402455 0.465215 0.066096 0.053088
0 0.397772 0.581331 0.051730 0.045947
0 0.397178 0.780875 0.058742 0.056739
0 0.626246 0.548445 0.059673 0.051819
0 0.581494 0.840528 0.072754 0.053130
0 0.631282 0.597775 0.069634 0.042806
0 0.786048 0.631539 0.065671 0.047253
0 0.733304 0.427403 0.056269 0.039916
0 0.557494 0.589149 0.057579 0.044622
0 0.554650 0.549955 0.050374 0.043897
0 0.578191 0.781958 0.057292 0.055602
0 0.632145 0.683058 0.066479 0.047788
0 0.778772 0.593884 0.069973 0.045863
0 0.641156 0.725664 0.060969 0.048310
0 0.761798 0.547021 0.062262 0.043220
0 0.658971 0.848853 0.067675 0.054176
0 0.395067 0.371612 0.053714 0.042910
0 0.725703 0.395513 0.056072 0.036419
0 0.563100 0.511585 0.061324 0.045980
0 0.750137 0.509215 0.061854 0.043416
0 0.743106 0.472950 0.058762 0.037684
0 0.559903 0.678240 0.067039 0.049954
0 0.543757 0.439008 0.049648 0.037385
0 0.405583 0.428749 0.053211 0.031036
0 0.609342 0.405126 0.057460 0.045460
0 0.611578 0.474026 0.051006 0.039052
0 0.715195 0.339533 0.041938 0.035507
0 0.545783 0.407422 0.056170 0.036199
0 0.668351 0.905775 0.058384 0.053144
0 0.546799 0.476305 0.059305 0.038826
0 0.596479 0.332497 0.052883 0.043070
0 0.852963 0.907918 0.072243 0.050200
0 0.396918 0.841171 0.075955 0.056340
0 0.596202 0.293512 0.047315 0.035930
0 0.826136 0.839158 0.064552 0.051830
0 0.605001 0.368598 0.040399 0.037443
0 0.598307 0.266691 0.044442 0.036316
0 0.707081 0.314608 0.050023 0.033182
0 0.603802 0.440731 0.051144 0.040913
0 0.548157 0.374197 0.042361 0.036702
0 0.581380 0.905649 0.069278 0.052584
0 0.587640 0.969501 0.068443 0.057592
0 0.666516 0.978791 0.059261 0.041116
0 0.596822 0.242713 0.033387 0.033804
0 0.872262 0.975135 0.071782 0.041316
0 0.706998 0.289037 0.038395 0.028796
0 0.694895 0.270883 0.045907 0.027544
0 0.689470 0.247721 0.040064 0.026292
0 0.669020 0.200771 0.042568 0.030048