0 0.662474 0.837643 0.077535 0.055651
0 0.635723 0.674238 0.063919 0.047786
0 0.834505 0.788252 0.084349 0.053809
0 0.380955 0.793441 0.074852 0.058197
0 0.860080 0.911621 0.071402 0.051706
0 0.847771 0.848978 0.079753 0.052083
0 0.595000 0.912324 0.074774 0.055781
0 0.646684 0.725645 0.067726 0.047396
0 0.569861 0.727269 0.075052 0.049473
0 0.385586 0.853701 0.072344 0.055163
0 0.653429 0.781436 0.069948 0.048236
0 0.388715 0.737760 0.078151 0.051641
0 0.577984 0.843665 0.068147 0.056120
0 0.409941 0.381237 0.058433 0.044479
0 0.777756 0.579613 0.075408 0.052376
0 0.807784 0.674759 0.075135 0.051471
0 0.669928 0.913561 0.059206 0.051354
0 0.572884 0.784980 0.063008 0.052526
0 0.616784 0.440521 0.055286 0.038750
0 0.744377 0.461943 0.061905 0.041035
0 0.379275 0.910938 0.077396 0.061120
0 0.623197 0.543187 0.062886 0.044186
0 0.820603 0.728587 0.060981 0.049505
0 0.612819 0.475410 0.063103 0.039896
0 0.789273 0.631553 0.067938 0.049759
0 0.558021 0.626426 0.062769 0.047135
0 0.629635 0.623288 0.050937 0.045807
0 0.764210 0.537858 0.068976 0.045013
0 0.622747 0.582168 0.064193 0.042839
0 0.591975 0.972197 0.070694 0.049186
0 0.565115 0.674154 0.063503 0.050195
0 0.873027 0.975693 0.085456 0.045059
0 0.754666 0.499997 0.063863 0.042637
0 0.669540 0.977855 0.063932 0.039681
0 0.616747 0.509007 0.050898 0.036660
0 0.736120 0.425537 0.046285 0.041712
0 0.587847 0.214632 0.042240 0.033079
0 0.729125 0.396338 0.048989 0.038118