0 0.382558 0.769900 0.068972 0.053861
0 0.402447 0.614864 0.069339 0.054269
0 0.375592 0.714492 0.076358 0.056034
0 0.376258 0.832115 0.068837 0.058177
0 0.822261 0.767719 0.081875 0.053426
0 0.378790 0.663033 0.052715 0.049004
0 0.776519 0.624785 0.067222 0.045722
0 0.798493 0.666848 0.057925 0.045637
0 0.832671 0.825197 0.071353 0.057492
0 0.769844 0.580512 0.061311 0.046362
0 0.759462 0.540385 0.069833 0.044185
0 0.806368 0.715775 0.059441 0.050180
0 0.565751 0.768991 0.072638 0.053400
0 0.628227 0.665489 0.056406 0.050429
0 0.555352 0.659895 0.066544 0.051199
0 0.646028 0.771049 0.062074 0.051189
0 0.752606 0.503036 0.065294 0.040605
0 0.546546 0.573035 0.066724 0.048346
0 0.746884 0.468926 0.060096 0.038268
0 0.410521 0.362201 0.056596 0.044276
0 0.565895 0.826242 0.080597 0.057828
0 0.602154 0.495678 0.064891 0.047381
0 0.547140 0.616688 0.067344 0.046817
0 0.652197 0.884544 0.059671 0.051093
0 0.637807 0.712919 0.072458 0.047681
0 0.373518 0.892308 0.092560 0.067815
0 0.408507 0.425574 0.061233 0.042424
0 0.406616 0.532761 0.059829 0.046849
0 0.401698 0.570401 0.050311 0.044453
0 0.403600 0.456916 0.055713 0.047123
0 0.738187 0.434230 0.057463 0.037626
0 0.619844 0.615865 0.072478 0.048938
0 0.610401 0.457685 0.056759 0.044196
0 0.731053 0.403884 0.058255 0.036851
0 0.649214 0.826384 0.055896 0.046812
0 0.608992 0.535827 0.053303 0.045270
0 0.717974 0.374857 0.055030 0.039987
0 0.417095 0.305337 0.038828 0.036366
0 0.402317 0.496245 0.061671 0.045604
0 0.584872 0.358507 0.056230 0.032519
0 0.560970 0.704143 0.074687 0.047327
0 0.534160 0.497008 0.057497 0.043052
0 0.538551 0.532928 0.049417 0.044649
0 0.848519 0.883598 0.077296 0.052150
0 0.696565 0.299679 0.042568 0.037560
0 0.858453 0.961386 0.085674 0.062258
0 0.594318 0.424880 0.053419 0.037560
0 0.701252 0.323929 0.045242 0.030744
0 0.537118 0.459866 0.049928 0.040248
0 0.533524 0.423789 0.054687 0.037456
0 0.577310 0.948600 0.080195 0.057469
0 0.575140 0.880341 0.071225 0.055226
0 0.666288 0.958558 0.081581 0.058323
0 0.585136 0.329728 0.058427 0.042568
0 0.589727 0.393580 0.055923 0.037560
0 0.616854 0.576372 0.060096 0.050080
0 0.693643 0.273387 0.058427 0.035056
0 0.709722 0.346277 0.047057 0.030890