0 0.397263 0.668512 0.075505 0.058162
0 0.404303 0.616694 0.061412 0.046787
0 0.400700 0.374997 0.057240 0.044237
0 0.407489 0.434582 0.059821 0.039436
0 0.372713 0.841797 0.080963 0.060096
0 0.372713 0.909405 0.087640 0.070112
0 0.549245 0.397336 0.045072 0.042568
0 0.553836 0.436148 0.052584 0.035056
0 0.553836 0.471204 0.054253 0.037560
0 0.560096 0.508138 0.053419 0.041316
0 0.567608 0.546324 0.058427 0.045072
0 0.563852 0.587640 0.054253 0.045072
0 0.576790 0.722857 0.066774 0.050080
0 0.583467 0.781701 0.078459 0.055088
0 0.583884 0.843049 0.070947 0.055088
0 0.599326 0.906901 0.078459 0.060096
0 0.601412 0.975035 0.087640 0.048628
0 0.601412 0.255859 0.039229 0.035056
0 0.604334 0.316582 0.041733 0.028796
0 0.606003 0.342248 0.055088 0.032552
0 0.612263 0.372296 0.052584 0.040064
0 0.617271 0.435522 0.052584 0.038812
0 0.620192 0.469952 0.061765 0.045072
0 0.627704 0.507512 0.058427 0.045072
0 0.634799 0.548202 0.055923 0.046324
0 0.633964 0.588266 0.054253 0.038812
0 0.641476 0.627704 0.069278 0.050080
0 0.649823 0.673402 0.057592 0.048828
0 0.661091 0.736003 0.078459 0.053836
0 0.662343 0.791091 0.072616 0.053836
0 0.673611 0.851187 0.063435 0.053836
0 0.679871 0.921299 0.060931 0.046324
0 0.688218 0.977013 0.070947 0.042568
0 0.689887 0.247721 0.052584 0.036308
0 0.695730 0.277769 0.054253 0.036308
0 0.713258 0.351638 0.052584 0.036308
0 0.727447 0.381686 0.047576 0.038812
0 0.728699 0.409856 0.055088 0.035056
0 0.739133 0.441156 0.045907 0.037560
0 0.741637 0.476212 0.067608 0.042568
0 0.750401 0.514398 0.061765 0.043820
0 0.765007 0.555088 0.050915 0.042568
0 0.777945 0.597656 0.073451 0.045072
0 0.794221 0.645858 0.072616 0.053836
0 0.807158 0.695939 0.065104 0.048828
0 0.820930 0.743515 0.062600 0.048828
0 0.828860 0.794847 0.076790 0.053836
0 0.838876 0.849935 0.078459 0.058844
0 0.856404 0.908153 0.071782 0.060096
0 0.879357 0.971279 0.090979 0.056140