0 0.623680 0.645558 0.063620 0.048673
0 0.758339 0.512324 0.062801 0.041493
0 0.326688 0.832324 0.082349 0.055529
0 0.790008 0.644252 0.070201 0.044362
0 0.777436 0.601296 0.070333 0.049463
0 0.399762 0.459683 0.044895 0.039084
0 0.794945 0.693093 0.074764 0.044611
0 0.604854 0.518174 0.056512 0.041301
0 0.394451 0.427804 0.062489 0.045580
0 0.630850 0.703721 0.065175 0.046931
0 0.612655 0.599940 0.059244 0.046941
0 0.735181 0.440800 0.055986 0.036667
0 0.699671 0.276490 0.046406 0.031894
0 0.594681 0.481411 0.041782 0.043398
0 0.535729 0.504152 0.051693 0.037785
0 0.524270 0.432613 0.047952 0.039232
0 0.619867 0.360793 0.049028 0.037314
0 0.720878 0.409025 0.055314 0.034111
0 0.399856 0.733183 0.073892 0.053497
0 0.717337 0.375163 0.055574 0.038007
0 0.686966 0.230193 0.038395 0.031300
0 0.746098 0.476791 0.065895 0.037987
0 0.612394 0.562508 0.052321 0.045257
0 0.550946 0.630961 0.061217 0.048345
0 0.396084 0.586164 0.062662 0.043102
0 0.654939 0.809845 0.077423 0.052240
0 0.410347 0.852182 0.070095 0.054778
0 0.550652 0.688978 0.074700 0.055044
0 0.703222 0.346349 0.056586 0.036304
0 0.531182 0.468198 0.052820 0.035589
0 0.405281 0.789265 0.059893 0.049476
0 0.573389 0.810258 0.078644 0.054631
0 0.395720 0.534681 0.067531 0.043571
0 0.585985 0.447409 0.049960 0.040850
0 0.603048 0.304962 0.046560 0.033473
0 0.602704 0.329889 0.045589 0.037299
0 0.401708 0.628178 0.051883 0.039946
0 0.403367 0.673162 0.066271 0.048625
0 0.565939 0.762295 0.066774 0.048828
0 0.585554 0.870593 0.079294 0.057592
0 0.585554 0.926933 0.059261 0.062600
0 0.545489 0.591396 0.064269 0.045072
0 0.538395 0.551332 0.061765 0.042568
0 0.659004 0.874975 0.060931 0.051332
0 0.674028 0.939453 0.072616 0.060096
0 0.639390 0.757913 0.066774 0.050080
0 0.586388 0.424254 0.052584 0.038812
0 0.587223 0.387946 0.050915 0.043820
0 0.597239 0.274013 0.039229 0.036308
0 0.597239 0.252103 0.040899 0.035056
0 0.811749 0.751027 0.067608 0.053836
0 0.828025 0.811749 0.073451 0.052584
0 0.836789 0.876853 0.070947 0.057592
0 0.868924 0.946965 0.088475 0.057592
0 0.771267 0.557592 0.055088 0.042568
0 0.716179 0.312826 0.046741 0.036308
0 0.691974 0.257111 0.050080 0.027544
0 0.671942 0.190129 0.046741 0.038812