0 0.381419 0.791549 0.072925 0.057839
0 0.378850 0.909821 0.077569 0.061035
0 0.873370 0.973480 0.086237 0.050540
0 0.385193 0.853857 0.071749 0.053053
0 0.400551 0.544372 0.063811 0.047337
0 0.834236 0.785495 0.084132 0.053932
0 0.595195 0.911748 0.075668 0.059850
0 0.776335 0.578682 0.075056 0.052194
0 0.228492 0.658206 0.036558 0.069915
0 0.848142 0.848392 0.080590 0.053984
0 0.400822 0.499316 0.057088 0.045729
0 0.859729 0.911185 0.072365 0.053307
0 0.744210 0.460924 0.061771 0.039648
0 0.401207 0.587943 0.064783 0.044076
0 0.789390 0.629805 0.069345 0.048685
0 0.564722 0.675166 0.065130 0.050488
0 0.568609 0.729128 0.073459 0.053932
0 0.404724 0.461917 0.051662 0.039186
0 0.577689 0.843724 0.068607 0.056784
0 0.572446 0.785570 0.063242 0.053470
0 0.668830 0.914893 0.059839 0.054225
0 0.763809 0.536403 0.067982 0.043561
0 0.820530 0.730531 0.060755 0.052155
0 0.636311 0.675208 0.061823 0.050326
0 0.389080 0.735638 0.077613 0.054818
0 0.401417 0.633304 0.061515 0.046647
0 0.662665 0.838659 0.077517 0.058581
0 0.395979 0.680817 0.072522 0.052012
0 0.646534 0.727171 0.066306 0.053145
0 0.553741 0.584486 0.063967 0.045117
0 0.652756 0.781976 0.069566 0.052090
0 0.557372 0.627119 0.064588 0.047663
0 0.622433 0.583662 0.062765 0.045176
0 0.711037 0.335348 0.047300 0.035306
0 0.753318 0.499355 0.062773 0.041745
0 0.552376 0.440192 0.057609 0.039395
0 0.807355 0.675508 0.076037 0.054440
0 0.550189 0.505846 0.054015 0.041016
0 0.623203 0.544482 0.062318 0.044303
0 0.694204 0.253343 0.051645 0.034212
0 0.592556 0.972640 0.071398 0.053040
0 0.544084 0.373551 0.049566 0.036816
0 0.616217 0.441322 0.055221 0.040586
0 0.552539 0.544899 0.060443 0.041777
0 0.409468 0.378910 0.057348 0.043678
0 0.612231 0.474883 0.062760 0.042279
0 0.546089 0.406325 0.048872 0.038158
0 0.409961 0.415628 0.055833 0.040267
0 0.594078 0.228197 0.049484 0.037552
0 0.699915 0.280729 0.048928 0.033411
0 0.546241 0.471419 0.054896 0.042448
0 0.707780 0.305472 0.045681 0.035801
0 0.728468 0.395029 0.049340 0.038105
0 0.629694 0.624945 0.052209 0.047376
0 0.607025 0.408483 0.051549 0.041849
0 0.603247 0.301781 0.047943 0.033691
0 0.723145 0.368083 0.055612 0.036895
0 0.616686 0.509648 0.051827 0.038789
0 0.606447 0.327809 0.050543 0.040579
0 0.607040 0.354316 0.049523 0.037956
0 0.596727 0.255231 0.046962 0.034251
0 0.674093 0.976859 0.072101 0.044173
0 0.587954 0.197497 0.036159 0.033092
0 0.735981 0.424082 0.045425 0.042214
0 0.601506 0.278031 0.044158 0.031452
0 0.607865 0.380889 0.043715 0.036348