0 0.388737 0.900319 0.074748 0.057383
0 0.381508 0.767520 0.073702 0.057917
0 0.308991 0.608870 0.071827 0.048913
0 0.776526 0.579167 0.068659 0.046497
0 0.631031 0.615869 0.062461 0.049889
0 0.378895 0.711771 0.074987 0.059505
0 0.859599 0.971338 0.077982 0.052546
0 0.387300 0.836507 0.066762 0.050658
0 0.732941 0.433617 0.057530 0.045345
0 0.580306 0.970941 0.088494 0.054460
0 0.535671 0.432767 0.051523 0.040820
0 0.761586 0.537298 0.064023 0.045234
0 0.393040 0.449092 0.048025 0.041061
0 0.542394 0.539880 0.063025 0.047376
0 0.846367 0.903304 0.073003 0.053509
0 0.640493 0.674466 0.069944 0.048385
0 0.824737 0.778737 0.069266 0.053151
0 0.803845 0.674499 0.076563 0.050352
0 0.640692 0.724583 0.071949 0.053789
0 0.552609 0.582363 0.050408 0.044701
0 0.398774 0.413594 0.052826 0.039987
0 0.381532 0.621393 0.061970 0.046406
0 0.378650 0.573975 0.072674 0.056165
0 0.386927 0.486882 0.046771 0.042786
0 0.828173 0.838252 0.065122 0.049564
0 0.373203 0.966494 0.094878 0.061035
0 0.784974 0.619417 0.057066 0.049564
0 0.381335 0.532601 0.063641 0.042194
0 0.678099 0.960762 0.077986 0.055469
0 0.380050 0.663529 0.060195 0.048398
0 0.660662 0.830583 0.077096 0.059160
0 0.666979 0.893337 0.062613 0.052038
0 0.539648 0.500791 0.058125 0.041517
0 0.574405 0.831234 0.079436 0.058652
0 0.620447 0.570283 0.051927 0.047350
0 0.678490 0.235029 0.038802 0.035046
0 0.575291 0.776230 0.075460 0.053385
0 0.745202 0.467311 0.053485 0.038242
0 0.722897 0.398701 0.055508 0.040801
0 0.651604 0.778893 0.055951 0.045807
0 0.605339 0.495208 0.053030 0.044401
0 0.558785 0.679163 0.068160 0.049668
0 0.558047 0.728639 0.067405 0.047995
0 0.578231 0.899271 0.072391 0.059740
0 0.549679 0.625439 0.063568 0.051777
0 0.709156 0.343874 0.054952 0.035964
0 0.601717 0.400195 0.053372 0.039258
0 0.536634 0.467764 0.048832 0.039225
0 0.608904 0.532760 0.058181 0.045456
0 0.400477 0.381868 0.044019 0.038633
0 0.588641 0.355846 0.042248 0.042995
0 0.754089 0.499564 0.054280 0.043607
0 0.808915 0.731090 0.066719 0.058197
0 0.602830 0.431790 0.054635 0.037852
0 0.702591 0.314795 0.046120 0.036491
0 0.607070 0.462461 0.048056 0.039401
0 0.585740 0.282793 0.047174 0.035495
0 0.713433 0.370195 0.051024 0.034128
0 0.686914 0.264036 0.050095 0.030000
0 0.586189 0.257669 0.046528 0.038490
0 0.691766 0.287174 0.045243 0.034427
0 0.594095 0.334102 0.054171 0.040911
0 0.584132 0.227314 0.050035 0.040918
0 0.588822 0.307933 0.048320 0.036868