0 0.588730 0.355439 0.040369 0.038874
0 0.381916 0.768324 0.072253 0.057077
0 0.390052 0.900195 0.072378 0.056484
0 0.641873 0.674001 0.068945 0.049095
0 0.379182 0.711829 0.074544 0.056393
0 0.559084 0.677783 0.067066 0.047155
0 0.803878 0.675081 0.076393 0.049303
0 0.776500 0.578164 0.068242 0.043359
0 0.581647 0.970713 0.087478 0.053861
0 0.733483 0.433831 0.056576 0.041309
0 0.762782 0.537464 0.061510 0.044238
0 0.640929 0.723587 0.071936 0.052760
0 0.784885 0.618499 0.056975 0.044395
0 0.860699 0.971475 0.075773 0.051868
0 0.575458 0.828529 0.076471 0.055781
0 0.824531 0.779391 0.069193 0.052533
0 0.701339 0.316250 0.057669 0.038047
0 0.631819 0.615404 0.062517 0.049805
0 0.846942 0.903109 0.072227 0.052689
0 0.400632 0.382380 0.043364 0.039642
0 0.380206 0.622754 0.063728 0.045547
0 0.609119 0.533340 0.058134 0.044154
0 0.828887 0.837109 0.063260 0.045573
0 0.575095 0.772936 0.075668 0.054701
0 0.660777 0.829518 0.078403 0.058424
0 0.577997 0.898535 0.071732 0.057487
0 0.667941 0.893053 0.060716 0.053021
0 0.745924 0.467253 0.051467 0.037839
0 0.677795 0.961488 0.075677 0.055202
0 0.558548 0.726315 0.067383 0.046354
0 0.651441 0.778304 0.054705 0.045007
0 0.378750 0.663167 0.057917 0.048678
0 0.810401 0.729870 0.063286 0.050365
0 0.687548 0.253027 0.047839 0.040339
0 0.754076 0.499840 0.054071 0.043275
0 0.620892 0.570791 0.050673 0.047142
0 0.691745 0.286426 0.043950 0.035156