0 0.398244 0.786517 0.078624 0.057448
0 0.795875 0.634443 0.069562 0.046191
0 0.541595 0.428311 0.060924 0.045775
0 0.400119 0.721123 0.068702 0.052324
0 0.380634 0.962165 0.084271 0.064785
0 0.396960 0.616162 0.066853 0.048210
0 0.246908 0.608177 0.037878 0.080677
0 0.390634 0.842650 0.061797 0.053594
0 0.393355 0.665329 0.077865 0.057546
0 0.770087 0.546810 0.068090 0.044792
0 0.395041 0.496852 0.059206 0.041842
0 0.557899 0.541572 0.058828 0.043066
0 0.385933 0.895124 0.062769 0.056354
0 0.556055 0.502812 0.057274 0.041862
0 0.571278 0.726370 0.064362 0.050085
0 0.398457 0.575313 0.065603 0.044844
0 0.625527 0.544326 0.060968 0.045605
0 0.571649 0.675270 0.069054 0.050775
0 0.749019 0.476416 0.062387 0.043822
0 0.799696 0.682126 0.066953 0.048743
0 0.850562 0.893913 0.073572 0.056172
0 0.593516 0.969840 0.084644 0.058418
0 0.674238 0.243516 0.050221 0.036927
0 0.597789 0.374840 0.056115 0.037741
0 0.589223 0.899245 0.078229 0.060703
0 0.584546 0.832842 0.070291 0.055046
0 0.665909 0.896494 0.060516 0.052038
0 0.573045 0.779645 0.077695 0.056139
0 0.655842 0.781683 0.073255 0.055488
0 0.872133 0.953320 0.090551 0.060000
0 0.840714 0.832767 0.069787 0.051992
0 0.734583 0.435052 0.059792 0.044544
0 0.704894 0.345700 0.052661 0.038652
0 0.661942 0.838757 0.063095 0.052565
0 0.590017 0.317493 0.047839 0.036563
0 0.624972 0.584551 0.055820 0.043203
0 0.563989 0.625365 0.064132 0.046719
0 0.830469 0.776602 0.068785 0.054232
0 0.583989 0.287536 0.038464 0.037389
0 0.650304 0.727507 0.062127 0.050130
0 0.408203 0.382627 0.058767 0.045762
0 0.811949 0.729687 0.072083 0.050690
0 0.405521 0.422324 0.043628 0.040143
0 0.720165 0.403457 0.053238 0.039388
0 0.782025 0.589769 0.057895 0.047533
0 0.623993 0.505645 0.063707 0.046732
0 0.552311 0.467161 0.047253 0.040052
0 0.641398 0.675277 0.055807 0.052806
0 0.630156 0.626735 0.061936 0.048483
0 0.758518 0.513115 0.062591 0.038952
0 0.690473 0.296048 0.053602 0.037904
0 0.669099 0.970345 0.062721 0.058320
0 0.679069 0.272220 0.047096 0.034648
0 0.397005 0.535661 0.049392 0.041152
0 0.562661 0.581253 0.049549 0.044238
0 0.606081 0.404600 0.050174 0.037220
0 0.618236 0.468268 0.053503 0.045833
0 0.713859 0.375687 0.051519 0.035228
0 0.699770 0.321341 0.049123 0.032617
0 0.611701 0.435970 0.053611 0.039049