0 0.580766 0.968568 0.088199 0.056120
0 0.792737 0.633835 0.075490 0.051940
0 0.849865 0.901400 0.071250 0.057318
0 0.371328 0.769268 0.077847 0.059147
0 0.656174 0.831556 0.064449 0.057604
0 0.373177 0.712900 0.073333 0.054746
0 0.578097 0.832158 0.072374 0.057962
0 0.782582 0.587370 0.077795 0.048789
0 0.649646 0.775798 0.073850 0.056478
0 0.588411 0.894883 0.092465 0.066289
0 0.620590 0.535410 0.064314 0.044336
0 0.765577 0.548353 0.062943 0.045091
0 0.363637 0.830420 0.075573 0.062324
0 0.648691 0.723385 0.063589 0.051654
0 0.572967 0.773587 0.071411 0.052539
0 0.664514 0.893451 0.058698 0.051250
0 0.835137 0.832493 0.070994 0.052917
0 0.811912 0.777054 0.061115 0.049329
0 0.629677 0.493779 0.055473 0.045658
0 0.642172 0.671396 0.072201 0.054069
0 0.874766 0.966989 0.090443 0.059212
0 0.809115 0.726025 0.064262 0.054173
0 0.794444 0.681478 0.071259 0.051198
0 0.633865 0.573031 0.061471 0.047533
0 0.365406 0.913743 0.075326 0.058854
0 0.638229 0.616895 0.063845 0.050690
0 0.759171 0.509411 0.058438 0.043796
0 0.704208 0.347080 0.052365 0.036257
0 0.716226 0.371888 0.054145 0.040195
0 0.376018 0.665260 0.051966 0.048424
0 0.733286 0.434704 0.063941 0.040671
0 0.701187 0.318203 0.055395 0.036471
0 0.739499 0.466768 0.062669 0.046296
0 0.697834 0.293431 0.055148 0.035612
0 0.670073 0.971149 0.078338 0.056399