0 0.394720 0.774225 0.072912 0.057604
0 0.408945 0.895664 0.076545 0.056979
0 0.394868 0.662633 0.071332 0.058145
0 0.558279 0.666634 0.072287 0.049362
0 0.778021 0.594072 0.073828 0.045150
0 0.583040 0.967148 0.085812 0.058255
0 0.574206 0.770446 0.084870 0.062572
0 0.545634 0.538792 0.056823 0.043210
0 0.393409 0.831696 0.072904 0.057988
0 0.395920 0.714827 0.053602 0.051855
0 0.218622 0.682363 0.056654 0.149544
0 0.655397 0.784027 0.078181 0.055462
0 0.400052 0.574964 0.065252 0.048652
0 0.830601 0.840254 0.080221 0.052214
0 0.660124 0.900492 0.064319 0.054199
0 0.404583 0.376680 0.057908 0.043581
0 0.799614 0.683372 0.070217 0.052057
0 0.765443 0.554245 0.068845 0.044753
0 0.403385 0.491393 0.058889 0.045273
0 0.543993 0.500889 0.050321 0.042572
0 0.572812 0.899131 0.075712 0.057702
0 0.540927 0.463789 0.052496 0.042526
0 0.845369 0.904004 0.073455 0.052096
0 0.792860 0.634505 0.076042 0.051224
0 0.814492 0.782445 0.071293 0.056191
0 0.554820 0.622425 0.066949 0.049538
0 0.404896 0.453939 0.049844 0.040508
0 0.399716 0.617441 0.068520 0.048307
0 0.643149 0.718841 0.073390 0.051745
0 0.553485 0.578812 0.064514 0.047702
0 0.399208 0.969502 0.081029 0.059368
0 0.537886 0.427350 0.043342 0.041419
0 0.812697 0.729681 0.062721 0.051914
0 0.656623 0.843258 0.074384 0.058574
0 0.630705 0.618916 0.055751 0.050163
0 0.668405 0.967933 0.062843 0.053014
0 0.859002 0.960283 0.067665 0.054277
0 0.613763 0.537171 0.056658 0.043926
0 0.583457 0.365456 0.055490 0.043854
0 0.572294 0.831800 0.071966 0.058184
0 0.563123 0.713939 0.076011 0.055039
0 0.637910 0.668216 0.069674 0.050000
0 0.403956 0.417441 0.044032 0.039740
0 0.741139 0.452174 0.061636 0.048945
0 0.603485 0.464893 0.045234 0.041973
0 0.754293 0.512067 0.058637 0.045723
0 0.590636 0.401680 0.056558 0.040977
0 0.676580 0.217318 0.045937 0.032995
0 0.590028 0.232347 0.046254 0.035618
0 0.731389 0.418040 0.058889 0.042005
0 0.624494 0.575645 0.060247 0.046888
0 0.595477 0.327249 0.042847 0.038835
0 0.722335 0.391038 0.056589 0.037819
0 0.597292 0.280615 0.046675 0.035007
0 0.597719 0.433252 0.054987 0.042233
0 0.706916 0.309824 0.045022 0.034219
0 0.590061 0.254980 0.045556 0.033633
0 0.715371 0.339023 0.050629 0.033542
0 0.721224 0.361396 0.047057 0.035996
0 0.703069 0.285755 0.046345 0.033906
0 0.685675 0.244466 0.050508 0.034714