0 0.690048 0.949756 0.074974 0.053431
0 0.670197 0.884326 0.061671 0.052207
0 0.790441 0.632764 0.074944 0.048301
0 0.399232 0.740085 0.066189 0.050951
0 0.401625 0.633861 0.067799 0.049479
0 0.657541 0.775124 0.078155 0.051914
0 0.652350 0.667474 0.070820 0.050521
0 0.815827 0.730999 0.075916 0.051035
0 0.395241 0.797122 0.077799 0.058021
0 0.843687 0.901465 0.074362 0.056732
0 0.393132 0.577523 0.061697 0.048027
0 0.588520 0.879906 0.076146 0.056947
0 0.831148 0.839492 0.071306 0.053034
0 0.390738 0.679622 0.072535 0.054505
0 0.393594 0.853298 0.063733 0.052611
0 0.617174 0.465273 0.056155 0.040690
0 0.654733 0.716322 0.072990 0.054648
0 0.804112 0.683818 0.068867 0.051139
0 0.558149 0.524059 0.064596 0.045046
0 0.574666 0.746579 0.064670 0.048730
0 0.644219 0.620814 0.056545 0.045964
0 0.666354 0.825508 0.069670 0.057669
0 0.574293 0.648561 0.068403 0.047969
0 0.631207 0.538532 0.059036 0.048613
0 0.569340 0.601201 0.060764 0.045996
0 0.547732 0.447425 0.055056 0.040996
0 0.747070 0.474766 0.060929 0.042799
0 0.382040 0.915238 0.064523 0.055527
0 0.823830 0.778236 0.070247 0.049154
0 0.556454 0.482796 0.054505 0.043418
0 0.311947 0.854089 0.086523 0.054831
0 0.576838 0.695996 0.066992 0.051263
0 0.756782 0.506908 0.062192 0.047240
0 0.600404 0.312754 0.054531 0.043945
0 0.549505 0.414036 0.050538 0.037760
0 0.397023 0.395111 0.049991 0.038372
0 0.396185 0.471178 0.045877 0.041003
0 0.624316 0.500391 0.057365 0.044792
0 0.601408 0.948044 0.062122 0.056113
0 0.873444 0.956367 0.092279 0.062682
0 0.611929 0.430716 0.056324 0.041250
0 0.777025 0.584408 0.057374 0.048477
0 0.565888 0.559548 0.055273 0.042702
0 0.397606 0.432936 0.045638 0.044036
0 0.578362 0.809557 0.077504 0.060326
0 0.766736 0.546868 0.062760 0.046380
0 0.578602 0.196361 0.041398 0.034336
0 0.729837 0.411676 0.059249 0.036895
0 0.740326 0.439880 0.054896 0.043522
0 0.604188 0.376195 0.052839 0.036647
0 0.703507 0.310951 0.055052 0.032956
0 0.599125 0.347174 0.050751 0.037604
0 0.720263 0.364990 0.041688 0.040697
0 0.607832 0.401341 0.045482 0.035599
0 0.712513 0.335335 0.043672 0.033835
0 0.695254 0.263809 0.046081 0.030820
0 0.684742 0.242894 0.048407 0.030436
0 0.698301 0.285843 0.044709 0.031699