0 0.387634 0.730262 0.071025 0.057852
0 0.329806 0.478143 0.026542 0.052302
0 0.389122 0.850620 0.081532 0.059978
0 0.389596 0.680574 0.052487 0.049387
0 0.390893 0.585402 0.069894 0.047136
0 0.734647 0.439846 0.057284 0.040315
0 0.619494 0.512016 0.063099 0.042987
0 0.384487 0.910156 0.068826 0.062145
0 0.742650 0.471846 0.058001 0.042321
0 0.723561 0.397694 0.055724 0.040107
0 0.781528 0.602913 0.068984 0.043683
0 0.385227 0.631359 0.069406 0.056794
0 0.607877 0.472252 0.056754 0.039950
0 0.565024 0.629707 0.063714 0.044638
0 0.382061 0.971579 0.073966 0.051441
0 0.617001 0.556711 0.054582 0.044846
0 0.409937 0.434773 0.060598 0.039940
0 0.546815 0.498256 0.052101 0.043914
0 0.547761 0.434226 0.053292 0.033487
0 0.399703 0.468557 0.061372 0.037863
0 0.401957 0.508561 0.060672 0.044231
0 0.396747 0.784115 0.074787 0.055875
0 0.551114 0.544550 0.062154 0.042536
0 0.637502 0.688762 0.061130 0.046166
0 0.401509 0.388572 0.058427 0.045072
0 0.413612 0.352264 0.042568 0.037560
0 0.568860 0.681540 0.067608 0.052584
0 0.572199 0.739759 0.064269 0.048828
0 0.573034 0.791091 0.065939 0.053836
0 0.581798 0.846179 0.076790 0.048828
0 0.589727 0.899389 0.080963 0.060096
0 0.599743 0.963241 0.084302 0.065104
0 0.544237 0.466196 0.053419 0.032552
0 0.550497 0.401092 0.054253 0.037560
0 0.545489 0.369792 0.050915 0.037560
0 0.648571 0.736629 0.061765 0.050080
0 0.645650 0.786709 0.055923 0.050080
0 0.660256 0.844927 0.070112 0.053836
0 0.667351 0.901893 0.057592 0.055088
0 0.676950 0.974409 0.063435 0.049880
0 0.641059 0.643354 0.066774 0.051332
0 0.631460 0.601412 0.060931 0.042568
0 0.611846 0.437400 0.051749 0.040064
0 0.609342 0.410482 0.050080 0.038812
0 0.603499 0.381060 0.058427 0.037560
0 0.603499 0.352264 0.053419 0.035056
0 0.604334 0.323468 0.050080 0.037560
0 0.601412 0.295297 0.040899 0.031300
0 0.595570 0.268379 0.042568 0.030048
0 0.595570 0.248347 0.049245 0.030048
0 0.593900 0.227689 0.047576 0.031300
0 0.591396 0.203901 0.049245 0.033804
0 0.583467 0.165715 0.046741 0.035056
0 0.790882 0.648988 0.062600 0.045072
0 0.807158 0.695312 0.055088 0.045072
0 0.814253 0.742263 0.074286 0.048828
0 0.829277 0.821765 0.080963 0.055088
0 0.841380 0.879357 0.070112 0.052584
0 0.862664 0.948217 0.072616 0.057592
0 0.720353 0.366036 0.043403 0.030048
0 0.716179 0.341622 0.048411 0.028796
0 0.713258 0.315330 0.045907 0.031300
0 0.696982 0.274639 0.050080 0.035056
0 0.694478 0.249599 0.051749 0.027544
0 0.685296 0.223933 0.053419 0.036308
0 0.682375 0.195763 0.052584 0.032552
0 0.770208 0.559711 0.064832 0.042884