0 0.812107 0.741484 0.076412 0.049462
0 0.404823 0.730376 0.076043 0.056348
0 0.409463 0.681386 0.070176 0.053327
0 0.791632 0.642434 0.065819 0.048786
0 0.569829 0.787350 0.070560 0.051440
0 0.635519 0.688689 0.076804 0.054134
0 0.630675 0.639129 0.066526 0.054925
0 0.655428 0.844645 0.055312 0.049413
0 0.798531 0.686755 0.077942 0.053643
0 0.748444 0.490458 0.063727 0.051493
0 0.410539 0.631720 0.052066 0.047843
0 0.558969 0.680702 0.068406 0.057622
0 0.651835 0.787029 0.065200 0.047526
0 0.766758 0.567554 0.071181 0.051547
0 0.613541 0.559433 0.060047 0.050820
0 0.578685 0.843266 0.063758 0.051136
0 0.821192 0.793119 0.070318 0.052978
0 0.408910 0.595453 0.062083 0.043508
0 0.555605 0.632180 0.065952 0.049058
0 0.625790 0.598155 0.057116 0.047159
0 0.403137 0.783904 0.057836 0.057073
0 0.579381 0.903999 0.075827 0.052314
0 0.839181 0.906363 0.076178 0.058668
0 0.757970 0.526241 0.065386 0.052799
0 0.554710 0.587199 0.056637 0.047821
0 0.577909 0.972145 0.088812 0.049360
0 0.740209 0.454147 0.063083 0.046643
0 0.733018 0.423983 0.055269 0.036122
0 0.566597 0.727717 0.074044 0.045026
0 0.842372 0.847631 0.068758 0.055940
0 0.690599 0.249878 0.043941 0.036429
0 0.645375 0.733740 0.058602 0.047431
0 0.598734 0.451488 0.054104 0.038582
0 0.600793 0.482696 0.055050 0.038707
0 0.611385 0.516005 0.055019 0.044284
0 0.732488 0.393969 0.059046 0.039818
0 0.864832 0.973933 0.085338 0.047420
0 0.662991 0.979258 0.063652 0.036294
0 0.661198 0.914434 0.056409 0.047888