0 0.394664 0.676607 0.071079 0.051456
0 0.388390 0.725064 0.074821 0.059379
0 0.826651 0.782707 0.082342 0.051442
0 0.392041 0.623955 0.066614 0.050981
0 0.806515 0.731809 0.078805 0.061671
0 0.566698 0.733493 0.076583 0.054011
0 0.397282 0.779881 0.061361 0.054436
0 0.639082 0.636877 0.066264 0.051362
0 0.403132 0.541679 0.067250 0.046538
0 0.576620 0.785133 0.058539 0.066331
0 0.785430 0.631744 0.066201 0.048666
0 0.581262 0.841771 0.072891 0.056827
0 0.630700 0.594816 0.070520 0.048217
0 0.396991 0.581328 0.050365 0.047779
0 0.648606 0.778789 0.060653 0.054947
0 0.631294 0.681729 0.066578 0.045466
0 0.778270 0.592844 0.068833 0.045002
0 0.624125 0.547143 0.061029 0.052624
0 0.640567 0.723931 0.062599 0.047431
0 0.731798 0.427065 0.055091 0.037752
0 0.666448 0.906093 0.062073 0.053364
0 0.559088 0.678212 0.066580 0.048042
0 0.761236 0.546653 0.062051 0.043401
0 0.556669 0.590324 0.057921 0.041381
0 0.398514 0.503081 0.046255 0.039569
0 0.554963 0.549295 0.050933 0.043395
0 0.726744 0.396165 0.057267 0.035870
0 0.224253 0.775650 0.035340 0.074712
0 0.554552 0.631594 0.051877 0.046656
0 0.400887 0.465003 0.063639 0.050425
0 0.657893 0.841798 0.067557 0.061899
0 0.548043 0.477083 0.057127 0.037854
0 0.559922 0.512361 0.066752 0.044522
0 0.395705 0.371363 0.057744 0.042949
0 0.544529 0.407471 0.056910 0.037206
0 0.543031 0.440182 0.050730 0.039639
0 0.404346 0.428595 0.054247 0.030684
0 0.749795 0.507716 0.061939 0.041168
0 0.741986 0.472567 0.058321 0.036689
0 0.596126 0.333086 0.052367 0.045098
0 0.578744 0.179418 0.040409 0.030949
0 0.387892 0.908912 0.084611 0.063586
0 0.610360 0.472148 0.049220 0.034571
0 0.586335 0.964544 0.071947 0.061690
0 0.622948 0.506379 0.046584 0.041719
0 0.605479 0.436971 0.056983 0.039572
0 0.608457 0.405159 0.058900 0.041652
0 0.594297 0.269859 0.036312 0.040413
0 0.596303 0.293834 0.043370 0.033836
0 0.714955 0.338089 0.042530 0.032444
0 0.718286 0.365375 0.047843 0.035690
0 0.547975 0.373654 0.041972 0.037128
0 0.398088 0.842427 0.086559 0.063057
0 0.604367 0.375138 0.043251 0.043879
0 0.665963 0.975329 0.060920 0.044344
0 0.852765 0.907621 0.072513 0.051287
0 0.825595 0.838545 0.064477 0.051664
0 0.706185 0.315027 0.051696 0.033047
0 0.705897 0.284840 0.039965 0.035311
0 0.580128 0.905023 0.066774 0.053836
0 0.873097 0.976287 0.071782 0.046124
0 0.695312 0.269005 0.046741 0.026292
0 0.689052 0.246469 0.042568 0.028796