0 0.766122 0.580646 0.065143 0.044932
0 0.745809 0.502751 0.063511 0.052714
0 0.737645 0.464741 0.067238 0.040748
0 0.629678 0.659945 0.066317 0.052982
0 0.647693 0.711319 0.069252 0.051677
0 0.621399 0.614926 0.071775 0.051135
0 0.558921 0.763783 0.079204 0.055015
0 0.647052 0.820942 0.067210 0.051775
0 0.358447 0.770843 0.071067 0.054005
0 0.803035 0.709934 0.078757 0.051252
0 0.368593 0.609038 0.074034 0.056904
0 0.783806 0.663256 0.075245 0.050208
0 0.563584 0.818891 0.072997 0.056614
0 0.715183 0.371590 0.059624 0.040332
0 0.545281 0.572978 0.058410 0.043010
0 0.367429 0.564497 0.066654 0.050627
0 0.613245 0.534407 0.051288 0.045117
0 0.558382 0.711754 0.074363 0.052234
0 0.832813 0.881144 0.084164 0.059876
0 0.645599 0.766589 0.070402 0.057253
0 0.582861 0.316256 0.050440 0.040919
0 0.735905 0.429270 0.065270 0.042719
0 0.361650 0.654227 0.071560 0.051847
0 0.701657 0.342873 0.054090 0.041196
0 0.807984 0.764302 0.066562 0.058968
0 0.548596 0.655828 0.067738 0.047503
0 0.347727 0.886408 0.084638 0.057262
0 0.549890 0.611844 0.061565 0.045507
0 0.692235 0.268809 0.050709 0.034733
0 0.543155 0.497078 0.049755 0.043383
0 0.660219 0.880602 0.064700 0.055019
0 0.847142 0.950184 0.087232 0.055463
0 0.373873 0.524147 0.066562 0.046458
0 0.723354 0.400082 0.061701 0.033395
0 0.817908 0.819349 0.075073 0.058935
0 0.570905 0.880638 0.068181 0.055498
0 0.391845 0.422291 0.054272 0.047997
0 0.574330 0.942873 0.081832 0.058956
0 0.364211 0.716476 0.053977 0.052828
0 0.606693 0.489080 0.058894 0.050072
0 0.667542 0.954650 0.063691 0.052144
0 0.574722 0.217134 0.046852 0.043007
0 0.605718 0.456268 0.052423 0.039882
0 0.613240 0.572509 0.055638 0.038359
0 0.696816 0.315906 0.045252 0.026681
0 0.357139 0.826989 0.067055 0.051612
0 0.686194 0.240873 0.040518 0.030579
0 0.541610 0.459948 0.060006 0.043755
0 0.377710 0.483373 0.048828 0.045622
0 0.602086 0.431299 0.046117 0.032151
0 0.592954 0.396376 0.042679 0.039062
0 0.403791 0.363281 0.060764 0.042318