0 0.690258 0.950915 0.074839 0.053939
0 0.399466 0.741152 0.065295 0.050938
0 0.670321 0.885029 0.061580 0.052702
0 0.401591 0.634411 0.068164 0.049850
0 0.657750 0.775762 0.077773 0.052305
0 0.549677 0.414645 0.049388 0.038158
0 0.395677 0.798304 0.077656 0.058861
0 0.652444 0.668239 0.070564 0.050970
0 0.790467 0.634229 0.075543 0.050384
0 0.815779 0.731719 0.076020 0.051094
0 0.393155 0.578258 0.061623 0.048236
0 0.393815 0.853900 0.063403 0.052878
0 0.390903 0.679948 0.072066 0.054922
0 0.655265 0.717760 0.072361 0.053659
0 0.831172 0.841068 0.071849 0.054531
0 0.588405 0.880605 0.076150 0.055755
0 0.843639 0.902507 0.074067 0.056888
0 0.382478 0.915752 0.063950 0.053509
0 0.556908 0.484561 0.053477 0.041764
0 0.666584 0.826377 0.069115 0.057845
0 0.558375 0.525241 0.063798 0.045169
0 0.617281 0.465690 0.055143 0.040469
0 0.569494 0.602044 0.061671 0.047161
0 0.574397 0.650358 0.067917 0.049141
0 0.803262 0.683971 0.070612 0.051836
0 0.747218 0.475332 0.060981 0.042630
0 0.644204 0.621950 0.056662 0.047480
0 0.574961 0.748535 0.065095 0.051836
0 0.824288 0.779137 0.070226 0.049967
0 0.757211 0.507611 0.062418 0.047357
0 0.539299 0.381208 0.056419 0.043079
0 0.577450 0.696299 0.066732 0.050970
0 0.631191 0.539027 0.057886 0.048132
0 0.394232 0.504854 0.059931 0.044889
0 0.565653 0.559535 0.056202 0.045332
0 0.611851 0.430947 0.056063 0.041790
0 0.873433 0.957702 0.092630 0.060430
0 0.601534 0.948773 0.061576 0.055020
0 0.397326 0.433490 0.044939 0.043854
0 0.578950 0.809115 0.077951 0.061992
0 0.624533 0.501566 0.056246 0.044980
0 0.578997 0.196823 0.041884 0.034440
0 0.776942 0.586608 0.058372 0.050221
0 0.396549 0.470459 0.046866 0.039889
0 0.766734 0.548076 0.062843 0.047168
0 0.730135 0.412995 0.059436 0.037240
0 0.740812 0.440977 0.055286 0.043763
0 0.720154 0.366286 0.041411 0.040462
0 0.684399 0.243460 0.046784 0.031126
0 0.603691 0.372979 0.053641 0.043900
0 0.712203 0.336152 0.043433 0.033854
0 0.696133 0.265013 0.046250 0.031549
0 0.599883 0.346286 0.050651 0.036152
0 0.698568 0.288942 0.044401 0.034434
0 0.607556 0.401709 0.047613 0.037246