0 0.376760 0.778151 0.076610 0.056719
0 0.792329 0.646156 0.070794 0.047832
0 0.377515 0.668796 0.072140 0.052617
0 0.372424 0.912555 0.082556 0.059082
0 0.838828 0.839648 0.069306 0.048698
0 0.548479 0.537471 0.059284 0.044434
0 0.607741 0.312090 0.038303 0.035221
0 0.382020 0.583389 0.065621 0.046230
0 0.368639 0.841318 0.088398 0.068418
0 0.387507 0.431774 0.061194 0.043522
0 0.404844 0.369736 0.058281 0.045137
0 0.380247 0.715771 0.058194 0.051426
0 0.538733 0.463402 0.050911 0.040723
0 0.779967 0.602383 0.066306 0.047057
0 0.617643 0.556019 0.060095 0.047806
0 0.557203 0.672806 0.068181 0.049792
0 0.554293 0.579899 0.061693 0.042585
0 0.554720 0.622259 0.068303 0.046211
0 0.745959 0.474873 0.063802 0.042051
0 0.380805 0.624906 0.051714 0.045345
0 0.824128 0.781400 0.076476 0.050417
0 0.586372 0.971253 0.085894 0.055970
0 0.727272 0.408421 0.054622 0.041387
0 0.629870 0.638327 0.056771 0.043945
0 0.571270 0.786348 0.076532 0.052031
0 0.627576 0.597581 0.057374 0.043509
0 0.603934 0.478346 0.062426 0.043841
0 0.768837 0.559460 0.064714 0.052878
0 0.632945 0.684814 0.064996 0.049525
0 0.854392 0.894163 0.065026 0.050176
0 0.599219 0.354967 0.052318 0.033880
0 0.658058 0.843978 0.077313 0.056263
0 0.881426 0.964925 0.090595 0.061230
0 0.580119 0.901465 0.070768 0.059023
0 0.387491 0.542370 0.064575 0.045951
0 0.756348 0.513766 0.059518 0.042832
0 0.573016 0.838366 0.070972 0.055260
0 0.384438 0.468203 0.057721 0.041211
0 0.806649 0.733437 0.060469 0.048346
0 0.565102 0.723691 0.057209 0.052253
0 0.666044 0.902210 0.062122 0.054772
0 0.667717 0.975361 0.061450 0.048874
0 0.548251 0.501364 0.048151 0.039655
0 0.792808 0.692207 0.066502 0.049180
0 0.612365 0.518073 0.056840 0.043008
0 0.602461 0.383366 0.048437 0.035651
0 0.641565 0.734902 0.055629 0.049948
0 0.683435 0.230898 0.050022 0.030638
0 0.382444 0.502272 0.059028 0.044297
0 0.737018 0.439707 0.047188 0.039440
0 0.717708 0.350195 0.056806 0.035937
0 0.541960 0.366406 0.040195 0.037018
0 0.606421 0.413324 0.052713 0.038314
0 0.539110 0.427594 0.060148 0.042585
0 0.710286 0.322581 0.053420 0.033535
0 0.604338 0.443037 0.050890 0.043210
0 0.696612 0.286296 0.042921 0.037747
0 0.688911 0.255085 0.050634 0.036797
0 0.543761 0.396644 0.055022 0.038092
0 0.727146 0.379574 0.045143 0.037780