0 0.401185 0.632126 0.068724 0.054368
0 0.556408 0.728242 0.075247 0.051354
0 0.573828 0.840107 0.073594 0.054069
0 0.780640 0.632314 0.073494 0.050931
0 0.562652 0.780690 0.084905 0.060742
0 0.854625 0.964303 0.091645 0.060208
0 0.388659 0.782308 0.070694 0.053301
0 0.543240 0.507214 0.061975 0.042109
0 0.624859 0.632607 0.067999 0.049668
0 0.729058 0.411748 0.062057 0.040527
0 0.396013 0.681693 0.065282 0.049323
0 0.824618 0.779987 0.077517 0.054076
0 0.543097 0.629642 0.057904 0.044427
0 0.580866 0.961074 0.081428 0.060312
0 0.601348 0.443411 0.056749 0.042057
0 0.797307 0.679906 0.074510 0.051257
0 0.580076 0.898421 0.075152 0.060866
0 0.691105 0.967718 0.077036 0.055983
0 0.634063 0.677191 0.059844 0.048053
0 0.213448 0.742207 0.039510 0.078698
0 0.640610 0.725426 0.062261 0.047754
0 0.774976 0.589193 0.061133 0.047643
0 0.403327 0.584141 0.051141 0.045469
0 0.745996 0.480013 0.060334 0.038477
0 0.663537 0.897933 0.058724 0.046452
0 0.647274 0.779525 0.056979 0.049245
0 0.558027 0.675827 0.068989 0.046497
0 0.738522 0.445977 0.058407 0.041589
0 0.754536 0.510693 0.061536 0.043288
0 0.392984 0.844974 0.082565 0.057331
0 0.623509 0.587259 0.066532 0.048099
0 0.386007 0.729619 0.057457 0.053027
0 0.539896 0.583551 0.048264 0.042936
0 0.616753 0.545345 0.052222 0.043984
0 0.835477 0.836022 0.072821 0.053424
0 0.613859 0.510319 0.057075 0.045313
0 0.403544 0.433857 0.063945 0.050697
0 0.758149 0.550752 0.061749 0.044889
0 0.848255 0.894941 0.072917 0.058385
0 0.542856 0.543112 0.055399 0.041419
0 0.532988 0.407549 0.045516 0.037181
0 0.719093 0.382689 0.055833 0.036198
0 0.538166 0.440309 0.056879 0.040163
0 0.806261 0.724274 0.072148 0.055970
0 0.588073 0.280667 0.049297 0.037376
0 0.587296 0.305837 0.050347 0.042324
0 0.542394 0.474557 0.056497 0.037161
0 0.406389 0.505443 0.060304 0.042370
0 0.399603 0.540732 0.065508 0.048223
0 0.715007 0.358249 0.056315 0.031602
0 0.707398 0.331768 0.043633 0.034408
0 0.590375 0.351097 0.042591 0.035592
0 0.596938 0.410690 0.050924 0.037604
0 0.699449 0.307510 0.045764 0.034954
0 0.685371 0.236807 0.045282 0.030501
0 0.595675 0.378298 0.042478 0.037415
0 0.398142 0.472988 0.051484 0.042096
0 0.689961 0.261117 0.052839 0.034798
0 0.582114 0.254440 0.051745 0.035859
0 0.693583 0.284437 0.045291 0.030931
0 0.395592 0.909899 0.071558 0.060527