0 0.563741 0.902855 0.084497 0.061725
0 0.814781 0.781979 0.083763 0.054102
0 0.561287 0.723763 0.072721 0.056875
0 0.663509 0.899691 0.087496 0.065553
0 0.392096 0.847064 0.065634 0.053424
0 0.629373 0.634609 0.067253 0.050404
0 0.599058 0.386061 0.053715 0.039401
0 0.403709 0.678630 0.055161 0.051309
0 0.401777 0.549238 0.063546 0.046797
0 0.559939 0.672611 0.078203 0.055937
0 0.551211 0.626992 0.063715 0.048060
0 0.863472 0.969124 0.085417 0.055228
0 0.644282 0.783346 0.073442 0.058372
0 0.543014 0.508610 0.059449 0.041634
0 0.401654 0.510352 0.063377 0.045443
0 0.638218 0.729867 0.061888 0.051673
0 0.752411 0.518535 0.064640 0.042370
0 0.577674 0.969355 0.074158 0.054010
0 0.616732 0.550579 0.057214 0.043437
0 0.398520 0.729105 0.076658 0.057832
0 0.746669 0.482100 0.064484 0.043783
0 0.796029 0.676826 0.057960 0.048978
0 0.726905 0.415042 0.061137 0.042910
0 0.646183 0.838278 0.077808 0.055749
0 0.809002 0.726247 0.079540 0.049824
0 0.552543 0.587653 0.065616 0.043379
0 0.631350 0.680472 0.054262 0.049329
0 0.401261 0.628092 0.064214 0.056068
0 0.614518 0.513698 0.060660 0.045247
0 0.567886 0.776247 0.070955 0.052025
0 0.845634 0.897015 0.072839 0.054837
0 0.569494 0.834492 0.069857 0.056979
0 0.699102 0.283958 0.049036 0.033919
0 0.668824 0.970885 0.084705 0.053099
0 0.403414 0.589056 0.061576 0.048633
0 0.837578 0.831130 0.084453 0.055137
0 0.546678 0.546296 0.061558 0.041302
0 0.538036 0.441715 0.052409 0.037246
0 0.621113 0.592826 0.050612 0.040143
0 0.780397 0.629912 0.078598 0.054720
0 0.396927 0.783229 0.059627 0.055677
0 0.539032 0.411165 0.055816 0.037474
0 0.778553 0.587829 0.069796 0.049186
0 0.596519 0.331120 0.049627 0.038672
0 0.739800 0.447646 0.055816 0.039473
0 0.689540 0.239798 0.048637 0.030495
0 0.766198 0.551475 0.065391 0.044434
0 0.406274 0.377181 0.054900 0.038177
0 0.406539 0.441032 0.060812 0.040150
0 0.603177 0.475101 0.055347 0.039785
0 0.580356 0.214271 0.046753 0.039831
0 0.711686 0.335625 0.047747 0.038919
0 0.593663 0.304245 0.051484 0.036771
0 0.541050 0.378203 0.045964 0.040755
0 0.693236 0.260898 0.046385 0.028555
0 0.601704 0.444154 0.045169 0.034961
0 0.720881 0.386582 0.052326 0.032513
0 0.588715 0.276777 0.045295 0.032708
0 0.706545 0.310153 0.053516 0.031139
0 0.406250 0.406549 0.053498 0.042031
0 0.536808 0.473353 0.052834 0.039948
0 0.399998 0.471507 0.065239 0.044668
0 0.588303 0.254014 0.042075 0.033457