0 0.382995 0.777992 0.074983 0.058053
0 0.377895 0.719567 0.081502 0.064941
0 0.567307 0.970677 0.091584 0.052370
0 0.567593 0.840996 0.082409 0.057656
0 0.376957 0.661309 0.073559 0.056940
0 0.380547 0.609674 0.066363 0.050443
0 0.630857 0.633896 0.072279 0.052923
0 0.386675 0.567119 0.066693 0.049355
0 0.647782 0.778141 0.070816 0.055098
0 0.802828 0.731143 0.082574 0.053835
0 0.576272 0.898473 0.076094 0.054329
0 0.664041 0.901924 0.061797 0.053053
0 0.620796 0.553613 0.056549 0.043750
0 0.285521 0.796709 0.082179 0.057754
0 0.834147 0.839668 0.083129 0.057943
0 0.639985 0.680479 0.060143 0.047129
0 0.617852 0.511810 0.058160 0.048958
0 0.557218 0.676628 0.056988 0.051016
0 0.763220 0.553809 0.070703 0.045143
0 0.562645 0.728939 0.074744 0.051432
0 0.799123 0.683630 0.070703 0.048236
0 0.670783 0.971732 0.075664 0.051328
0 0.790174 0.633877 0.075373 0.054277
0 0.825063 0.781953 0.068885 0.053320
0 0.553058 0.586862 0.049640 0.044219
0 0.755093 0.513975 0.063780 0.045957
0 0.860128 0.969437 0.085447 0.054694
0 0.380102 0.910221 0.076228 0.066146
0 0.640985 0.726982 0.070720 0.050983
0 0.739132 0.449736 0.058915 0.038887
0 0.547144 0.509202 0.059618 0.039616
0 0.769308 0.591865 0.071810 0.050202
0 0.716814 0.362822 0.057483 0.037051
0 0.626061 0.592155 0.051385 0.042253
0 0.845944 0.898577 0.073859 0.061491
0 0.539579 0.441377 0.054132 0.038132
0 0.392993 0.526891 0.064874 0.045033
0 0.552368 0.547526 0.057391 0.043919
0 0.723733 0.391523 0.055868 0.034922
0 0.611243 0.442122 0.056775 0.041732
0 0.708579 0.333167 0.052157 0.036270
0 0.746332 0.478451 0.057639 0.041576
0 0.652645 0.838818 0.068746 0.057194
0 0.393257 0.438906 0.063442 0.049635
0 0.397062 0.494945 0.049401 0.038704
0 0.561966 0.781188 0.073420 0.054460
0 0.596311 0.309974 0.053958 0.044180
0 0.601871 0.347419 0.052196 0.039121
0 0.691612 0.259001 0.047687 0.034460
0 0.533470 0.407526 0.050039 0.037266
0 0.552615 0.630680 0.067027 0.051296
0 0.578069 0.213796 0.040217 0.034336
0 0.539501 0.473949 0.054193 0.040866
0 0.702969 0.310186 0.050243 0.034941
0 0.382205 0.838929 0.081380 0.068691
0 0.729609 0.417536 0.054132 0.037142
0 0.532413 0.373630 0.045877 0.042884
0 0.604731 0.405931 0.053620 0.038919
0 0.592181 0.281009 0.050924 0.036732
0 0.598184 0.374840 0.055482 0.038014
0 0.616389 0.477477 0.058247 0.042832
0 0.404733 0.381569 0.045022 0.040937
0 0.684162 0.222167 0.041259 0.035297
0 0.587839 0.256172 0.048385 0.034883