0 0.766033 0.580726 0.065765 0.045394
0 0.745656 0.502082 0.062375 0.052490
0 0.783428 0.663170 0.075179 0.052605
0 0.646757 0.712205 0.071989 0.055673
0 0.737483 0.464707 0.069712 0.042645
0 0.803119 0.709963 0.079437 0.052271
0 0.835558 0.883775 0.093003 0.066020
0 0.647017 0.821554 0.066552 0.054887
0 0.629714 0.658866 0.065852 0.052148
0 0.715404 0.371737 0.060938 0.040800
0 0.621899 0.613799 0.070818 0.050421
0 0.368285 0.564741 0.064797 0.050997
0 0.368304 0.608196 0.071554 0.055919
0 0.645737 0.766021 0.069622 0.056220
0 0.558459 0.763512 0.078801 0.055758
0 0.359701 0.771636 0.071954 0.057029
0 0.700539 0.342535 0.051758 0.042578
0 0.610884 0.536574 0.060350 0.047294
0 0.846982 0.950358 0.086663 0.056427
0 0.563146 0.818444 0.072542 0.057593
0 0.362695 0.657755 0.071165 0.061009
0 0.544340 0.572606 0.057570 0.042575
0 0.692096 0.268807 0.051060 0.037499
0 0.808521 0.758789 0.068721 0.045573
0 0.736545 0.427843 0.062211 0.039062
0 0.660074 0.880635 0.063353 0.054261
0 0.610571 0.493490 0.059529 0.048828
0 0.543571 0.496798 0.050663 0.046763
0 0.574123 0.215998 0.046346 0.044438
0 0.373469 0.523694 0.067266 0.045538
0 0.818287 0.822266 0.069444 0.050998
0 0.723191 0.400111 0.062474 0.035152
0 0.392940 0.422960 0.056424 0.044488
0 0.695161 0.316137 0.042260 0.030270
0 0.686058 0.239487 0.042502 0.032822
0 0.614279 0.572433 0.062241 0.047190
0 0.364373 0.716497 0.055992 0.052411
0 0.548153 0.611793 0.058870 0.046290
0 0.573237 0.941278 0.081979 0.057117
0 0.667345 0.954288 0.062881 0.051914
0 0.555951 0.707974 0.072425 0.051987
0 0.378042 0.485248 0.049715 0.040961
0 0.356771 0.824435 0.070891 0.061850
0 0.571267 0.881870 0.067057 0.057460
0 0.605613 0.460938 0.060764 0.040148
0 0.601635 0.430013 0.049913 0.036892
0 0.593678 0.396918 0.049913 0.040148
0 0.404876 0.357856 0.058594 0.048828
0 0.346715 0.892601 0.088110 0.059291
0 0.539062 0.460395 0.059317 0.036892
0 0.552083 0.657878 0.069444 0.049913