0 0.637265 0.689242 0.072655 0.049648
0 0.811989 0.742055 0.075762 0.051891
0 0.768842 0.564012 0.067183 0.045182
0 0.652410 0.788407 0.065607 0.052757
0 0.630243 0.640305 0.068350 0.054167
0 0.560658 0.677776 0.065839 0.050520
0 0.657591 0.844291 0.059298 0.049350
0 0.570497 0.787413 0.071349 0.051802
0 0.410055 0.596325 0.058999 0.045117
0 0.410807 0.632631 0.050834 0.047230
0 0.820865 0.793712 0.069198 0.055648
0 0.749791 0.488224 0.062984 0.039049
0 0.623153 0.599585 0.062696 0.050301
0 0.797005 0.685990 0.076084 0.044049
0 0.404591 0.733097 0.075634 0.062152
0 0.614047 0.559624 0.060002 0.053262
0 0.555727 0.585537 0.058764 0.048622
0 0.556613 0.631427 0.062198 0.047755
0 0.645377 0.734541 0.056804 0.050409
0 0.602893 0.416341 0.045755 0.038050
0 0.731604 0.392762 0.060216 0.039313
0 0.661391 0.915375 0.059312 0.049295
0 0.575881 0.971888 0.089211 0.050679
0 0.406895 0.681425 0.072580 0.049464
0 0.714870 0.317395 0.054211 0.039880
0 0.578281 0.841521 0.063065 0.049129
0 0.842185 0.852947 0.075921 0.065499
0 0.579246 0.903443 0.075224 0.051690
0 0.592913 0.359471 0.051220 0.043178
0 0.758392 0.523118 0.059836 0.046195
0 0.611008 0.516784 0.057001 0.044657
0 0.740304 0.456043 0.065265 0.037286
0 0.662472 0.978499 0.064674 0.038325
0 0.866221 0.973874 0.087499 0.047355
0 0.734729 0.424886 0.054713 0.035044
0 0.567566 0.729705 0.073367 0.048902
0 0.545887 0.519230 0.061727 0.054189
0 0.402238 0.783130 0.063560 0.061741
0 0.841852 0.908504 0.076930 0.059882
0 0.595368 0.449570 0.048664 0.036740
0 0.400232 0.853065 0.069328 0.055088
0 0.600726 0.482331 0.053631 0.042138
0 0.707785 0.286427 0.050768 0.035885
0 0.716316 0.360435 0.048786 0.039772
0 0.395666 0.921925 0.076790 0.062600
0 0.593900 0.391076 0.042568 0.035056
0 0.689470 0.252103 0.041733 0.040064