0 0.773021 0.581984 0.069279 0.046452
0 0.781843 0.626669 0.070329 0.046402
0 0.705263 0.339203 0.051627 0.038228
0 0.765964 0.534040 0.055050 0.046300
0 0.301376 0.837924 0.085334 0.056746
0 0.793277 0.676028 0.063033 0.055150
0 0.407816 0.959605 0.074370 0.056486
0 0.657176 0.312432 0.026194 0.049616
0 0.411254 0.893068 0.087736 0.062417
0 0.752842 0.495728 0.063099 0.044713
0 0.685234 0.263234 0.048536 0.027270
0 0.829147 0.785989 0.066765 0.050297
0 0.698651 0.312200 0.041733 0.035056
0 0.404772 0.666315 0.070308 0.054177
0 0.880745 0.957858 0.089306 0.056181
0 0.685454 0.220360 0.040858 0.028935
0 0.395564 0.613443 0.063169 0.048530
0 0.318299 0.776188 0.075442 0.053594
0 0.399769 0.573878 0.053561 0.045053
0 0.547987 0.441927 0.054117 0.035833
0 0.619725 0.518904 0.064108 0.043083
0 0.746314 0.463155 0.064932 0.043642
0 0.855967 0.897531 0.061874 0.046464
0 0.411490 0.414869 0.057661 0.035607
0 0.559719 0.594782 0.061431 0.045991
0 0.593066 0.224559 0.047576 0.035056
0 0.598267 0.361803 0.038843 0.034102
0 0.583801 0.883908 0.078614 0.055943
0 0.539647 0.406100 0.050915 0.042568
0 0.559431 0.552236 0.054748 0.043265
0 0.615743 0.481846 0.053970 0.048828
0 0.845108 0.840590 0.063481 0.049244
0 0.400771 0.526643 0.063241 0.046875
0 0.552242 0.477634 0.056824 0.039487
0 0.803819 0.724044 0.051749 0.052713
0 0.603293 0.417866 0.050492 0.041060
0 0.406047 0.375429 0.058550 0.043536
0 0.623447 0.558753 0.058058 0.047954
0 0.413194 0.450546 0.053419 0.043820
0 0.404013 0.486228 0.065104 0.042568
0 0.404013 0.770433 0.060096 0.050080
0 0.397753 0.833659 0.079294 0.056340
0 0.592231 0.965119 0.084302 0.063852
0 0.586388 0.806115 0.070947 0.056340
0 0.577624 0.754783 0.073451 0.051332
0 0.575120 0.697817 0.066774 0.050080
0 0.564687 0.641476 0.062600 0.047576
0 0.556340 0.511894 0.055923 0.041316
0 0.543820 0.374800 0.040899 0.037560
0 0.664430 0.898763 0.060096 0.051332
0 0.674863 0.968249 0.067608 0.057592
0 0.661926 0.810497 0.075120 0.057592
0 0.657752 0.754157 0.061765 0.052584
0 0.643563 0.699069 0.063435 0.052584
0 0.642728 0.648988 0.068443 0.047576
0 0.636468 0.603290 0.064269 0.046324
0 0.611428 0.447416 0.054253 0.042568
0 0.598074 0.389824 0.054253 0.037560
0 0.609759 0.339118 0.040899 0.043820
0 0.605586 0.314078 0.039229 0.031300
0 0.600578 0.292167 0.052584 0.035056
0 0.602664 0.272135 0.045072 0.030048
0 0.595987 0.249599 0.038395 0.030048
0 0.593066 0.205779 0.047576 0.027544
0 0.729534 0.424880 0.058427 0.040064
0 0.733707 0.394206 0.045072 0.038812
0 0.698651 0.287785 0.040064 0.028796
0 0.684879 0.242713 0.050915 0.028796