0 0.397797 0.784798 0.079431 0.057826
0 0.655510 0.777845 0.073555 0.053971
0 0.394592 0.495785 0.059366 0.043470
0 0.625004 0.543047 0.060868 0.046432
0 0.794913 0.632718 0.070495 0.048770
0 0.648763 0.724359 0.065104 0.048822
0 0.557576 0.540293 0.058320 0.044271
0 0.399868 0.719261 0.068928 0.052572
0 0.811029 0.728076 0.073255 0.052220
0 0.396209 0.615169 0.067530 0.049049
0 0.389301 0.840765 0.062135 0.051087
0 0.541013 0.426211 0.059562 0.046497
0 0.662693 0.836504 0.064093 0.052214
0 0.849540 0.890042 0.075330 0.056048
0 0.672773 0.241771 0.049253 0.037409
0 0.839525 0.827943 0.070647 0.049479
0 0.589334 0.895423 0.078190 0.056745
0 0.391691 0.662848 0.079371 0.058613
0 0.573294 0.777207 0.076137 0.055807
0 0.584286 0.829889 0.071359 0.054427
0 0.624280 0.583145 0.055017 0.042031
0 0.800152 0.680732 0.071094 0.052103
0 0.733268 0.432839 0.061102 0.044023
0 0.665838 0.892594 0.059922 0.051569
0 0.629338 0.623138 0.063251 0.048763
0 0.747711 0.473542 0.062652 0.044414
0 0.555334 0.502106 0.057917 0.042350
0 0.769410 0.543945 0.069306 0.044167
0 0.571315 0.672969 0.070017 0.050104
0 0.829629 0.774001 0.069162 0.051738
0 0.640738 0.670537 0.054722 0.050566
0 0.570760 0.724385 0.064653 0.049069
0 0.397511 0.573906 0.066081 0.046419
0 0.594418 0.968184 0.085972 0.058620
0 0.564386 0.622484 0.065039 0.045723
0 0.385636 0.894310 0.064119 0.056549
0 0.407300 0.382272 0.058194 0.045885
0 0.703878 0.342793 0.052305 0.039583
0 0.871539 0.948818 0.090681 0.058926
0 0.757242 0.510046 0.064232 0.038685
0 0.623201 0.502985 0.062895 0.047324
0 0.595662 0.373509 0.055890 0.039609
0 0.404896 0.422139 0.042830 0.040671
0 0.779803 0.579421 0.056228 0.049531
0 0.551122 0.465850 0.049727 0.040553
0 0.580679 0.259854 0.047192 0.036530
0 0.718869 0.401276 0.053346 0.039635
0 0.582734 0.285755 0.038420 0.035599
0 0.592595 0.341468 0.053299 0.040098
0 0.610154 0.433786 0.053155 0.037259
0 0.616224 0.465514 0.051024 0.044141
0 0.712092 0.373945 0.050955 0.033997
0 0.669438 0.966644 0.065829 0.056283
0 0.585039 0.211657 0.035625 0.034486
0 0.582511 0.235400 0.036081 0.032129