0 0.541400 0.427803 0.060942 0.046270
0 0.795705 0.633776 0.069709 0.045625
0 0.398034 0.785368 0.078976 0.056803
0 0.394857 0.496266 0.059253 0.041595
0 0.400189 0.719993 0.068997 0.053398
0 0.380456 0.961680 0.084071 0.064661
0 0.396808 0.615827 0.066914 0.047617
0 0.770078 0.546042 0.068394 0.044961
0 0.704520 0.344541 0.052227 0.038444
0 0.393464 0.665156 0.077370 0.056901
0 0.392582 0.841849 0.066380 0.054167
0 0.850245 0.892139 0.073928 0.055020
0 0.571200 0.725651 0.064206 0.049961
0 0.385729 0.894440 0.062795 0.056628
0 0.748943 0.475954 0.062287 0.043145
0 0.674069 0.242386 0.050647 0.036621
0 0.555896 0.502552 0.057496 0.041497
0 0.871686 0.951589 0.090820 0.058490
0 0.593127 0.969076 0.084145 0.058880
0 0.625508 0.543975 0.060712 0.044824
0 0.557780 0.541494 0.058928 0.042832
0 0.589067 0.898587 0.078064 0.060638
0 0.571456 0.674850 0.068928 0.051523
0 0.584230 0.832497 0.070239 0.055762
0 0.799175 0.681380 0.066580 0.047240
0 0.597476 0.373877 0.056176 0.037311
0 0.573132 0.778685 0.077487 0.056159
0 0.734334 0.434271 0.059631 0.044362
0 0.398592 0.574990 0.066523 0.044017
0 0.590137 0.316927 0.047522 0.036146
0 0.830247 0.776585 0.069470 0.053926
0 0.665779 0.897207 0.061558 0.054766
0 0.840571 0.832148 0.069527 0.051940
0 0.407888 0.382035 0.058711 0.045371
0 0.563832 0.625462 0.064905 0.046289
0 0.650224 0.727243 0.062322 0.050801
0 0.583407 0.286836 0.038681 0.036966
0 0.405271 0.421930 0.043607 0.040293
0 0.656163 0.781986 0.073420 0.055625
0 0.811899 0.729473 0.072409 0.050417
0 0.782018 0.588880 0.057405 0.047214
0 0.663357 0.839388 0.065751 0.054128
0 0.690239 0.295866 0.053420 0.040820
0 0.678937 0.271276 0.046910 0.034974
0 0.719731 0.403109 0.052769 0.039056
0 0.624868 0.584147 0.056315 0.043320
0 0.552211 0.466660 0.047530 0.040169
0 0.630304 0.627412 0.061866 0.047780
0 0.623832 0.505452 0.063958 0.046087
0 0.641463 0.675244 0.056155 0.052376
0 0.758420 0.512269 0.062023 0.038965
0 0.396936 0.535140 0.049184 0.041413
0 0.562522 0.581296 0.049870 0.043542
0 0.673075 0.969876 0.069648 0.059505
0 0.617693 0.468431 0.054544 0.046302
0 0.606157 0.404284 0.050352 0.037253
0 0.713273 0.375420 0.051215 0.034108
0 0.611170 0.435583 0.054457 0.039368