0 0.773726 0.583402 0.069255 0.047738
0 0.782226 0.628580 0.069407 0.045731
0 0.301412 0.839700 0.086167 0.058196
0 0.395391 0.614163 0.063980 0.049359
0 0.410782 0.893702 0.088200 0.062965
0 0.705888 0.340290 0.051971 0.040798
0 0.398115 0.831937 0.079092 0.056663
0 0.880412 0.959190 0.089982 0.057140
0 0.404509 0.668264 0.069121 0.056600
0 0.605601 0.316595 0.037399 0.037286
0 0.765981 0.535041 0.055918 0.047245
0 0.601756 0.291485 0.053566 0.036195
0 0.401200 0.528419 0.065721 0.050834
0 0.752117 0.497394 0.063028 0.043676
0 0.407682 0.959665 0.074334 0.057934
0 0.791801 0.674404 0.063612 0.047737
0 0.594420 0.223416 0.043608 0.040282
0 0.697200 0.288284 0.047179 0.032807
0 0.744375 0.462629 0.057650 0.040784
0 0.829389 0.788491 0.067991 0.050647
0 0.684826 0.266009 0.046012 0.030315
0 0.854020 0.900225 0.066806 0.049274
0 0.730985 0.425678 0.055525 0.046669
0 0.685469 0.222776 0.042069 0.032512
0 0.584241 0.885405 0.079001 0.059387
0 0.403400 0.486656 0.062991 0.051727
0 0.641582 0.647202 0.067499 0.050576
0 0.802360 0.724188 0.060517 0.049922
0 0.602736 0.388835 0.054944 0.035582
0 0.844792 0.842898 0.065156 0.050683
0 0.597284 0.245157 0.040914 0.030264
0 0.644518 0.698826 0.061526 0.048061
0 0.620440 0.520364 0.064654 0.046119
0 0.623760 0.560806 0.058029 0.047545
0 0.548360 0.443292 0.054987 0.038296
0 0.403418 0.773052 0.057947 0.054857
0 0.634035 0.601760 0.057840 0.044090
0 0.612419 0.451489 0.057280 0.041934
0 0.412361 0.451247 0.050077 0.042418
0 0.592231 0.967623 0.084302 0.061348
0 0.585554 0.806115 0.067608 0.053836
0 0.578459 0.752905 0.075120 0.052584
0 0.573868 0.698443 0.065939 0.048828
0 0.564687 0.643354 0.064269 0.046324
0 0.561348 0.598908 0.060931 0.050080
0 0.555923 0.555714 0.063435 0.043820
0 0.555923 0.515024 0.055088 0.040064
0 0.553419 0.479342 0.061765 0.041316
0 0.540481 0.409230 0.054253 0.036308
0 0.543403 0.374174 0.043403 0.038812
0 0.676532 0.968249 0.077624 0.060096
0 0.664430 0.898137 0.058427 0.050080
0 0.663178 0.811749 0.077624 0.062600
0 0.659004 0.759165 0.059261 0.047576
0 0.618106 0.483098 0.054253 0.046324
0 0.613515 0.421750 0.043403 0.036308
0 0.600578 0.362906 0.042568 0.036308
0 0.601830 0.269005 0.050080 0.031300
0 0.590144 0.204527 0.051749 0.030048
0 0.685714 0.243965 0.049245 0.026292
0 0.699903 0.312200 0.042568 0.030048
0 0.732873 0.395458 0.045072 0.036308