0 0.849321 0.893610 0.072209 0.052910
0 0.548220 0.616569 0.062925 0.050182
0 0.563481 0.826260 0.072292 0.054421
0 0.775061 0.584105 0.075521 0.047012
0 0.814720 0.721439 0.076697 0.053581
0 0.390660 0.752077 0.072769 0.059701
0 0.799340 0.675791 0.058707 0.046973
0 0.826092 0.777256 0.076350 0.054629
0 0.722741 0.390254 0.056610 0.038490
0 0.758685 0.502389 0.067856 0.042148
0 0.645321 0.831315 0.077344 0.054336
0 0.864768 0.964697 0.075812 0.058171
0 0.558945 0.717783 0.069549 0.053314
0 0.388379 0.808092 0.077799 0.054844
0 0.629900 0.724193 0.067882 0.051862
0 0.831296 0.831234 0.069466 0.046621
0 0.575981 0.970137 0.085009 0.057122
0 0.654648 0.902588 0.081059 0.059316
0 0.545308 0.572171 0.050964 0.045176
0 0.714232 0.359098 0.054167 0.036387
0 0.616484 0.507152 0.060321 0.044277
0 0.562776 0.771784 0.066749 0.053594
0 0.746133 0.465221 0.062873 0.045195
0 0.624162 0.674785 0.064887 0.049870
0 0.766743 0.540430 0.065456 0.046849
0 0.542936 0.536624 0.058971 0.043887
0 0.546363 0.473691 0.059913 0.043789
0 0.395312 0.606442 0.068776 0.049928
0 0.614460 0.546686 0.064466 0.044831
0 0.552311 0.663581 0.072643 0.050781
0 0.668442 0.968809 0.092023 0.062383
0 0.733728 0.433551 0.061172 0.041165
0 0.385714 0.921354 0.082053 0.064570
0 0.571487 0.894915 0.071263 0.065182
0 0.395649 0.564821 0.068746 0.048652
0 0.788438 0.630622 0.073689 0.052546
0 0.540666 0.436387 0.052036 0.040326
0 0.601408 0.451423 0.056089 0.044121
0 0.398529 0.518327 0.061102 0.048268
0 0.690501 0.240062 0.041975 0.035749
0 0.617441 0.629990 0.059952 0.044876
0 0.419733 0.374453 0.057860 0.045117
0 0.393240 0.649313 0.054206 0.049798
0 0.410603 0.411331 0.054575 0.040098
0 0.609918 0.583773 0.058168 0.050111
0 0.599403 0.413610 0.055386 0.042663
0 0.391495 0.699596 0.057591 0.049740
0 0.637834 0.773623 0.059462 0.052897
0 0.710612 0.333369 0.056450 0.035215
0 0.403531 0.482660 0.061350 0.045853
0 0.595951 0.381074 0.042188 0.037031
0 0.541545 0.377012 0.042266 0.040599
0 0.593207 0.353125 0.046458 0.036211
0 0.400187 0.443105 0.050712 0.042773
0 0.549744 0.503245 0.049045 0.036400
0 0.703741 0.310003 0.055148 0.033639
0 0.379125 0.857920 0.062287 0.056934
0 0.539447 0.406842 0.048286 0.034297