0 0.396538 0.463256 0.061389 0.043262
0 0.401191 0.787060 0.074125 0.053625
0 0.395604 0.589970 0.050328 0.043605
0 0.652951 0.714710 0.067838 0.049072
0 0.659034 0.771697 0.071352 0.048711
0 0.729146 0.407779 0.054299 0.041331
0 0.569362 0.702110 0.073079 0.052154
0 0.405267 0.373976 0.059084 0.045158
0 0.595331 0.270723 0.046384 0.039743
0 0.750855 0.505766 0.064688 0.040005
0 0.401775 0.547792 0.064145 0.044318
0 0.667662 0.830900 0.075917 0.054775
0 0.556149 0.519484 0.055246 0.041190
0 0.551181 0.474165 0.048488 0.039623
0 0.716749 0.371650 0.058999 0.040538
0 0.583700 0.805382 0.069578 0.052910
0 0.560513 0.564478 0.060931 0.046324
0 0.559261 0.607672 0.056757 0.042568
0 0.568443 0.652744 0.061765 0.045072
0 0.582215 0.873723 0.080963 0.063852
0 0.585971 0.945713 0.085136 0.060096
0 0.666099 0.896259 0.065104 0.056340
0 0.666516 0.960111 0.060931 0.051332
0 0.651910 0.666516 0.058427 0.047576
0 0.636468 0.617688 0.062600 0.047576
0 0.629791 0.577624 0.055923 0.047576
0 0.622279 0.536308 0.067608 0.045072
0 0.619775 0.496244 0.055923 0.042568
0 0.614767 0.457432 0.057592 0.037560
0 0.615184 0.424880 0.053419 0.042568
0 0.606003 0.395458 0.055088 0.038812
0 0.603082 0.363532 0.042568 0.040064
0 0.603082 0.249599 0.037560 0.037560
0 0.594318 0.225185 0.040064 0.033804
0 0.707833 0.337866 0.046741 0.038812
0 0.770433 0.585136 0.068443 0.050080
0 0.791717 0.637094 0.065939 0.043820
0 0.799229 0.681540 0.060931 0.045072
0 0.814670 0.760417 0.076790 0.055088
0 0.835954 0.821139 0.074286 0.056340
0 0.850978 0.883739 0.074286 0.053836
0 0.870176 0.936949 0.062600 0.055088