0 0.849794 0.901032 0.071194 0.056335
0 0.580360 0.968809 0.087604 0.055716
0 0.371489 0.769541 0.077691 0.059147
0 0.792836 0.633984 0.075838 0.050534
0 0.373314 0.712646 0.073859 0.053978
0 0.363641 0.830156 0.075616 0.062852
0 0.573129 0.717158 0.069818 0.055501
0 0.783179 0.587767 0.078424 0.048294
0 0.834974 0.831803 0.070668 0.052448
0 0.589253 0.894967 0.094071 0.066263
0 0.578290 0.831634 0.073507 0.058633
0 0.564164 0.578783 0.049727 0.044870
0 0.573359 0.773337 0.073290 0.052650
0 0.566970 0.667542 0.069297 0.050072
0 0.874395 0.966992 0.091506 0.058815
0 0.765668 0.548229 0.063377 0.043398
0 0.811845 0.776367 0.061276 0.049883
0 0.796992 0.680195 0.076571 0.052305
0 0.642261 0.670596 0.075833 0.054108
0 0.649961 0.775361 0.073620 0.053743
0 0.809091 0.726315 0.063381 0.053190
0 0.648407 0.724098 0.063455 0.051478
0 0.608416 0.460729 0.057578 0.040156
0 0.620575 0.535205 0.064631 0.043288
0 0.666679 0.897061 0.058818 0.057000
0 0.661500 0.830768 0.074727 0.061042
0 0.365401 0.914131 0.076011 0.060124
0 0.639006 0.616986 0.065920 0.050794
0 0.634023 0.573760 0.061858 0.046009
0 0.758774 0.509632 0.057461 0.043418
0 0.715938 0.371491 0.053394 0.040417
0 0.376400 0.665283 0.052513 0.047689
0 0.704047 0.346758 0.052513 0.035247
0 0.616389 0.494831 0.057187 0.045117
0 0.733305 0.434951 0.064614 0.041712
0 0.700881 0.318298 0.056181 0.036960
0 0.740250 0.467337 0.061628 0.045703
0 0.695304 0.293893 0.050842 0.036055
0 0.671745 0.970700 0.079918 0.057216