0 0.812678 0.784079 0.068429 0.051204
0 0.829590 0.840495 0.080638 0.052513
0 0.395141 0.772965 0.072010 0.056634
0 0.395111 0.664046 0.070013 0.051322
0 0.654685 0.781940 0.077695 0.052396
0 0.392363 0.833421 0.069301 0.054395
0 0.582930 0.365309 0.054479 0.044082
0 0.400158 0.575160 0.065794 0.046686
0 0.403872 0.491768 0.057370 0.042884
0 0.405024 0.377572 0.058077 0.044961
0 0.392806 0.714255 0.055794 0.048991
0 0.597190 0.326865 0.039275 0.038835
0 0.405421 0.453682 0.048863 0.039876
0 0.765720 0.553952 0.067205 0.046419
0 0.777609 0.594544 0.073273 0.044792
0 0.801337 0.684850 0.068733 0.048698
0 0.813079 0.728861 0.062331 0.051029
0 0.643062 0.720811 0.073173 0.052142
0 0.589581 0.231169 0.046888 0.036999
0 0.317394 0.893809 0.081541 0.055417
0 0.740332 0.451029 0.060473 0.046133
0 0.572658 0.900371 0.074987 0.058451
0 0.398032 0.532347 0.049388 0.044264
0 0.583351 0.968457 0.085434 0.059141
0 0.793162 0.634785 0.074718 0.052656
0 0.404714 0.416992 0.042622 0.038294
0 0.544898 0.539274 0.057157 0.043223
0 0.638197 0.671283 0.069258 0.051159
0 0.660441 0.900739 0.062947 0.056947
0 0.613032 0.537243 0.055829 0.042884
0 0.844952 0.904551 0.073125 0.054844
0 0.531478 0.427435 0.058468 0.043047
0 0.595447 0.468818 0.055747 0.041400
0 0.557975 0.667617 0.071931 0.049596
0 0.574065 0.770508 0.083286 0.061120
0 0.569141 0.833695 0.077960 0.057520
0 0.623724 0.578669 0.059089 0.045202
0 0.667420 0.969115 0.062053 0.053828
0 0.596573 0.434551 0.053633 0.040820
0 0.859089 0.962220 0.068273 0.055625
0 0.532040 0.463617 0.055998 0.045189
0 0.543865 0.501253 0.049032 0.041530
0 0.553915 0.579850 0.062266 0.045664
0 0.554750 0.623574 0.066480 0.046979
0 0.740247 0.489004 0.056918 0.042148
0 0.721261 0.390124 0.055421 0.035221
0 0.731102 0.418522 0.056146 0.038242
0 0.705605 0.309857 0.042817 0.034805
0 0.562146 0.716025 0.075317 0.056738
0 0.713561 0.340589 0.045638 0.034746
0 0.684865 0.239730 0.048741 0.035618
0 0.702298 0.284990 0.044909 0.034486