0 0.395740 0.630254 0.067582 0.047943
0 0.411048 0.579857 0.060707 0.047396
0 0.652958 0.784596 0.071515 0.051159
0 0.386094 0.779906 0.071050 0.057025
0 0.390836 0.731328 0.063954 0.051094
0 0.820423 0.741361 0.076185 0.051328
0 0.573064 0.787949 0.078290 0.053060
0 0.248273 0.631006 0.073872 0.047923
0 0.683661 0.969421 0.076445 0.053529
0 0.271265 0.534551 0.070117 0.047969
0 0.391458 0.681992 0.056406 0.049518
0 0.267057 0.581338 0.056363 0.045814
0 0.597737 0.968818 0.085794 0.056582
0 0.415200 0.509681 0.062405 0.043633
0 0.544277 0.482793 0.056949 0.043607
0 0.533902 0.376038 0.050451 0.040853
0 0.634384 0.635980 0.068177 0.049056
0 0.853051 0.843783 0.086580 0.054297
0 0.597548 0.902510 0.076146 0.060319
0 0.868843 0.900876 0.100742 0.063678
0 0.769497 0.558161 0.069436 0.047650
0 0.645449 0.728757 0.060152 0.046927
0 0.639121 0.681250 0.057565 0.051003
0 0.560992 0.598076 0.057713 0.045111
0 0.781228 0.602445 0.067439 0.050944
0 0.607374 0.470335 0.053403 0.044290
0 0.396658 0.854502 0.061606 0.056204
0 0.834941 0.788711 0.067999 0.050013
0 0.314507 0.841784 0.083893 0.055729
0 0.415545 0.466683 0.062261 0.050710
0 0.576352 0.836178 0.071541 0.058138
0 0.752324 0.485599 0.058598 0.041471
0 0.661940 0.845316 0.062457 0.056257
0 0.281636 0.493613 0.057595 0.046081
0 0.619605 0.553740 0.060260 0.047025
0 0.557578 0.554245 0.064019 0.043997
0 0.698181 0.264303 0.051389 0.037799
0 0.759720 0.519365 0.065951 0.045423
0 0.799779 0.691989 0.071250 0.052884
0 0.541380 0.445016 0.055651 0.043405
0 0.742964 0.453841 0.063108 0.039479
0 0.409863 0.378454 0.058390 0.042533
0 0.675812 0.907230 0.059392 0.052858
0 0.602305 0.405221 0.056719 0.039010
0 0.613344 0.512350 0.055482 0.045391
0 0.721890 0.369098 0.053668 0.033848
0 0.566886 0.675413 0.067374 0.051569
0 0.570193 0.730778 0.074492 0.054668
0 0.709577 0.314499 0.047530 0.031901
0 0.605399 0.436842 0.055330 0.040846
0 0.539722 0.415212 0.053941 0.035983
0 0.732502 0.421208 0.052678 0.040085
0 0.790339 0.645456 0.064583 0.050182
0 0.417528 0.409967 0.055490 0.037943
0 0.715406 0.341328 0.047878 0.036836
0 0.609755 0.349434 0.052895 0.038711
0 0.604505 0.376299 0.049644 0.038275
0 0.604412 0.297223 0.051445 0.039811
0 0.589996 0.225807 0.041719 0.031159
0 0.607224 0.323291 0.044918 0.033991
0 0.596688 0.247819 0.047830 0.032383
0 0.727611 0.392992 0.045256 0.034173
0 0.414631 0.434619 0.044766 0.037910
0 0.400660 0.977546 0.064974 0.044909
0 0.601877 0.269368 0.039562 0.032057