0 0.678134 0.963607 0.074852 0.054792
0 0.668292 0.894482 0.061176 0.050827
0 0.804141 0.677881 0.075903 0.048730
0 0.777342 0.581081 0.065968 0.042044
0 0.558785 0.729505 0.067656 0.048607
0 0.825011 0.782653 0.069058 0.051934
0 0.660601 0.829697 0.078572 0.058522
0 0.861510 0.972536 0.076207 0.049173
0 0.847648 0.905788 0.072622 0.051927
0 0.505046 0.895439 0.070022 0.055723
0 0.581682 0.972142 0.086697 0.051784
0 0.811875 0.733083 0.060833 0.048366
0 0.785267 0.620762 0.056089 0.044635
0 0.829258 0.839404 0.062882 0.046647
0 0.185629 0.972187 0.087795 0.055625
0 0.575766 0.218652 0.044102 0.035404
0 0.687856 0.256335 0.048212 0.041120
0 0.691545 0.291628 0.044800 0.037826