0 0.637495 0.689351 0.072634 0.048977
0 0.769162 0.563960 0.067380 0.044333
0 0.560627 0.679900 0.065034 0.054141
0 0.570594 0.786686 0.071511 0.051281
0 0.652544 0.787915 0.064285 0.051717
0 0.623914 0.602006 0.059330 0.046260
0 0.626931 0.643406 0.063312 0.048932
0 0.751309 0.488335 0.061198 0.039190
0 0.657664 0.844112 0.059422 0.049117
0 0.614254 0.556276 0.060288 0.045200
0 0.408325 0.683168 0.071301 0.052015
0 0.604536 0.417880 0.048496 0.041695
0 0.820211 0.793177 0.067953 0.051598
0 0.792765 0.684975 0.068326 0.041517
0 0.579964 0.841041 0.064627 0.049874
0 0.579939 0.902938 0.075087 0.051207
0 0.398170 0.851813 0.065104 0.055088
0 0.731161 0.392716 0.059187 0.038379
0 0.556819 0.629336 0.062668 0.048385
0 0.567682 0.728709 0.072820 0.050132
0 0.741428 0.457661 0.063017 0.038018
0 0.598576 0.451125 0.054917 0.040157
0 0.644114 0.733765 0.058798 0.051008
0 0.556001 0.583248 0.057636 0.052113
0 0.575772 0.972069 0.088546 0.049409
0 0.734823 0.425732 0.056195 0.038359
0 0.715769 0.317270 0.053853 0.039345
0 0.759169 0.520955 0.056550 0.041372
0 0.661828 0.914927 0.058739 0.048639
0 0.594168 0.359436 0.045371 0.043248
0 0.663176 0.978969 0.063071 0.037741
0 0.409438 0.597030 0.059261 0.043820
0 0.409856 0.634590 0.048411 0.048828
0 0.396501 0.920673 0.081798 0.062600
0 0.545489 0.517528 0.062600 0.045072
0 0.601830 0.489358 0.056757 0.041316
0 0.593066 0.391076 0.039229 0.032552
0 0.866837 0.975761 0.084302 0.045072
0 0.841797 0.911283 0.077624 0.056340
0 0.842632 0.847431 0.064269 0.051332
0 0.716179 0.357898 0.045072 0.036308
0 0.710754 0.291541 0.049245 0.031300
0 0.689470 0.253355 0.043403 0.037560