0 0.601629 0.251578 0.038771 0.035582
0 0.655920 0.821865 0.076269 0.056327
0 0.397922 0.378796 0.056695 0.044632
0 0.653360 0.739000 0.059851 0.048992
0 0.571378 0.819715 0.075931 0.056397
0 0.566774 0.633611 0.064155 0.042708
0 0.575985 0.735992 0.065697 0.048245
0 0.368831 0.742352 0.073516 0.054341
0 0.372678 0.810319 0.058754 0.048557
0 0.382691 0.551144 0.064270 0.046454
0 0.857383 0.920991 0.085867 0.052109
0 0.378314 0.592402 0.059674 0.044985
0 0.586791 0.951319 0.083752 0.057627
0 0.367975 0.684627 0.068422 0.054297
0 0.374420 0.634607 0.069334 0.047950
0 0.571240 0.888450 0.076542 0.059439
0 0.570584 0.679450 0.056032 0.049252
0 0.642357 0.686876 0.062738 0.048373
0 0.652110 0.882791 0.069732 0.052330
0 0.565522 0.584510 0.052584 0.041316
0 0.669020 0.967623 0.059261 0.053836
0 0.637720 0.643354 0.056757 0.043820
0 0.641476 0.598282 0.064269 0.046324
0 0.631043 0.555714 0.060096 0.041316
0 0.623948 0.518780 0.057592 0.045072
0 0.616019 0.482472 0.061765 0.040064
0 0.613932 0.446790 0.050915 0.033804
0 0.608090 0.410482 0.054253 0.041316
0 0.762503 0.521910 0.052584 0.038812
0 0.769598 0.561348 0.061765 0.045072
0 0.781701 0.602038 0.059261 0.043820
0 0.795055 0.647110 0.060931 0.048828
0 0.799646 0.695939 0.066774 0.048828
0 0.820930 0.743515 0.060931 0.048828
0 0.830529 0.796725 0.083467 0.055088
0 0.839710 0.857447 0.070112 0.053836