0 0.407006 0.502594 0.065575 0.046383
0 0.407326 0.437107 0.059168 0.034827
0 0.400233 0.374880 0.057376 0.044362
0 0.396501 0.672150 0.076790 0.053836
0 0.391076 0.727865 0.075955 0.050080
0 0.370209 0.843675 0.084302 0.056340
0 0.371044 0.906275 0.087640 0.066356
0 0.555923 0.436148 0.050080 0.035056
0 0.555505 0.468074 0.054253 0.036308
0 0.559679 0.503756 0.054253 0.045072
0 0.568026 0.546324 0.060931 0.050080
0 0.563852 0.588266 0.054253 0.043820
0 0.576790 0.675280 0.066774 0.050080
0 0.575955 0.722857 0.068443 0.052584
0 0.583467 0.781701 0.078459 0.060096
0 0.600160 0.906275 0.075120 0.058844
0 0.601830 0.973257 0.088475 0.050080
0 0.689887 0.978791 0.077624 0.041116
0 0.680288 0.918169 0.063435 0.047576
0 0.671524 0.850561 0.069278 0.057592
0 0.661091 0.789839 0.073451 0.056340
0 0.661926 0.735377 0.071782 0.050080
0 0.649406 0.676532 0.056757 0.047576
0 0.642728 0.632086 0.066774 0.046324
0 0.633547 0.588266 0.053419 0.036308
0 0.634799 0.551958 0.059261 0.043820
0 0.626870 0.508764 0.053419 0.042568
0 0.621862 0.469952 0.063435 0.037560
0 0.615184 0.436148 0.053419 0.040064
0 0.614767 0.404222 0.052584 0.036308
0 0.611428 0.372922 0.049245 0.038812
0 0.607255 0.342248 0.050915 0.035056
0 0.605586 0.317834 0.040899 0.033804
0 0.603916 0.253355 0.042568 0.040064
0 0.688635 0.247721 0.053419 0.038812
0 0.694895 0.280899 0.047576 0.035056
0 0.711589 0.324720 0.054253 0.035056
0 0.714093 0.352264 0.052584 0.035056
0 0.720770 0.382312 0.050915 0.037560
0 0.730369 0.409856 0.051749 0.037560
0 0.740385 0.443660 0.045072 0.040064
0 0.741637 0.476212 0.062600 0.045072
0 0.751653 0.515024 0.057592 0.042568
0 0.764590 0.553836 0.051749 0.047576
0 0.776693 0.597656 0.072616 0.047576
0 0.792134 0.645858 0.073451 0.048828
0 0.806741 0.690930 0.060931 0.053836
0 0.821765 0.739759 0.060931 0.048828
0 0.826773 0.794221 0.065939 0.055088
0 0.840545 0.846179 0.080128 0.061348
0 0.858073 0.912535 0.075120 0.058844
0 0.879774 0.970653 0.090144 0.057392