0 0.392159 0.783874 0.073242 0.053268
0 0.392552 0.849984 0.081398 0.056465
0 0.387361 0.919046 0.073490 0.058587
0 0.388223 0.667695 0.065985 0.049401
0 0.389377 0.718662 0.068329 0.052611
0 0.651599 0.786354 0.069701 0.052344
0 0.624874 0.627148 0.062231 0.045508
0 0.635475 0.674551 0.068242 0.051107
0 0.583752 0.845199 0.073016 0.060775
0 0.826749 0.786374 0.077118 0.053776
0 0.588843 0.909134 0.073928 0.059258
0 0.807930 0.675853 0.077040 0.052708
0 0.851055 0.904121 0.071936 0.059375
0 0.813379 0.729092 0.069266 0.049967
0 0.572635 0.783649 0.067465 0.053184
0 0.573255 0.726195 0.070069 0.052376
0 0.644533 0.723145 0.060117 0.048021
0 0.842639 0.843174 0.068160 0.056191
0 0.660623 0.846250 0.063989 0.054271
0 0.558811 0.676833 0.070295 0.049876
0 0.594609 0.974368 0.076432 0.048503
0 0.673108 0.970814 0.064427 0.053984
0 0.661291 0.907777 0.058711 0.051452
0 0.877760 0.973444 0.086823 0.051185
0 0.692457 0.280840 0.044531 0.039701