0 0.383189 0.843930 0.078374 0.061858
0 0.390639 0.909530 0.077820 0.062169
0 0.392631 0.785466 0.077852 0.052602
0 0.400140 0.389793 0.057827 0.047514
0 0.398885 0.555879 0.065343 0.046653
0 0.790537 0.638226 0.063290 0.048587
0 0.800018 0.691014 0.079383 0.048994
0 0.400616 0.733531 0.054445 0.049041
0 0.773709 0.596626 0.068567 0.048020
0 0.577162 0.787090 0.057683 0.053347
0 0.599027 0.975938 0.080725 0.040418
0 0.587054 0.849954 0.071284 0.056303
0 0.596915 0.211590 0.041323 0.034312
0 0.400432 0.633488 0.068927 0.049128
0 0.829924 0.793873 0.072990 0.051890
0 0.589256 0.915224 0.071674 0.059214
0 0.396457 0.593090 0.050168 0.040947
0 0.569459 0.727093 0.054725 0.051624
0 0.814670 0.742889 0.056757 0.052584
0 0.392787 0.684822 0.070862 0.049131
0 0.700496 0.314512 0.049729 0.034673
0 0.395360 0.434568 0.044017 0.039409
0 0.397699 0.473883 0.061534 0.037696
0 0.746843 0.470700 0.067211 0.044063
0 0.604636 0.310541 0.037949 0.036249
0 0.558976 0.677330 0.057327 0.045980
0 0.696733 0.266411 0.051701 0.037282
0 0.771326 0.549330 0.069035 0.048614
0 0.848093 0.847610 0.065032 0.049187
0 0.396120 0.511316 0.065617 0.042248
0 0.396719 0.511377 0.066304 0.042292
0 0.587824 0.382694 0.053051 0.038325
0 0.754999 0.507735 0.065923 0.040510
0 0.540003 0.549405 0.053541 0.041413
0 0.552551 0.633408 0.066840 0.043680
0 0.671577 0.915906 0.067502 0.052101
0 0.857377 0.910216 0.070638 0.052167
0 0.687383 0.978791 0.080963 0.041116
0 0.664847 0.857447 0.072616 0.058844
0 0.649406 0.797977 0.060096 0.050080
0 0.636468 0.744141 0.057592 0.052584
0 0.631043 0.692808 0.063435 0.047576
0 0.626452 0.643980 0.067608 0.050080
0 0.542985 0.590770 0.065939 0.043820
0 0.615602 0.598908 0.059261 0.045072
0 0.611428 0.561348 0.062600 0.045072
0 0.610176 0.521284 0.058427 0.040064
0 0.544655 0.511268 0.060931 0.045072
0 0.537560 0.474334 0.050080 0.038812
0 0.538395 0.439278 0.055088 0.038812
0 0.604751 0.483724 0.055923 0.042568
0 0.598491 0.443660 0.045072 0.042568
0 0.606838 0.417994 0.056757 0.038812
0 0.603499 0.357272 0.040064 0.037560
0 0.697817 0.289663 0.050080 0.030048
0 0.688635 0.237079 0.043403 0.027544
0 0.721187 0.364784 0.058427 0.040064
0 0.726195 0.399840 0.061765 0.035056
0 0.729534 0.431140 0.053419 0.042568
0 0.878940 0.974509 0.075120 0.047576