0 0.649813 0.776523 0.074740 0.055586
0 0.577697 0.831514 0.071254 0.052988
0 0.371740 0.769993 0.076745 0.060000
0 0.765276 0.545127 0.064692 0.043796
0 0.364147 0.829648 0.075855 0.060833
0 0.570616 0.772318 0.075269 0.053177
0 0.642307 0.671299 0.072947 0.052728
0 0.781332 0.587142 0.072908 0.048503
0 0.648928 0.722747 0.064653 0.051875
0 0.789798 0.633379 0.073650 0.050378
0 0.633568 0.574160 0.061927 0.045104
0 0.835028 0.830824 0.071567 0.052168
0 0.236161 0.698822 0.062374 0.049297
0 0.568138 0.620658 0.060017 0.045534
0 0.402717 0.386341 0.057483 0.044531
0 0.657318 0.834561 0.063255 0.052142
0 0.381858 0.712025 0.078837 0.053307
0 0.755432 0.506195 0.059570 0.043952
0 0.567038 0.667633 0.070985 0.049837
0 0.589013 0.895016 0.089848 0.066556
0 0.573765 0.718001 0.066367 0.053138
0 0.812092 0.774814 0.061128 0.046921
0 0.578082 0.972451 0.086771 0.050618
0 0.793898 0.679886 0.068472 0.049759
0 0.733036 0.433727 0.062582 0.044889
0 0.874852 0.966423 0.090894 0.060918
0 0.585017 0.284473 0.047925 0.036510
0 0.809794 0.725693 0.063763 0.051582
0 0.850731 0.900492 0.070595 0.054837
0 0.743305 0.469967 0.049128 0.044089
0 0.663735 0.894762 0.060742 0.051842
0 0.635870 0.617497 0.068398 0.050514
0 0.365768 0.910876 0.075000 0.057207
0 0.355095 0.975081 0.083915 0.047038
0 0.377689 0.577415 0.052357 0.047526
0 0.548872 0.428167 0.043854 0.044004
0 0.671766 0.968558 0.084670 0.059772
0 0.721398 0.402236 0.053212 0.037415
0 0.616521 0.493519 0.054996 0.048887
0 0.608427 0.457936 0.057365 0.041198
0 0.703989 0.343779 0.051806 0.034173
0 0.560870 0.570182 0.054996 0.043672
0 0.553698 0.499922 0.055938 0.040573
0 0.715651 0.368509 0.054844 0.041003
0 0.558329 0.535378 0.058984 0.040169
0 0.606337 0.425853 0.052543 0.038008
0 0.598631 0.363913 0.051619 0.040859
0 0.604657 0.395863 0.045113 0.037064
0 0.701688 0.318512 0.052604 0.032259
0 0.689164 0.263857 0.050169 0.033913
0 0.691300 0.292812 0.044266 0.035964
0 0.686868 0.240264 0.038789 0.026921