0 0.599607 0.452109 0.053001 0.048674
0 0.743360 0.473748 0.059028 0.039517
0 0.385981 0.662788 0.070857 0.053005
0 0.599819 0.291684 0.041134 0.034062
0 0.540058 0.487470 0.055106 0.043364
0 0.736618 0.439138 0.056853 0.040472
0 0.381945 0.570112 0.052483 0.053836
0 0.613415 0.567373 0.062305 0.046933
0 0.369517 0.716869 0.069486 0.053358
0 0.582012 0.207726 0.034053 0.033538
0 0.770242 0.541329 0.067510 0.044858
0 0.612957 0.526907 0.059596 0.043541
0 0.757328 0.506704 0.057786 0.038768
0 0.364564 0.768430 0.061342 0.054931
0 0.688094 0.267014 0.047329 0.028569
0 0.592667 0.415866 0.059843 0.041359
0 0.620332 0.610171 0.064019 0.047583
0 0.630693 0.701943 0.061714 0.046118
0 0.630553 0.654384 0.048809 0.037996
0 0.362627 0.833960 0.077029 0.053762
0 0.732038 0.407978 0.051749 0.037560
0 0.717872 0.352930 0.053116 0.040912
0 0.358472 0.902854 0.069148 0.053627
0 0.381410 0.489385 0.058560 0.042515
0 0.693307 0.292841 0.046389 0.035374
0 0.554438 0.641443 0.064025 0.044783
0 0.587372 0.386040 0.047110 0.038113
0 0.707092 0.319161 0.043403 0.038848
0 0.547868 0.593442 0.064684 0.050208
0 0.389824 0.425506 0.046741 0.040064
0 0.388572 0.458058 0.060931 0.045072
0 0.384398 0.535682 0.064269 0.045072
0 0.561765 0.755409 0.071782 0.051332
0 0.567191 0.805489 0.070947 0.056340
0 0.578876 0.862455 0.064269 0.057592
0 0.589310 0.926933 0.065104 0.058844
0 0.543403 0.557592 0.051749 0.041316
0 0.665264 0.916917 0.061765 0.053836
0 0.650658 0.863707 0.067608 0.055088
0 0.638972 0.755409 0.060931 0.058844
0 0.687800 0.246469 0.046741 0.030048
0 0.820095 0.724735 0.064269 0.047576
0 0.841797 0.773563 0.062600 0.047576
0 0.850144 0.825521 0.085971 0.056340
0 0.876018 0.948217 0.079294 0.053836