0 0.391055 0.682624 0.071215 0.052930
0 0.395573 0.798496 0.077535 0.055495
0 0.399592 0.742861 0.064358 0.050345
0 0.790059 0.634316 0.074397 0.047474
0 0.393893 0.855732 0.062760 0.054186
0 0.830940 0.841198 0.071680 0.051888
0 0.652498 0.669027 0.070308 0.050788
0 0.588058 0.881357 0.075204 0.055710
0 0.690660 0.951803 0.075234 0.053359
0 0.815623 0.733180 0.076332 0.049642
0 0.670286 0.886211 0.061042 0.052057
0 0.654661 0.769404 0.071302 0.054993
0 0.655356 0.718802 0.072066 0.052826
0 0.666610 0.829268 0.068950 0.054993
0 0.825189 0.780573 0.068806 0.047943
0 0.873557 0.958783 0.092261 0.061289
0 0.574987 0.751162 0.064184 0.050762
0 0.803752 0.685352 0.068546 0.050521
0 0.577632 0.699808 0.066801 0.050345
0 0.579894 0.813815 0.077617 0.055729
0 0.638772 0.584180 0.055608 0.042253
0 0.766973 0.549066 0.062609 0.042702
0 0.601128 0.950133 0.062135 0.055319
0 0.698281 0.288151 0.043168 0.040977
0 0.643785 0.623001 0.056155 0.046419
0 0.776990 0.586195 0.056966 0.045905