0 0.758918 0.512636 0.062896 0.042167
0 0.790749 0.643227 0.070018 0.051092
0 0.774518 0.600449 0.065880 0.050745
0 0.623783 0.646842 0.063887 0.048775
0 0.536310 0.504238 0.053184 0.040888
0 0.746253 0.477419 0.060045 0.039974
0 0.537556 0.549037 0.060037 0.036949
0 0.811868 0.748578 0.068001 0.057833
0 0.612046 0.599671 0.059694 0.046417
0 0.631139 0.705307 0.065510 0.046124
0 0.605315 0.523210 0.055288 0.035332
0 0.550872 0.689830 0.074181 0.055063
0 0.611353 0.559993 0.050868 0.036515
0 0.655151 0.810391 0.078565 0.051727
0 0.401167 0.727297 0.079981 0.052093
0 0.551457 0.630938 0.061256 0.044932
0 0.407650 0.785403 0.079186 0.051150
0 0.402515 0.627437 0.049226 0.040665
0 0.594843 0.482945 0.042377 0.040766
0 0.659928 0.873730 0.061178 0.049331
0 0.586970 0.455195 0.051628 0.037868
0 0.547658 0.590290 0.061049 0.038239
0 0.640953 0.758087 0.064896 0.046480
0 0.584817 0.867341 0.080832 0.055886
0 0.585877 0.390384 0.048599 0.041448
0 0.825745 0.811025 0.073347 0.047387
0 0.573155 0.810276 0.080510 0.054510
0 0.586750 0.927386 0.062187 0.055206
0 0.716150 0.318460 0.035114 0.032552
0 0.772937 0.559470 0.066774 0.046324
0 0.664136 0.937645 0.072504 0.055145
0 0.585517 0.362969 0.047032 0.032633
0 0.401926 0.674654 0.069278 0.046324
0 0.406934 0.854317 0.072616 0.057592
0 0.405682 0.928185 0.078459 0.065104
0 0.565939 0.762295 0.066774 0.043820
0 0.586806 0.426758 0.050080 0.038812
0 0.838876 0.879357 0.073451 0.055088
0 0.869758 0.950721 0.091814 0.057592