0 0.826502 0.783903 0.077396 0.049681
0 0.392932 0.848910 0.081306 0.054772
0 0.392018 0.783372 0.074045 0.053581
0 0.396406 0.720934 0.068611 0.051816
0 0.876680 0.972126 0.086224 0.050384
0 0.850412 0.900928 0.072161 0.055332
0 0.257504 0.585094 0.034332 0.066908
0 0.404848 0.385238 0.059323 0.043861
0 0.392174 0.618789 0.065694 0.048802
0 0.767014 0.544561 0.059957 0.042572
0 0.624681 0.625817 0.062687 0.047285
0 0.548477 0.576755 0.061684 0.044590
0 0.621053 0.581380 0.067747 0.047083
0 0.840911 0.838643 0.070964 0.054043
0 0.634683 0.672480 0.069019 0.049805
0 0.788483 0.635117 0.069727 0.046224
0 0.572778 0.781299 0.068359 0.051855
0 0.812537 0.725387 0.070430 0.047871
0 0.651070 0.785072 0.070030 0.052201
0 0.779119 0.586139 0.071068 0.045755
0 0.594249 0.973076 0.076137 0.050736
0 0.588012 0.906715 0.075451 0.057168
0 0.801758 0.680859 0.076979 0.053060
0 0.546324 0.534593 0.054158 0.042975
0 0.643763 0.721595 0.060269 0.047878
0 0.583900 0.842432 0.074449 0.057298
0 0.573477 0.723727 0.071033 0.052832
0 0.553624 0.622441 0.059141 0.049323
0 0.393409 0.571123 0.061853 0.047637
0 0.403446 0.424141 0.051658 0.040052
0 0.753806 0.502533 0.060200 0.041940
0 0.396243 0.493317 0.062921 0.044199
0 0.659737 0.842816 0.064813 0.052871
0 0.602632 0.432301 0.055187 0.040970
0 0.588286 0.370322 0.051979 0.038444
0 0.741723 0.458711 0.066510 0.047812
0 0.610903 0.501104 0.055182 0.044720
0 0.544212 0.488138 0.063225 0.048763
0 0.537411 0.451986 0.055560 0.042852
0 0.617192 0.540195 0.059123 0.043997
0 0.594182 0.401976 0.055907 0.038197
0 0.718103 0.389206 0.058420 0.041719
0 0.402789 0.459043 0.045786 0.037708
0 0.587372 0.240645 0.045412 0.031042
0 0.672294 0.971237 0.063164 0.055273
0 0.392496 0.529733 0.066884 0.048685
0 0.702075 0.305596 0.042639 0.034967
0 0.661042 0.906406 0.058316 0.052018
0 0.527368 0.386842 0.042487 0.034375
0 0.600191 0.342458 0.052656 0.038444
0 0.601335 0.314893 0.051827 0.039277
0 0.536669 0.416914 0.045490 0.037826
0 0.608952 0.467503 0.045838 0.038327
0 0.709564 0.360352 0.049023 0.034857
0 0.708657 0.333727 0.050308 0.034759
0 0.692980 0.278314 0.043806 0.035820
0 0.729043 0.425055 0.047721 0.037012
0 0.682769 0.251738 0.039141 0.031680
0 0.600651 0.287868 0.049436 0.038730
0 0.681072 0.226387 0.038898 0.031237
0 0.589091 0.262578 0.046211 0.031341