0 0.309468 0.609701 0.072617 0.048242
0 0.210558 0.826585 0.093485 0.063652
0 0.194388 0.898063 0.094063 0.057480
0 0.381534 0.768887 0.077218 0.060286
0 0.776181 0.579124 0.069887 0.045944
0 0.640460 0.723965 0.074931 0.056055
0 0.388670 0.901266 0.076220 0.058444
0 0.660332 0.827132 0.078676 0.059876
0 0.631858 0.616383 0.063663 0.050827
0 0.859314 0.972018 0.079601 0.051068
0 0.224434 0.721654 0.068815 0.050286
0 0.667027 0.892568 0.063628 0.052337
0 0.846534 0.904548 0.073563 0.054238
0 0.641851 0.675618 0.073034 0.050208
0 0.580380 0.970791 0.090803 0.054421
0 0.651853 0.778438 0.057483 0.044974
0 0.399054 0.414792 0.053290 0.039388
0 0.762862 0.538805 0.062635 0.047155
0 0.733088 0.435085 0.057982 0.046328
0 0.382018 0.623057 0.064045 0.048652
0 0.678906 0.962826 0.082873 0.058229
0 0.379264 0.575534 0.073086 0.056016
0 0.379972 0.713242 0.076315 0.060443
0 0.532329 0.400322 0.051480 0.041517
0 0.381793 0.533926 0.065234 0.043711
0 0.213598 0.768711 0.065286 0.053333
0 0.393481 0.450856 0.048403 0.042324
0 0.557795 0.726745 0.068342 0.050508
0 0.386821 0.837624 0.069440 0.052565
0 0.803596 0.675833 0.078069 0.052474
0 0.574599 0.774193 0.077773 0.055352
0 0.552789 0.582790 0.051836 0.044486
0 0.558500 0.678451 0.070074 0.051042
0 0.754306 0.500775 0.055130 0.046211
0 0.387930 0.488213 0.048724 0.044720
0 0.574115 0.830173 0.081068 0.059954
0 0.541947 0.541042 0.066237 0.049570
0 0.828394 0.839697 0.066849 0.051465
0 0.812906 0.732458 0.061055 0.053249
0 0.577491 0.899010 0.073325 0.058086
0 0.722810 0.400091 0.055516 0.041263
0 0.539718 0.500296 0.059115 0.044251
0 0.610102 0.534274 0.060412 0.046296
0 0.380974 0.665221 0.062452 0.049036
0 0.621621 0.571208 0.054952 0.048392
0 0.549644 0.625104 0.066016 0.054740
0 0.785065 0.621156 0.058759 0.048952
0 0.607183 0.496188 0.056094 0.045072
0 0.702266 0.315833 0.047153 0.036263
0 0.825234 0.779395 0.068290 0.054870
0 0.602630 0.431787 0.054470 0.039030
0 0.537177 0.468171 0.050039 0.040117
0 0.709401 0.344707 0.054653 0.035000
0 0.535825 0.434154 0.052118 0.041680
0 0.712971 0.371305 0.052374 0.035632
0 0.581691 0.235505 0.047374 0.032194
0 0.671997 0.214906 0.049835 0.038483
0 0.601810 0.400446 0.053533 0.039564
0 0.691842 0.288535 0.044605 0.033945
0 0.594629 0.335420 0.054362 0.040931
0 0.590093 0.358102 0.042782 0.044746
0 0.586491 0.260280 0.048016 0.038021
0 0.608014 0.462793 0.050812 0.040703
0 0.686654 0.266253 0.051189 0.030592
0 0.586955 0.285120 0.048598 0.035931
0 0.590206 0.308910 0.050065 0.035553
0 0.678496 0.239115 0.040195 0.034401