0 0.397198 0.670608 0.075188 0.055094
0 0.382230 0.780954 0.066988 0.051415
0 0.601646 0.250879 0.038558 0.034877
0 0.661709 0.791439 0.070546 0.055643
0 0.611081 0.369420 0.053425 0.036433
0 0.752882 0.510730 0.059050 0.040096
0 0.389161 0.725967 0.070476 0.047627
0 0.740887 0.473480 0.060956 0.040952
0 0.598529 0.904429 0.073776 0.054486
0 0.764037 0.549882 0.050853 0.042772
0 0.660260 0.732510 0.072246 0.048419
0 0.720268 0.380446 0.051906 0.040082
0 0.792952 0.644911 0.070833 0.044437
0 0.582125 0.778310 0.074950 0.052924
0 0.603136 0.312844 0.040443 0.030087
0 0.672398 0.850135 0.067531 0.058445
0 0.692512 0.277651 0.048181 0.030264
0 0.712339 0.326690 0.055754 0.038627
0 0.838721 0.845501 0.081021 0.054976
0 0.689596 0.248869 0.050773 0.038058
0 0.607227 0.340576 0.050341 0.038871
0 0.404119 0.465119 0.059884 0.047926
0 0.632230 0.543814 0.060852 0.050813
0 0.879664 0.969196 0.091523 0.056145
0 0.371661 0.838570 0.078920 0.058350
0 0.820004 0.738548 0.060012 0.047684
0 0.729740 0.407153 0.053433 0.038990
0 0.641435 0.626957 0.066328 0.048070
0 0.400823 0.374886 0.058376 0.046344
0 0.804781 0.690784 0.064806 0.046868
0 0.406323 0.502912 0.064233 0.046543
0 0.576409 0.719832 0.067253 0.049263
0 0.650352 0.672925 0.059873 0.047279
0 0.855455 0.909343 0.073571 0.051896
0 0.615009 0.433141 0.050432 0.043574
0 0.825219 0.793355 0.069378 0.048760
0 0.405266 0.432566 0.054251 0.034707
0 0.738685 0.441125 0.048472 0.037622
0 0.599813 0.973908 0.083304 0.046394
0 0.678793 0.913950 0.058918 0.046323
0 0.626611 0.506771 0.055606 0.044051
0 0.374800 0.906901 0.083467 0.062600
0 0.577624 0.673402 0.066774 0.043820
0 0.568026 0.627704 0.050915 0.042568
0 0.555505 0.436774 0.054253 0.033804
0 0.555923 0.468074 0.053419 0.038812
0 0.561348 0.505634 0.057592 0.038812
0 0.568860 0.546950 0.059261 0.046324
0 0.563017 0.587014 0.050915 0.043820
0 0.687800 0.976287 0.075120 0.046124
0 0.619775 0.469952 0.060931 0.045072
0 0.714093 0.352890 0.054253 0.036308