0 0.563211 0.743107 0.075268 0.052949
0 0.375019 0.722139 0.074165 0.052066
0 0.574896 0.853395 0.074438 0.056917
0 0.568359 0.795209 0.067608 0.055571
0 0.831958 0.845625 0.082278 0.055233
0 0.385155 0.672804 0.071957 0.049063
0 0.766318 0.563361 0.066242 0.041543
0 0.643127 0.733990 0.067646 0.052315
0 0.864322 0.968721 0.092669 0.056031
0 0.773962 0.603584 0.069907 0.053255
0 0.638633 0.682863 0.058272 0.047436
0 0.813318 0.745292 0.077825 0.052383
0 0.385546 0.624115 0.067030 0.047540
0 0.794634 0.646192 0.063020 0.049209
0 0.619509 0.593116 0.062086 0.044623
0 0.626784 0.636044 0.065167 0.051314
0 0.653345 0.789839 0.078928 0.058844
0 0.669919 0.907881 0.059857 0.058800
0 0.831371 0.795473 0.065088 0.050080
0 0.680604 0.971119 0.076770 0.052028
0 0.546064 0.591231 0.055723 0.048185
0 0.387103 0.582947 0.050168 0.041042
0 0.793593 0.694887 0.083888 0.051732
0 0.368126 0.853041 0.063464 0.053348
0 0.760137 0.524739 0.061663 0.040931
0 0.551907 0.631625 0.058256 0.047425
0 0.605682 0.513176 0.056883 0.044598
0 0.612590 0.551384 0.053844 0.043537
0 0.657064 0.852971 0.058323 0.059462
0 0.585654 0.910921 0.070656 0.062895
0 0.545126 0.554255 0.061429 0.041383
0 0.563973 0.685537 0.068945 0.050261
0 0.383453 0.545018 0.047121 0.040920
0 0.607304 0.475846 0.052215 0.045859
0 0.741675 0.457009 0.063760 0.041508
0 0.852192 0.906146 0.075197 0.059102
0 0.750474 0.490253 0.057059 0.036556
0 0.734934 0.422019 0.056827 0.037166
0 0.540688 0.515370 0.049153 0.041369
0 0.602519 0.443423 0.045926 0.032500
0 0.600329 0.414682 0.049620 0.035803
0 0.727095 0.393333 0.050210 0.038053
0 0.363114 0.786083 0.078459 0.056340
0 0.591396 0.973783 0.067608 0.051132