0 0.831367 0.791795 0.073917 0.050332
0 0.778524 0.589935 0.073993 0.052445
0 0.802804 0.682991 0.073090 0.047179
0 0.525613 0.402545 0.053864 0.037762
0 0.769604 0.546443 0.071629 0.047287
0 0.591858 0.412424 0.058447 0.040147
0 0.399551 0.555223 0.068068 0.047516
0 0.383641 0.843901 0.082005 0.058416
0 0.398550 0.632534 0.068038 0.048225
0 0.788574 0.637620 0.064594 0.056774
0 0.399959 0.786478 0.060490 0.052211
0 0.603551 0.307905 0.037422 0.037856
0 0.594543 0.220759 0.044457 0.034970
0 0.755565 0.507255 0.065795 0.045105
0 0.543582 0.587041 0.067497 0.045425
0 0.630068 0.688376 0.066250 0.047266
0 0.609263 0.516400 0.058545 0.041423
0 0.603953 0.478343 0.056931 0.038426
0 0.626581 0.640727 0.065001 0.045782
0 0.395833 0.509645 0.064573 0.043258
0 0.648888 0.792617 0.063642 0.048637
0 0.397474 0.474059 0.061035 0.037296
0 0.537521 0.436347 0.051827 0.040463
0 0.816757 0.737881 0.055923 0.057592
0 0.637196 0.736618 0.060126 0.046329
0 0.611395 0.555807 0.058384 0.042324
0 0.405839 0.390438 0.049059 0.044589
0 0.391912 0.680119 0.067293 0.049079
0 0.675725 0.209453 0.046987 0.031553
0 0.616128 0.594950 0.059617 0.044156
0 0.395431 0.435860 0.044089 0.040202
0 0.391053 0.909349 0.077161 0.059652
0 0.847353 0.841356 0.063001 0.053334
0 0.557688 0.677255 0.058618 0.051140
0 0.601701 0.354505 0.041866 0.028727
0 0.727004 0.394489 0.045860 0.035415
0 0.665439 0.852521 0.076661 0.055863
0 0.696241 0.264238 0.050267 0.033323
0 0.700081 0.312745 0.052229 0.033642
0 0.554253 0.632086 0.060096 0.048828
0 0.589727 0.913787 0.072616 0.061348
0 0.594735 0.977539 0.084302 0.043620
0 0.587223 0.849935 0.065939 0.056340
0 0.578876 0.783579 0.059261 0.058844
0 0.544237 0.509390 0.061765 0.048828
0 0.539647 0.473708 0.052584 0.040064
0 0.671524 0.915039 0.064269 0.056340
0 0.691139 0.976913 0.081798 0.044872
0 0.589727 0.379808 0.054253 0.045072
0 0.696565 0.284029 0.050915 0.033804
0 0.732038 0.428636 0.055088 0.042568
0 0.747062 0.469326 0.060096 0.041316
0 0.858073 0.909405 0.071782 0.052584
0 0.879774 0.973157 0.076790 0.052384