0 0.781224 0.633102 0.073620 0.051712
0 0.556769 0.727868 0.076020 0.053275
0 0.563257 0.780944 0.085812 0.062943
0 0.401176 0.630055 0.068377 0.055085
0 0.388207 0.780941 0.070660 0.052689
0 0.854729 0.964535 0.091940 0.060150
0 0.573535 0.840723 0.073650 0.056250
0 0.691059 0.968001 0.076285 0.056146
0 0.625128 0.632604 0.068381 0.050221
0 0.650898 0.835964 0.064931 0.056354
0 0.581105 0.961253 0.081471 0.061868
0 0.580267 0.900182 0.076211 0.060964
0 0.543283 0.507347 0.061931 0.042428
0 0.392504 0.844880 0.082005 0.058079
0 0.395894 0.677793 0.070217 0.053568
0 0.824720 0.779993 0.077244 0.052578
0 0.647253 0.780104 0.057448 0.050807
0 0.663379 0.898171 0.058598 0.046471
0 0.403776 0.584072 0.068724 0.046257
0 0.738689 0.446120 0.058516 0.041458
0 0.543464 0.629993 0.057925 0.046901
0 0.797856 0.680459 0.075174 0.053613
0 0.746157 0.480296 0.059952 0.039355
0 0.540265 0.583451 0.048802 0.044362
0 0.616280 0.475885 0.057752 0.042044
0 0.836699 0.835641 0.074110 0.055853
0 0.386888 0.729010 0.059019 0.052539
0 0.614162 0.509639 0.057274 0.044889
0 0.641261 0.726478 0.062070 0.048737
0 0.601927 0.442568 0.057405 0.041165
0 0.754429 0.512910 0.062079 0.045378
0 0.617159 0.545710 0.053008 0.046146
0 0.624154 0.586963 0.066944 0.050488
0 0.848405 0.895742 0.073806 0.055951
0 0.766921 0.587962 0.067122 0.048346
0 0.558437 0.677103 0.070278 0.051302
0 0.634507 0.677425 0.061020 0.049069
0 0.804208 0.727301 0.072687 0.051465
0 0.699907 0.308978 0.046914 0.040169
0 0.542895 0.543350 0.056389 0.043092
0 0.391139 0.908040 0.066341 0.052578
0 0.397928 0.541348 0.066775 0.048281
0 0.757370 0.551025 0.061580 0.042467
0 0.404036 0.501800 0.061944 0.045241
0 0.543550 0.475905 0.056675 0.038151
0 0.596602 0.381468 0.043646 0.041465
0 0.593372 0.326400 0.042196 0.038216
0 0.595332 0.353678 0.041740 0.037487