0 0.387162 0.731979 0.080725 0.062200
0 0.383827 0.679990 0.071479 0.051880
0 0.640588 0.733880 0.070738 0.055864
0 0.386936 0.632531 0.066219 0.051831
0 0.650061 0.787520 0.079846 0.064465
0 0.810120 0.743703 0.078044 0.052635
0 0.820380 0.792649 0.073565 0.056049
0 0.568868 0.785700 0.061849 0.059287
0 0.658854 0.847702 0.068655 0.054743
0 0.573316 0.846490 0.073458 0.062579
0 0.633919 0.686573 0.062257 0.048663
0 0.565277 0.733566 0.069735 0.050013
0 0.389581 0.784647 0.056426 0.048120
0 0.558143 0.637569 0.067568 0.053478
0 0.550753 0.554620 0.061613 0.050088
0 0.396309 0.548692 0.066829 0.048500
0 0.548814 0.516312 0.059732 0.043877
0 0.748532 0.491567 0.064211 0.042364
0 0.403387 0.475761 0.058715 0.041763
0 0.621189 0.556175 0.066362 0.052790
0 0.753773 0.527851 0.061525 0.040186
0 0.779877 0.600298 0.068296 0.049101
0 0.632759 0.642525 0.058643 0.050663
0 0.557675 0.684238 0.053460 0.050993
0 0.554483 0.592543 0.047931 0.045646
0 0.789465 0.647580 0.071618 0.050704
0 0.398212 0.509926 0.047396 0.040441
0 0.741446 0.453430 0.058593 0.040823
0 0.734542 0.423002 0.055088 0.036308
0 0.798205 0.694578 0.069333 0.053185
0 0.764421 0.561656 0.067141 0.045421
0 0.666838 0.911420 0.061227 0.053621
0 0.834050 0.843203 0.067367 0.049798
0 0.727066 0.395995 0.058324 0.036699
0 0.396999 0.583728 0.056410 0.053075
0 0.549630 0.414101 0.054754 0.037886
0 0.602306 0.382835 0.046917 0.038721
0 0.408176 0.373918 0.046341 0.040025
0 0.605509 0.416264 0.052460 0.039789
0 0.541380 0.380687 0.042600 0.038714
0 0.533022 0.351572 0.041332 0.035903
0 0.613455 0.514808 0.054572 0.041768
0 0.612733 0.450286 0.056194 0.042272
0 0.580940 0.184842 0.045026 0.036866
0 0.584868 0.973586 0.088329 0.047951
0 0.712349 0.339831 0.056005 0.037441
0 0.580540 0.905563 0.070285 0.054268
0 0.612079 0.485418 0.052916 0.039779
0 0.872141 0.976221 0.088022 0.042659
0 0.589844 0.244116 0.044763 0.033010
0 0.593657 0.259398 0.041386 0.027978
0 0.719929 0.365966 0.049258 0.032691
0 0.406227 0.407439 0.041701 0.042145
0 0.599482 0.309204 0.049768 0.034073
0 0.599972 0.357484 0.050622 0.040191
0 0.854374 0.912715 0.070833 0.051693
0 0.595570 0.332858 0.054253 0.031300
0 0.392328 0.918795 0.083467 0.056340
0 0.587185 0.220090 0.044161 0.028971
0 0.389475 0.849343 0.080826 0.052653
0 0.577248 0.159327 0.047494 0.029792
0 0.396084 0.436148 0.045907 0.035056
0 0.416116 0.341622 0.042568 0.031300
0 0.674863 0.983799 0.069278 0.031100
0 0.631878 0.602038 0.061765 0.046324
0 0.597656 0.286533 0.046741 0.028796
0 0.573451 0.143805 0.043403 0.021284
0 0.707833 0.317208 0.050080 0.025040
0 0.701155 0.298427 0.053419 0.025040
0 0.691556 0.272135 0.050915 0.030048
0 0.691139 0.247721 0.040064 0.026292
0 0.687800 0.228941 0.045072 0.023788
0 0.676115 0.208283 0.048411 0.025040
0 0.674028 0.186999 0.045907 0.025040
0 0.672359 0.163211 0.047576 0.027544