0 0.601665 0.489104 0.053667 0.045951
0 0.364689 0.770130 0.060517 0.053898
0 0.381634 0.620207 0.059783 0.048799
0 0.387506 0.457720 0.058055 0.041893
0 0.369403 0.718740 0.069828 0.051547
0 0.614622 0.567930 0.064524 0.044501
0 0.382066 0.570019 0.053910 0.046138
0 0.599914 0.453528 0.054232 0.045046
0 0.582609 0.209641 0.034540 0.032925
0 0.688191 0.248761 0.046286 0.031337
0 0.737358 0.440224 0.055925 0.039423
0 0.593083 0.416220 0.059875 0.044693
0 0.620286 0.611429 0.061862 0.047592
0 0.362334 0.835289 0.077552 0.052260
0 0.630718 0.657090 0.048810 0.040918
0 0.597873 0.292379 0.039630 0.036732
0 0.631290 0.704557 0.062385 0.048060
0 0.716763 0.355118 0.050942 0.039415
0 0.770655 0.544087 0.066494 0.044861
0 0.732038 0.408604 0.058427 0.038812
0 0.708494 0.321449 0.041661 0.034926
0 0.547481 0.597621 0.065690 0.047543
0 0.805711 0.665909 0.077566 0.051835
0 0.386346 0.670325 0.070482 0.050568
0 0.757999 0.507977 0.056470 0.033321
0 0.637861 0.754600 0.059077 0.049370
0 0.554587 0.643344 0.063937 0.045749
0 0.588118 0.388701 0.047455 0.041057
0 0.393162 0.428010 0.046741 0.040064
0 0.386485 0.535056 0.066774 0.046324
0 0.560513 0.751653 0.074286 0.053836
0 0.565522 0.806741 0.067608 0.053836
0 0.575955 0.864959 0.063435 0.060096
0 0.589310 0.930063 0.066774 0.057592
0 0.544237 0.560722 0.053419 0.040064
0 0.653996 0.864959 0.065939 0.057592
0 0.664012 0.916917 0.060931 0.053836
0 0.596822 0.267753 0.041733 0.032552
0 0.877688 0.952599 0.080963 0.065104
0 0.838458 0.884991 0.075955 0.057592
0 0.848892 0.828651 0.085136 0.050080
0 0.841797 0.776693 0.064269 0.048828
0 0.819261 0.724735 0.067608 0.045072