0 0.767068 0.580787 0.069496 0.043773
0 0.398525 0.693195 0.068630 0.053963
0 0.681758 0.238100 0.045010 0.031773
0 0.753911 0.535867 0.053308 0.043438
0 0.878408 0.949206 0.090351 0.055748
0 0.726520 0.404021 0.057081 0.041388
0 0.781380 0.621510 0.061485 0.048771
0 0.734745 0.432269 0.047230 0.038738
0 0.538459 0.426073 0.048290 0.039373
0 0.706444 0.309932 0.049992 0.039727
0 0.691410 0.262880 0.051674 0.032828
0 0.717276 0.372152 0.050604 0.037847
0 0.410601 0.808714 0.077511 0.052064
0 0.824019 0.766807 0.076530 0.049214
0 0.816329 0.719480 0.074557 0.047893
0 0.793804 0.667411 0.056682 0.044715
0 0.653688 0.826064 0.062739 0.048228
0 0.391050 0.440850 0.043366 0.036001
0 0.392487 0.632735 0.063378 0.054338
0 0.392932 0.555450 0.064881 0.044010
0 0.588812 0.364723 0.054104 0.045798
0 0.714655 0.342339 0.055478 0.037583
0 0.601233 0.308566 0.050138 0.033998
0 0.850761 0.877946 0.071901 0.048971
0 0.599629 0.427566 0.046135 0.042205
0 0.391189 0.589174 0.053810 0.042893
0 0.403410 0.749301 0.064587 0.052614
0 0.605450 0.337343 0.046762 0.037649
0 0.833245 0.821720 0.070008 0.050960
0 0.390049 0.504377 0.063773 0.049002
0 0.537593 0.492661 0.051082 0.041464
0 0.755476 0.498626 0.052634 0.038097
0 0.401003 0.934966 0.082286 0.061678
0 0.576734 0.883957 0.076093 0.052790
0 0.413554 0.868451 0.060629 0.051772
0 0.596404 0.399245 0.047576 0.041254
0 0.392328 0.476838 0.045072 0.038812
0 0.573868 0.823643 0.069278 0.053836
0 0.570112 0.764799 0.071782 0.056340
0 0.568443 0.710337 0.055088 0.047576
0 0.562183 0.655248 0.070947 0.045072
0 0.542985 0.575746 0.049245 0.038812
0 0.532552 0.536308 0.056757 0.047576
0 0.588892 0.956355 0.082632 0.061348
0 0.667768 0.952599 0.058427 0.048828
0 0.657752 0.891251 0.071782 0.056340
0 0.645232 0.768555 0.058427 0.053836
0 0.638972 0.712215 0.065939 0.048828
0 0.632712 0.661508 0.056757 0.045072
0 0.621444 0.617062 0.060931 0.046324
0 0.616854 0.577624 0.060096 0.042568
0 0.603916 0.534430 0.057592 0.043820
0 0.603082 0.497496 0.054253 0.037560
0 0.603082 0.461188 0.052584 0.042568
0 0.750401 0.471204 0.048411 0.040064
0 0.706998 0.289663 0.048411 0.032552