0 0.393661 0.570899 0.065242 0.049201
0 0.386995 0.826431 0.067637 0.056013
0 0.385646 0.773338 0.070637 0.054613
0 0.386394 0.715012 0.075633 0.055263
0 0.774482 0.620082 0.065157 0.044477
0 0.555914 0.661990 0.061895 0.051951
0 0.796102 0.713551 0.067467 0.050477
0 0.556426 0.712054 0.075055 0.050543
0 0.735254 0.465911 0.057573 0.041698
0 0.559798 0.133789 0.041971 0.036866
0 0.559214 0.757860 0.078904 0.059956
0 0.545559 0.571219 0.061412 0.050165
0 0.753327 0.537553 0.061796 0.041559
0 0.817220 0.761943 0.062872 0.045104
0 0.628564 0.714570 0.066911 0.052742
0 0.768267 0.574641 0.068238 0.045329
0 0.624033 0.613495 0.055876 0.052477
0 0.848758 0.946149 0.087076 0.055576
0 0.537767 0.493803 0.058961 0.043942
0 0.687383 0.247685 0.043199 0.036212
0 0.731669 0.431860 0.058075 0.037474
0 0.549369 0.613458 0.050141 0.049875
0 0.745172 0.498135 0.054659 0.047470
0 0.639042 0.765763 0.070466 0.050994
0 0.693845 0.291678 0.055367 0.036050
0 0.707194 0.344377 0.058383 0.041114
0 0.566245 0.821760 0.072089 0.060987
0 0.645074 0.819710 0.062701 0.053293
0 0.780597 0.660836 0.077863 0.047999
0 0.721743 0.399536 0.052448 0.039420
0 0.716873 0.372340 0.055325 0.037966
0 0.633466 0.664101 0.070217 0.055732
0 0.615883 0.572834 0.068404 0.046280
0 0.395926 0.494120 0.060382 0.045114
0 0.840805 0.877147 0.073782 0.051215
0 0.609480 0.531839 0.054057 0.042098
0 0.385644 0.657154 0.070218 0.053791
0 0.386896 0.613315 0.054496 0.049927
0 0.594920 0.427457 0.061985 0.043288
0 0.586537 0.371205 0.058973 0.045666
0 0.700718 0.318441 0.051473 0.033690
0 0.818326 0.816740 0.068505 0.045611
0 0.605161 0.496362 0.060888 0.044154
0 0.543396 0.531937 0.058251 0.045042
0 0.652575 0.883339 0.059126 0.050656
0 0.401310 0.530375 0.059140 0.044356
0 0.601052 0.456187 0.052652 0.045524
0 0.587861 0.393706 0.046411 0.035463
0 0.586400 0.340177 0.054109 0.039993
0 0.534559 0.423758 0.049668 0.032633
0 0.535859 0.458946 0.056694 0.039540
0 0.570530 0.884365 0.072616 0.060096
0 0.575538 0.957607 0.087640 0.061348
0 0.660674 0.955103 0.069278 0.058844