0 0.404306 0.729647 0.075933 0.059961
0 0.570022 0.788446 0.072160 0.052960
0 0.812136 0.740648 0.077002 0.048998
0 0.409072 0.681097 0.070115 0.051740
0 0.578650 0.845311 0.063972 0.054085
0 0.636169 0.688621 0.074978 0.054051
0 0.656502 0.845564 0.057278 0.051061
0 0.410350 0.633859 0.050839 0.044968
0 0.404145 0.783246 0.058479 0.051814
0 0.579581 0.904600 0.076130 0.053244
0 0.558995 0.680335 0.069119 0.055548
0 0.630580 0.638923 0.065399 0.052950
0 0.652236 0.787742 0.064586 0.048540
0 0.795989 0.688213 0.074088 0.050906
0 0.792434 0.643385 0.066877 0.048259
0 0.748612 0.491113 0.063758 0.050821
0 0.834901 0.851490 0.083070 0.064459
0 0.614377 0.559593 0.059978 0.052310
0 0.820616 0.794118 0.070050 0.054287
0 0.625424 0.598244 0.055358 0.045825
0 0.767750 0.565367 0.069755 0.047050
0 0.577455 0.972139 0.089155 0.048723
0 0.557186 0.632623 0.069377 0.051075
0 0.689468 0.249730 0.041921 0.034536
0 0.645619 0.733083 0.057141 0.047856
0 0.739947 0.454369 0.062441 0.046115
0 0.757409 0.526236 0.064122 0.051637
0 0.661396 0.915612 0.057630 0.048192
0 0.567493 0.727771 0.074822 0.046612
0 0.597780 0.450860 0.052447 0.038793
0 0.731712 0.424137 0.052401 0.036541
0 0.610469 0.515857 0.056344 0.043445
0 0.600664 0.483132 0.054801 0.037625
0 0.662682 0.979616 0.063826 0.037238
0 0.555567 0.586058 0.057671 0.045626
0 0.782911 0.600175 0.060014 0.042540
0 0.842214 0.906901 0.076790 0.062600
0 0.715948 0.360208 0.049376 0.038170
0 0.864779 0.974665 0.085671 0.046535
0 0.732953 0.393046 0.055976 0.036330