0 0.806768 0.692509 0.074305 0.048439
0 0.787826 0.603374 0.059683 0.049047
0 0.651040 0.788688 0.061587 0.049392
0 0.644345 0.690187 0.069433 0.055397
0 0.652137 0.848782 0.075887 0.054088
0 0.810108 0.739871 0.081795 0.055252
0 0.790360 0.647835 0.069121 0.049021
0 0.640283 0.736461 0.054261 0.044418
0 0.777206 0.560539 0.065650 0.045980
0 0.766853 0.519021 0.067954 0.046143
0 0.576103 0.851009 0.071597 0.058529
0 0.571931 0.786200 0.072654 0.055298
0 0.618531 0.520334 0.056526 0.042403
0 0.632499 0.641972 0.060599 0.049520
0 0.660982 0.913493 0.066111 0.056334
0 0.590340 0.972823 0.087847 0.049802
0 0.572691 0.173971 0.040099 0.030308
0 0.817876 0.787641 0.061165 0.048448
0 0.839501 0.850378 0.070853 0.051077
0 0.672148 0.973376 0.067103 0.048872
0 0.579615 0.908174 0.075241 0.064253
0 0.856304 0.908996 0.091676 0.061110
0 0.690939 0.236874 0.043803 0.029637
0 0.335316 0.847685 0.065490 0.053539
0 0.697353 0.264998 0.042660 0.033301
0 0.726195 0.374174 0.055088 0.043820
0 0.338492 0.779823 0.060931 0.053836
0 0.333066 0.905649 0.063435 0.055088
0 0.863916 0.977539 0.075120 0.043620