0 0.404874 0.375730 0.057458 0.043839
0 0.647031 0.662636 0.056817 0.044919
0 0.849929 0.881128 0.071627 0.049924
0 0.653071 0.713871 0.066298 0.047149
0 0.600204 0.249242 0.038307 0.036846
0 0.659869 0.772497 0.070317 0.048986
0 0.872280 0.941847 0.074412 0.057660
0 0.835964 0.821025 0.072502 0.049136
0 0.762994 0.539967 0.067379 0.046092
0 0.666664 0.830106 0.077935 0.057006
0 0.740059 0.439027 0.047205 0.040031
0 0.618523 0.496870 0.051749 0.041316
0 0.622279 0.537560 0.057592 0.042568
0 0.631043 0.576998 0.055088 0.043820
0 0.638138 0.620192 0.065939 0.042568
0 0.750818 0.506260 0.064269 0.042568
0 0.772102 0.588892 0.070112 0.050080
0 0.790465 0.639598 0.066774 0.046324
0 0.798811 0.685296 0.060096 0.047576
0 0.666934 0.895633 0.070112 0.062600
0 0.667768 0.961989 0.060096 0.055088
0 0.567191 0.653370 0.062600 0.048828
0 0.567608 0.707833 0.070112 0.052584
0 0.570112 0.751653 0.073451 0.047576
0 0.583467 0.809871 0.070112 0.056340
0 0.583050 0.874349 0.075955 0.065104