0 0.549653 0.412682 0.048524 0.037773
0 0.402363 0.632012 0.066758 0.051862
0 0.557839 0.523571 0.064280 0.044694
0 0.399683 0.739049 0.065069 0.049102
0 0.790428 0.632503 0.075178 0.047572
0 0.815977 0.731230 0.075608 0.052096
0 0.670217 0.884284 0.061675 0.053893
0 0.393058 0.576999 0.061298 0.047956
0 0.657587 0.774469 0.077882 0.052168
0 0.588307 0.879326 0.075460 0.056764
0 0.843650 0.899951 0.074236 0.055592
0 0.652174 0.666589 0.071719 0.051406
0 0.689900 0.949450 0.074062 0.055749
0 0.654481 0.716074 0.073746 0.054336
0 0.831293 0.838574 0.070877 0.055820
0 0.643980 0.619964 0.056276 0.044902
0 0.747068 0.473695 0.060916 0.041465
0 0.616241 0.464277 0.054227 0.039010
0 0.393672 0.853532 0.061589 0.052689
0 0.395909 0.796364 0.077296 0.061504
0 0.637127 0.573747 0.068750 0.053783
0 0.756916 0.506159 0.062487 0.047005
0 0.666352 0.824987 0.069622 0.058659
0 0.600586 0.311286 0.054557 0.043040
0 0.397613 0.432562 0.044601 0.044902
0 0.824112 0.777272 0.070204 0.050443
0 0.569353 0.600371 0.060035 0.047487
0 0.601762 0.949284 0.061510 0.059414
0 0.766174 0.546325 0.063147 0.045957
0 0.777307 0.583079 0.057279 0.046081
0 0.631430 0.535599 0.058312 0.042852
0 0.611751 0.428887 0.056141 0.042734
0 0.624614 0.500046 0.057387 0.044505
0 0.573987 0.647660 0.067209 0.046738
0 0.577810 0.695420 0.066428 0.051139
0 0.578956 0.810062 0.075586 0.059030
0 0.574835 0.746305 0.065816 0.052559
0 0.313385 0.854430 0.081580 0.055020
0 0.741165 0.438747 0.054093 0.042637
0 0.599523 0.345120 0.051580 0.038509
0 0.871398 0.956188 0.090269 0.066777
0 0.604648 0.375075 0.053507 0.036465
0 0.577533 0.193971 0.038277 0.032227
0 0.729761 0.411377 0.059375 0.036699
0 0.585284 0.233532 0.036454 0.038040
0 0.704121 0.309893 0.054570 0.034434
0 0.719991 0.363750 0.042604 0.041901
0 0.712888 0.333740 0.042609 0.032897
0 0.607962 0.399925 0.046063 0.035397
0 0.698030 0.282842 0.045503 0.035736