0 0.210217 0.826774 0.093012 0.063678
0 0.309527 0.610352 0.072743 0.049193
0 0.194397 0.898773 0.093594 0.057975
0 0.754720 0.501706 0.059049 0.041068
0 0.382253 0.770394 0.079297 0.062155
0 0.389134 0.902881 0.078685 0.062676
0 0.762322 0.538577 0.063030 0.045228
0 0.776832 0.579762 0.068359 0.045501
0 0.660132 0.827223 0.078928 0.060020
0 0.224323 0.722461 0.069375 0.050612
0 0.640729 0.724352 0.075503 0.057559
0 0.666977 0.892523 0.063181 0.052311
0 0.641651 0.676302 0.073477 0.050260
0 0.381970 0.624036 0.064905 0.049401
0 0.861111 0.972113 0.076389 0.050462
0 0.399099 0.415807 0.053650 0.039193
0 0.632059 0.616647 0.064336 0.050026
0 0.213730 0.769326 0.066141 0.053743
0 0.677574 0.962633 0.081424 0.057285
0 0.652025 0.778662 0.057869 0.046790
0 0.380527 0.715254 0.076784 0.058789
0 0.580384 0.970400 0.091628 0.054382
0 0.732565 0.434971 0.058368 0.044225
0 0.846892 0.905752 0.073264 0.055866
0 0.391317 0.967936 0.074709 0.058268
0 0.379553 0.576406 0.073394 0.056484
0 0.553114 0.582689 0.051176 0.043867
0 0.381786 0.534782 0.066289 0.044616
0 0.393652 0.451624 0.049440 0.041803
0 0.803418 0.676790 0.078147 0.053555
0 0.531897 0.400850 0.052569 0.041634
0 0.386484 0.839476 0.070286 0.056087
0 0.812941 0.733040 0.061306 0.053151
0 0.558342 0.727660 0.069071 0.052012
0 0.829529 0.838874 0.064952 0.050065
0 0.559002 0.678997 0.069531 0.051120
0 0.574809 0.775130 0.076806 0.058034
0 0.621053 0.571559 0.055117 0.049629
0 0.388437 0.489310 0.049774 0.044596
0 0.543084 0.540859 0.064345 0.049128
0 0.577266 0.899909 0.072960 0.059076
0 0.550169 0.625000 0.066311 0.052826
0 0.607769 0.496712 0.057986 0.044622
0 0.610367 0.534785 0.061289 0.046107
0 0.784711 0.621058 0.059414 0.048978
0 0.539957 0.500863 0.059193 0.044238
0 0.722543 0.400381 0.056137 0.040788
0 0.825545 0.780186 0.067669 0.055983
0 0.535788 0.435029 0.053885 0.041569
0 0.537257 0.468633 0.050330 0.039987
0 0.671710 0.214678 0.049288 0.037051
0 0.709338 0.345251 0.054735 0.035840
0 0.712769 0.371826 0.052378 0.035671
0 0.691515 0.289359 0.044679 0.034564
0 0.603121 0.432969 0.054913 0.039622
0 0.703084 0.315723 0.047296 0.034753
0 0.602131 0.400736 0.053845 0.039779
0 0.587196 0.258620 0.049557 0.042214
0 0.594382 0.336009 0.054353 0.040013
0 0.590605 0.310472 0.051037 0.036204
0 0.686740 0.266732 0.050773 0.030247
0 0.587222 0.285212 0.049349 0.036842
0 0.678184 0.239076 0.040690 0.035898
0 0.606727 0.463154 0.052161 0.039421
0 0.590122 0.357861 0.043490 0.042480