0 0.397693 0.628854 0.061862 0.046758
0 0.841161 0.902028 0.081359 0.058275
0 0.572003 0.839066 0.074449 0.055462
0 0.840354 0.841071 0.085525 0.056751
0 0.652695 0.839362 0.074123 0.053737
0 0.552954 0.676771 0.072721 0.051211
0 0.559362 0.723320 0.069557 0.052474
0 0.661912 0.901751 0.062296 0.056133
0 0.539123 0.409225 0.055208 0.039922
0 0.693743 0.970537 0.079466 0.051999
0 0.643073 0.729414 0.073481 0.056016
0 0.397799 0.675446 0.064097 0.050723
0 0.809008 0.728415 0.060221 0.050423
0 0.777350 0.596322 0.069006 0.047552
0 0.564824 0.781712 0.070707 0.052695
0 0.400462 0.537822 0.060872 0.051465
0 0.867804 0.967542 0.087483 0.057728
0 0.404167 0.845651 0.067734 0.056849
0 0.650842 0.781969 0.076840 0.055072
0 0.577899 0.900160 0.071302 0.058874
0 0.400684 0.584089 0.063911 0.051380
0 0.824208 0.784339 0.076454 0.058574
0 0.586202 0.968219 0.062552 0.054850
0 0.551411 0.546553 0.063203 0.043704
0 0.577311 0.209971 0.041966 0.033040
0 0.396020 0.728864 0.079948 0.058952
0 0.402980 0.378932 0.058173 0.045820
0 0.748817 0.514801 0.065369 0.048952
0 0.800621 0.679730 0.077839 0.052962
0 0.603622 0.384453 0.053780 0.039557
0 0.552680 0.583581 0.054258 0.044818
0 0.633561 0.674281 0.068216 0.060176
0 0.727945 0.421826 0.055751 0.045410
0 0.549857 0.623747 0.061016 0.052467
0 0.767263 0.556107 0.066593 0.042982
0 0.722025 0.390680 0.058477 0.038887
0 0.709171 0.333285 0.058030 0.036022
0 0.611432 0.473197 0.055078 0.046758
0 0.617346 0.442178 0.056168 0.042598
0 0.549449 0.469668 0.060226 0.040781
0 0.399646 0.468278 0.059171 0.042402
0 0.698116 0.288200 0.050747 0.037975
0 0.743392 0.481243 0.062374 0.040977
0 0.544115 0.507103 0.048663 0.045169
0 0.625503 0.590980 0.058637 0.044447
0 0.392960 0.912719 0.089818 0.061308
0 0.714451 0.360719 0.050004 0.035684
0 0.590625 0.274307 0.036536 0.042129
0 0.397493 0.500531 0.062643 0.043079
0 0.629006 0.630814 0.063767 0.046029
0 0.406975 0.785742 0.066241 0.061445
0 0.597982 0.328229 0.042839 0.039062
0 0.597546 0.355296 0.051072 0.033809
0 0.694386 0.260212 0.049457 0.036973