0 0.571365 0.900602 0.084813 0.058092
0 0.578765 0.968314 0.087912 0.056172
0 0.568214 0.777018 0.084162 0.059687
0 0.572040 0.835107 0.074757 0.053301
0 0.397530 0.580326 0.061120 0.050443
0 0.564108 0.725768 0.061602 0.048828
0 0.623401 0.591471 0.069119 0.045781
0 0.547878 0.545010 0.057014 0.040866
0 0.393043 0.726087 0.066563 0.052305
0 0.763112 0.553018 0.063733 0.046270
0 0.769794 0.593307 0.065221 0.042539
0 0.776120 0.632555 0.073715 0.049017
0 0.633125 0.677484 0.059306 0.046087
0 0.614084 0.510140 0.057257 0.046582
0 0.647806 0.779850 0.063043 0.049870
0 0.395677 0.787220 0.059714 0.055599
0 0.672164 0.965719 0.065299 0.055085
0 0.635211 0.725316 0.068563 0.048288
0 0.855345 0.965023 0.084180 0.059902
0 0.623587 0.631156 0.062982 0.048665
0 0.388507 0.848932 0.066059 0.052422
0 0.733605 0.446436 0.065438 0.041217
0 0.719915 0.384961 0.055074 0.035352
0 0.542780 0.584518 0.065516 0.049414
0 0.846068 0.895055 0.073906 0.055215
0 0.399266 0.625264 0.070417 0.047233
0 0.798385 0.728226 0.068160 0.051921
0 0.788546 0.675970 0.073646 0.050872
0 0.400857 0.540749 0.050326 0.044193
0 0.396128 0.670472 0.075200 0.062858
0 0.728075 0.413776 0.057834 0.039310
0 0.810699 0.774642 0.063168 0.047409
0 0.599579 0.411068 0.058863 0.043867
0 0.660501 0.898066 0.060655 0.049857
0 0.818092 0.828590 0.069978 0.051230
0 0.536680 0.378421 0.053194 0.044134
0 0.607461 0.474336 0.059540 0.040716
0 0.557878 0.672533 0.070286 0.053503
0 0.391380 0.909945 0.085530 0.068652
0 0.545315 0.506755 0.056923 0.042858
0 0.415224 0.375033 0.063885 0.048112
0 0.553672 0.627357 0.060069 0.043880
0 0.407198 0.470999 0.066263 0.047272
0 0.690901 0.238424 0.038997 0.035339
0 0.408266 0.437240 0.061532 0.043711
0 0.616973 0.547858 0.052044 0.041784
0 0.708283 0.329635 0.055412 0.043346
0 0.542724 0.473027 0.059631 0.039622
0 0.595224 0.382220 0.054952 0.038932
0 0.693839 0.284147 0.045681 0.037044
0 0.401096 0.508428 0.059614 0.040957
0 0.716441 0.358379 0.055660 0.032500
0 0.595985 0.351436 0.056102 0.039629
0 0.577899 0.232441 0.048950 0.032240
0 0.580805 0.255853 0.049596 0.033346
0 0.591450 0.326289 0.052865 0.035768
0 0.586304 0.280420 0.049145 0.035540
0 0.586515 0.301481 0.046997 0.033626