0 0.391712 0.781826 0.073668 0.054421
0 0.387650 0.916270 0.074049 0.057201
0 0.392821 0.847201 0.081484 0.055065
0 0.206189 0.761152 0.045590 0.109323
0 0.392055 0.617337 0.065777 0.049141
0 0.826105 0.782891 0.077148 0.050326
0 0.404553 0.384115 0.059054 0.043854
0 0.257266 0.584323 0.034306 0.066589
0 0.620987 0.580091 0.067496 0.046471
0 0.876376 0.971611 0.086545 0.052389
0 0.850312 0.900247 0.072248 0.056888
0 0.624740 0.624824 0.062813 0.048125
0 0.840295 0.838649 0.071250 0.054199
0 0.403312 0.423288 0.051137 0.040013
0 0.812263 0.725758 0.069727 0.048079
0 0.650920 0.784717 0.069523 0.053730
0 0.787810 0.634277 0.069371 0.047044
0 0.778648 0.585192 0.071141 0.045423
0 0.548151 0.576357 0.061432 0.044212
0 0.766916 0.543903 0.060161 0.043314
0 0.752986 0.501504 0.059210 0.041471
0 0.558776 0.674548 0.070512 0.049668
0 0.587745 0.906468 0.075230 0.058848
0 0.634683 0.672158 0.068420 0.050306
0 0.572418 0.781172 0.067587 0.052682
0 0.594128 0.973151 0.076458 0.051680
0 0.583655 0.842829 0.074036 0.058405
0 0.393088 0.569977 0.061879 0.046908
0 0.546148 0.534043 0.054258 0.042344
0 0.682580 0.250016 0.038372 0.032546
0 0.602554 0.431592 0.055082 0.040710
0 0.573472 0.724076 0.071137 0.053724
0 0.587938 0.369541 0.051745 0.037324
0 0.717721 0.388298 0.057387 0.040749
0 0.553702 0.622318 0.058585 0.048620
0 0.617424 0.539193 0.058763 0.044245
0 0.741445 0.457601 0.066606 0.046986
0 0.395707 0.492174 0.062665 0.044375
0 0.660204 0.843245 0.063125 0.053926
0 0.643982 0.721813 0.059162 0.048665
0 0.537259 0.450251 0.054926 0.043079
0 0.544201 0.488177 0.062257 0.047135
0 0.587630 0.239463 0.045512 0.031074
0 0.610838 0.500257 0.055061 0.044382
0 0.672348 0.969596 0.062118 0.055990
0 0.593963 0.400915 0.056293 0.037285
0 0.391760 0.529932 0.067244 0.048079
0 0.660532 0.904551 0.058312 0.051784
0 0.402680 0.457249 0.045030 0.036842
0 0.708963 0.359258 0.048255 0.035560
0 0.527563 0.385908 0.043173 0.034251
0 0.599772 0.341862 0.052982 0.037617
0 0.708075 0.332536 0.049839 0.033626
0 0.600812 0.313854 0.052109 0.037891
0 0.701782 0.305039 0.042348 0.035195
0 0.536391 0.415531 0.045595 0.037962
0 0.728483 0.424124 0.047374 0.036895
0 0.608800 0.466335 0.045499 0.038477
0 0.692628 0.277637 0.043867 0.036419
0 0.599770 0.286491 0.050061 0.038346
0 0.597758 0.262148 0.039058 0.028333