0 0.395710 0.701331 0.072496 0.049798
0 0.763859 0.545889 0.065990 0.042064
0 0.380684 0.818883 0.080247 0.058522
0 0.404477 0.366533 0.058381 0.045762
0 0.754891 0.509248 0.065842 0.039017
0 0.389102 0.753955 0.074523 0.055527
0 0.540241 0.427819 0.061359 0.042826
0 0.567214 0.667262 0.060729 0.044277
0 0.390868 0.645609 0.070017 0.053210
0 0.555651 0.573968 0.060677 0.044499
0 0.787645 0.636289 0.073355 0.047826
0 0.844896 0.835479 0.079132 0.050267
0 0.563053 0.618493 0.063294 0.044694
0 0.388379 0.880449 0.063937 0.056654
0 0.773856 0.586120 0.071688 0.048216
0 0.851662 0.893060 0.072135 0.051328
0 0.727878 0.398473 0.054262 0.043197
0 0.573961 0.768639 0.075412 0.051159
0 0.716671 0.369209 0.052352 0.038079
0 0.571437 0.714294 0.061875 0.048158
0 0.400362 0.493522 0.048511 0.039076
0 0.636400 0.629297 0.063372 0.044049
0 0.623687 0.546436 0.060282 0.042910
0 0.855436 0.960368 0.084735 0.060124
0 0.575749 0.823965 0.070690 0.053633
0 0.659355 0.773978 0.074813 0.056237
0 0.616842 0.507614 0.057773 0.040762
0 0.625197 0.586126 0.060499 0.047227
0 0.796495 0.684762 0.058529 0.046882
0 0.583759 0.884896 0.069696 0.058568
0 0.654913 0.718109 0.060764 0.048470
0 0.806382 0.733190 0.068129 0.050547
0 0.822897 0.780062 0.063138 0.046204
0 0.611445 0.471064 0.055946 0.040215
0 0.657791 0.832217 0.074236 0.056087
0 0.551838 0.496986 0.059822 0.042448
0 0.707487 0.316055 0.053776 0.041016
0 0.550412 0.534284 0.048472 0.041393
0 0.606966 0.438330 0.053724 0.038939
0 0.601283 0.352572 0.051411 0.035521
0 0.642504 0.672311 0.066736 0.046016
0 0.596072 0.956940 0.091528 0.067526
0 0.396563 0.563122 0.065078 0.047559
0 0.676667 0.974701 0.062734 0.047695
0 0.745200 0.464092 0.056311 0.040319
0 0.601628 0.404733 0.049540 0.041432
0 0.667485 0.892533 0.060933 0.053841
0 0.682112 0.214300 0.044822 0.031322
0 0.741302 0.431475 0.046337 0.040189
0 0.701198 0.289554 0.047396 0.033418
0 0.397250 0.603783 0.051549 0.042109
0 0.544481 0.463122 0.049970 0.037598
0 0.601984 0.269678 0.051007 0.035827
0 0.398691 0.527891 0.048320 0.036120
0 0.691526 0.262174 0.039206 0.032878
0 0.600677 0.378109 0.047830 0.034043
0 0.601775 0.317314 0.039922 0.036322
0 0.684503 0.238314 0.048954 0.031901
0 0.600408 0.294951 0.048177 0.034095