0 0.801174 0.690945 0.075403 0.051360
0 0.385770 0.846590 0.081559 0.059667
0 0.812526 0.739309 0.059377 0.052938
0 0.393982 0.787671 0.078489 0.054508
0 0.832888 0.793513 0.078749 0.051169
0 0.391089 0.683795 0.067582 0.055588
0 0.857714 0.909238 0.070623 0.052144
0 0.754647 0.509163 0.068297 0.040862
0 0.587827 0.854212 0.073077 0.059887
0 0.399594 0.555970 0.065786 0.045312
0 0.396551 0.593490 0.048312 0.044252
0 0.746848 0.472021 0.062193 0.044202
0 0.400720 0.391374 0.059297 0.045767
0 0.395798 0.435275 0.042995 0.040821
0 0.390776 0.910535 0.077973 0.062952
0 0.845732 0.845547 0.063258 0.049693
0 0.398193 0.635873 0.065059 0.051393
0 0.636809 0.746347 0.056912 0.049484
0 0.401332 0.733932 0.055676 0.048164
0 0.599945 0.978173 0.082228 0.037376
0 0.603993 0.311104 0.037594 0.037296
0 0.555443 0.630482 0.062476 0.054540
0 0.526425 0.403915 0.054981 0.039708
0 0.569834 0.729346 0.055644 0.047117
0 0.789153 0.639731 0.067626 0.047038
0 0.630375 0.690942 0.068109 0.053814
0 0.879549 0.973867 0.077448 0.048479
0 0.396096 0.511333 0.065350 0.043676
0 0.397761 0.472802 0.062602 0.036590
0 0.559818 0.679693 0.065660 0.053775
0 0.702315 0.314595 0.052768 0.034839
0 0.545072 0.589518 0.061765 0.053836
0 0.588059 0.912139 0.075727 0.059074
0 0.613279 0.557168 0.064633 0.044225
0 0.577395 0.787399 0.060554 0.056211
0 0.719216 0.362723 0.057568 0.037143
0 0.623552 0.644095 0.073405 0.053957
0 0.671112 0.914272 0.068171 0.054053
0 0.589559 0.380472 0.057280 0.042447
0 0.686548 0.978791 0.079294 0.041116
0 0.665682 0.856195 0.070947 0.053836
0 0.648154 0.798603 0.064269 0.053836
0 0.616019 0.600160 0.061765 0.042568
0 0.540481 0.549454 0.057592 0.041316
0 0.607672 0.520032 0.058427 0.042568
0 0.544237 0.510642 0.061765 0.043820
0 0.605168 0.484350 0.055088 0.038812
0 0.538812 0.474960 0.050915 0.040064
0 0.598491 0.449294 0.045072 0.041316
0 0.540481 0.440530 0.055923 0.038812
0 0.606420 0.418620 0.054253 0.040064
0 0.688218 0.238957 0.044237 0.031300
0 0.695730 0.265875 0.049245 0.032552
0 0.698651 0.291541 0.051749 0.028796
0 0.725778 0.396084 0.057592 0.037560
0 0.730786 0.434896 0.054253 0.042568
0 0.768763 0.552584 0.066774 0.050080
0 0.602299 0.359406 0.045737 0.034196