0 0.586466 0.783742 0.072771 0.058519
0 0.649613 0.733961 0.070872 0.054337
0 0.573808 0.733948 0.081991 0.059116
0 0.559527 0.588826 0.059804 0.048150
0 0.659873 0.788383 0.064656 0.062086
0 0.833708 0.840816 0.087796 0.058722
0 0.567418 0.680315 0.066364 0.048524
0 0.664706 0.847987 0.071076 0.064210
0 0.393135 0.676210 0.073019 0.053221
0 0.390523 0.726003 0.070891 0.054518
0 0.640400 0.683277 0.065387 0.053397
0 0.802300 0.688968 0.059240 0.052617
0 0.590287 0.850593 0.059810 0.055153
0 0.402761 0.585136 0.055923 0.045072
0 0.629230 0.639907 0.065391 0.044438
0 0.776774 0.603860 0.073112 0.047904
0 0.809033 0.742584 0.077588 0.054997
0 0.829823 0.789656 0.061665 0.049872
0 0.772569 0.562487 0.066752 0.042737
0 0.621102 0.473561 0.059946 0.037266
0 0.795959 0.645941 0.058964 0.047388
0 0.550027 0.443560 0.054981 0.042369
0 0.586698 0.970521 0.077041 0.053173
0 0.623721 0.511194 0.060039 0.045147
0 0.867720 0.970316 0.090898 0.052354
0 0.588051 0.221993 0.043211 0.032437
0 0.673193 0.909272 0.083335 0.062605
0 0.366530 0.838019 0.066619 0.057635
0 0.668710 0.971842 0.064291 0.048184
0 0.623938 0.549284 0.067628 0.046664
0 0.845131 0.900686 0.086620 0.058812
0 0.554570 0.548862 0.052786 0.042636
0 0.757908 0.525997 0.065114 0.041979
0 0.390173 0.779985 0.076658 0.056500
0 0.626702 0.595371 0.060432 0.043005
0 0.402068 0.379182 0.055639 0.046324
0 0.558427 0.510305 0.060096 0.045649
0 0.610023 0.435998 0.047048 0.032252
0 0.582600 0.908792 0.075900 0.064295
0 0.733510 0.442000 0.052672 0.037329
0 0.730113 0.409588 0.056846 0.044911
0 0.746500 0.470106 0.057684 0.040971
0 0.607557 0.406100 0.053650 0.037560
0 0.411942 0.345378 0.042568 0.033804
0 0.399005 0.627078 0.070112 0.048828
0 0.378973 0.913161 0.081798 0.060096
0 0.607255 0.376052 0.049245 0.040064
0 0.611428 0.349760 0.045907 0.040064
0 0.607255 0.320338 0.039229 0.036308
0 0.598074 0.295297 0.047576 0.031300
0 0.684462 0.229567 0.041733 0.035056
0 0.703659 0.300305 0.048411 0.033804
0 0.706998 0.327224 0.051749 0.035056