0 0.654705 0.841145 0.065871 0.052530
0 0.640026 0.730688 0.065011 0.049492
0 0.567574 0.836044 0.071851 0.046644
0 0.774734 0.593636 0.064848 0.050804
0 0.620191 0.587016 0.059786 0.049403
0 0.786534 0.639896 0.067892 0.047268
0 0.802339 0.683385 0.057019 0.047354
0 0.624806 0.631493 0.062264 0.049812
0 0.761744 0.542130 0.062429 0.041395
0 0.636001 0.677002 0.059897 0.042483
0 0.669184 0.904309 0.061242 0.053071
0 0.565955 0.726872 0.068954 0.051404
0 0.752251 0.506944 0.066645 0.042144
0 0.356026 0.650730 0.071103 0.050456
0 0.551561 0.580061 0.063889 0.048629
0 0.807994 0.735504 0.065833 0.048930
0 0.356137 0.701788 0.072595 0.052101
0 0.744327 0.468698 0.067050 0.040655
0 0.553288 0.665040 0.063454 0.048372
0 0.585002 0.971474 0.088101 0.051039
0 0.544675 0.535626 0.065811 0.047542
0 0.532749 0.416035 0.050131 0.041168
0 0.358923 0.750196 0.054181 0.045001
0 0.617484 0.547556 0.056757 0.038875
0 0.830306 0.786021 0.067050 0.047651
0 0.651265 0.782086 0.075721 0.050344
0 0.723328 0.409565 0.054508 0.040671
0 0.369620 0.563120 0.065893 0.048514
0 0.565844 0.773557 0.054590 0.047047
0 0.587727 0.277268 0.036284 0.033922
0 0.712023 0.346941 0.051714 0.035679
0 0.399719 0.472537 0.058840 0.043881
0 0.602249 0.444601 0.055919 0.038190
0 0.364552 0.606681 0.051054 0.039933
0 0.613339 0.514176 0.060447 0.037117
0 0.607099 0.479994 0.051226 0.043768
0 0.399045 0.433184 0.059705 0.043521
0 0.574751 0.193558 0.042471 0.033207
0 0.587862 0.381519 0.056313 0.037227
0 0.539064 0.466538 0.054245 0.037566
0 0.596268 0.410568 0.050469 0.039544
0 0.705325 0.319014 0.045080 0.032695
0 0.554518 0.621197 0.052991 0.043820
0 0.848717 0.835373 0.082146 0.058517
0 0.586983 0.325302 0.041380 0.032638
0 0.737438 0.435117 0.056313 0.037696
0 0.541037 0.497168 0.050324 0.040845
0 0.717809 0.377320 0.049842 0.034836
0 0.853936 0.904749 0.070522 0.052796
0 0.407034 0.383247 0.056777 0.042057
0 0.697686 0.271243 0.051540 0.038134
0 0.371878 0.516902 0.062600 0.045072
0 0.358524 0.803611 0.077624 0.052584
0 0.377721 0.871845 0.089310 0.056340
0 0.584302 0.900015 0.085136 0.070112
0 0.670272 0.979104 0.061765 0.040490
0 0.592648 0.355394 0.050080 0.032552
0 0.582632 0.220803 0.046741 0.033804
0 0.684879 0.208909 0.042568 0.027544
0 0.689052 0.234575 0.039229 0.031300
0 0.699903 0.295923 0.050915 0.026292
0 0.863916 0.971592 0.086806 0.055514