0 0.205766 0.761921 0.045543 0.109805
0 0.392674 0.847614 0.080972 0.055475
0 0.392263 0.618164 0.064570 0.047096
0 0.387763 0.665104 0.065629 0.049687
0 0.388867 0.716852 0.068490 0.052194
0 0.387216 0.916699 0.075655 0.057513
0 0.391719 0.782188 0.073793 0.053307
0 0.650747 0.783516 0.070182 0.051758
0 0.621133 0.579977 0.066667 0.045605
0 0.404429 0.384382 0.058494 0.043854
0 0.547817 0.576113 0.060417 0.043750
0 0.546092 0.533232 0.053416 0.041309
0 0.807990 0.674730 0.076832 0.050319
0 0.393036 0.569710 0.061411 0.046582
0 0.634796 0.671582 0.068585 0.048646
0 0.617140 0.538535 0.058594 0.042891
0 0.826400 0.783958 0.077817 0.052435
0 0.558908 0.674857 0.070508 0.049674
0 0.778190 0.585072 0.070634 0.046107
0 0.813043 0.726396 0.068967 0.049303
0 0.610339 0.498984 0.053576 0.043294
0 0.553906 0.620566 0.058559 0.046693
0 0.578952 0.215446 0.043364 0.030475
0 0.717700 0.389486 0.057769 0.040260
0 0.624512 0.624876 0.061888 0.046107
0 0.403433 0.423444 0.050477 0.038932
0 0.753066 0.501051 0.059492 0.041569
0 0.587995 0.906299 0.075043 0.058952
0 0.583611 0.843148 0.073993 0.057650
0 0.840816 0.840400 0.070946 0.057559
0 0.572932 0.780801 0.067279 0.051784
0 0.643967 0.721735 0.059514 0.047624
0 0.544249 0.486051 0.061641 0.047350
0 0.767207 0.543444 0.060386 0.041549
0 0.659846 0.843971 0.063876 0.054010
0 0.536309 0.415677 0.045282 0.037109
0 0.573433 0.723249 0.070399 0.052383
0 0.587884 0.369316 0.051515 0.037279
0 0.877029 0.972428 0.085308 0.052487
0 0.850618 0.902386 0.071072 0.059147
0 0.602368 0.431650 0.055126 0.040592
0 0.396146 0.492607 0.061285 0.043639
0 0.741337 0.458294 0.066554 0.045586
0 0.788602 0.635290 0.069878 0.045645
0 0.594410 0.973258 0.076094 0.051113
0 0.593989 0.400518 0.056172 0.037220
0 0.660109 0.904587 0.059453 0.050840
0 0.600482 0.340081 0.051198 0.038444
0 0.389967 0.530150 0.066975 0.046237
0 0.672179 0.969779 0.063099 0.055742
0 0.708713 0.360062 0.048069 0.034121
0 0.537187 0.450173 0.053099 0.040905
0 0.402797 0.456829 0.043997 0.038490
0 0.608609 0.466699 0.044727 0.037331
0 0.728470 0.424818 0.048234 0.035534
0 0.691994 0.278903 0.043199 0.033145
0 0.708283 0.333672 0.049588 0.032448