0 0.398038 0.786211 0.078872 0.056393
0 0.795414 0.634059 0.069648 0.044902
0 0.389933 0.841377 0.060872 0.051934
0 0.385738 0.894424 0.063012 0.057676
0 0.399954 0.720397 0.068815 0.052812
0 0.799095 0.681250 0.066359 0.046055
0 0.871604 0.951680 0.091237 0.057656
0 0.555918 0.503490 0.057010 0.039518
0 0.408036 0.382412 0.058598 0.046517
0 0.850362 0.891969 0.073754 0.053809
0 0.811576 0.729508 0.071962 0.048704
0 0.748247 0.475820 0.061311 0.042604
0 0.396612 0.616159 0.066636 0.047539
0 0.557854 0.541449 0.058885 0.042324
0 0.769004 0.546956 0.068155 0.043978
0 0.593260 0.969590 0.084679 0.058359
0 0.589125 0.897741 0.077964 0.058346
0 0.597135 0.374411 0.055582 0.036882
0 0.625178 0.544544 0.060712 0.045573
0 0.703921 0.344463 0.052201 0.040280
0 0.393661 0.665280 0.077001 0.055052
0 0.571500 0.675605 0.068798 0.050482
0 0.733941 0.435326 0.060104 0.042135
0 0.572754 0.778971 0.077174 0.054049
0 0.571072 0.726325 0.063958 0.049290
0 0.719479 0.403112 0.052665 0.039206
0 0.655833 0.782129 0.073255 0.054414
0 0.584054 0.832467 0.070625 0.053086
0 0.781207 0.588210 0.058611 0.047357
0 0.829944 0.777067 0.069288 0.051465
0 0.840282 0.831247 0.069714 0.049733
0 0.396957 0.534583 0.048194 0.040755
0 0.398053 0.575026 0.065152 0.043841
0 0.666035 0.897197 0.059145 0.051751
0 0.758123 0.512493 0.062174 0.038099
0 0.650323 0.727874 0.062027 0.050254
0 0.563789 0.626156 0.063863 0.045814
0 0.623841 0.505801 0.063168 0.045729
0 0.624351 0.585264 0.055039 0.045163
0 0.662079 0.838929 0.063472 0.052507
0 0.630237 0.628213 0.061029 0.046178
0 0.641315 0.675560 0.054922 0.051654
0 0.605862 0.404235 0.049145 0.037676
0 0.562769 0.581383 0.049332 0.043522
0 0.617418 0.468112 0.052934 0.045716
0 0.713053 0.375996 0.050326 0.034219
0 0.674794 0.969779 0.074527 0.056510
0 0.611610 0.435824 0.054097 0.038822
0 0.696565 0.317236 0.043312 0.035710
0 0.690269 0.295511 0.053325 0.036309