0 0.396297 0.463433 0.061920 0.043074
0 0.729089 0.407654 0.054534 0.041907
0 0.401557 0.786931 0.074617 0.052766
0 0.706555 0.337141 0.043427 0.037369
0 0.405333 0.373916 0.058458 0.045527
0 0.750927 0.505922 0.064965 0.040453
0 0.598250 0.273881 0.046259 0.041580
0 0.659084 0.771960 0.071267 0.048819
0 0.594133 0.222351 0.041993 0.030203
0 0.395508 0.590076 0.049897 0.043329
0 0.551241 0.474750 0.048778 0.039525
0 0.555868 0.519544 0.055132 0.040813
0 0.667620 0.830786 0.075671 0.054491
0 0.401926 0.548121 0.064390 0.044625
0 0.790646 0.637482 0.068217 0.045574
0 0.601044 0.249066 0.043304 0.033619
0 0.652907 0.714183 0.067527 0.048359
0 0.610990 0.457508 0.052906 0.038062
0 0.561765 0.564478 0.058427 0.043820
0 0.558844 0.610176 0.055923 0.042568
0 0.568443 0.653996 0.065104 0.047576
0 0.568860 0.704703 0.065939 0.053836
0 0.584302 0.808619 0.071782 0.056340
0 0.581798 0.872471 0.075120 0.066356
0 0.586806 0.943835 0.081798 0.058844
0 0.667351 0.960737 0.059261 0.047576
0 0.666099 0.896259 0.066774 0.058844
0 0.651075 0.668394 0.061765 0.046324
0 0.638555 0.617062 0.061765 0.048828
0 0.630626 0.577624 0.057592 0.047576
0 0.622279 0.536308 0.062600 0.045072
0 0.617688 0.495618 0.055088 0.041316
0 0.615602 0.426132 0.054253 0.040064
0 0.606838 0.391076 0.053419 0.037560
0 0.603082 0.362906 0.042568 0.033804
0 0.770433 0.586388 0.070112 0.050080
0 0.800898 0.684670 0.057592 0.048828
0 0.814670 0.761043 0.073451 0.056340
0 0.837624 0.823643 0.069278 0.053836
0 0.849726 0.882487 0.068443 0.053836
0 0.870176 0.938201 0.067608 0.057592