0 0.831075 0.791874 0.073667 0.051090
0 0.778291 0.589890 0.073842 0.053315
0 0.589777 0.196213 0.045806 0.029148
0 0.637602 0.738018 0.060411 0.047896
0 0.802467 0.683018 0.074086 0.047125
0 0.647959 0.792028 0.065636 0.049194
0 0.525956 0.401905 0.055199 0.040678
0 0.769662 0.542044 0.073578 0.046121
0 0.791908 0.633964 0.059644 0.050080
0 0.602578 0.286009 0.046914 0.037356
0 0.390790 0.682437 0.069395 0.051438
0 0.544595 0.583869 0.067489 0.040094
0 0.631039 0.687590 0.065182 0.048566
0 0.603404 0.477467 0.056140 0.040475
0 0.626118 0.640741 0.066040 0.047045
0 0.395726 0.508605 0.065557 0.048969
0 0.609187 0.515133 0.056968 0.042883
0 0.611777 0.555053 0.057727 0.043439
0 0.398156 0.553806 0.069300 0.048418
0 0.566246 0.726341 0.059069 0.048669
0 0.539034 0.436257 0.054131 0.037867
0 0.555815 0.674021 0.064086 0.046799
0 0.601400 0.353078 0.041331 0.033576
0 0.755731 0.505971 0.065749 0.043147
0 0.665454 0.851611 0.077466 0.056282
0 0.588359 0.848440 0.072643 0.052983
0 0.616041 0.593349 0.059828 0.046230
0 0.814253 0.736629 0.059261 0.050080
0 0.847803 0.844308 0.061257 0.060082
0 0.693990 0.263083 0.048262 0.031262
0 0.587256 0.378758 0.055730 0.041031
0 0.726281 0.395295 0.046913 0.039137
0 0.396018 0.474719 0.059392 0.035538
0 0.395430 0.392693 0.069639 0.046845
0 0.543544 0.504368 0.062048 0.043848
0 0.552260 0.628962 0.064456 0.047565
0 0.671299 0.911531 0.065417 0.053897
0 0.588334 0.408709 0.053560 0.036460
0 0.698154 0.287576 0.052744 0.026711
0 0.395583 0.437347 0.043297 0.037448
0 0.537210 0.471568 0.050089 0.036755
0 0.399897 0.786313 0.060537 0.051573
0 0.857329 0.906632 0.073633 0.055627
0 0.747479 0.468074 0.059261 0.041316
0 0.597656 0.443034 0.045072 0.038812
0 0.577009 0.782583 0.059657 0.055827
0 0.398734 0.636233 0.069329 0.049572
0 0.384816 0.843675 0.073451 0.063852
0 0.390658 0.911909 0.078459 0.062600
0 0.588058 0.913787 0.074286 0.063852
0 0.539229 0.542568 0.055088 0.047576
0 0.689470 0.975761 0.081798 0.045072
0 0.604334 0.312200 0.040064 0.037560
0 0.594318 0.222681 0.046741 0.041316
0 0.700738 0.315956 0.047576 0.037560
0 0.731621 0.426758 0.057592 0.043820
0 0.881861 0.971279 0.075955 0.056140