0 0.557654 0.724801 0.075595 0.051296
0 0.401432 0.631800 0.068351 0.052454
0 0.644423 0.727464 0.078950 0.056777
0 0.598655 0.412835 0.056415 0.041595
0 0.549928 0.548307 0.050629 0.042188
0 0.399442 0.725967 0.056228 0.046569
0 0.402487 0.545892 0.061102 0.050846
0 0.768414 0.592165 0.071445 0.046022
0 0.634293 0.678789 0.065590 0.048516
0 0.656567 0.844271 0.078030 0.056510
0 0.570269 0.842279 0.073316 0.057760
0 0.581925 0.970928 0.087782 0.052767
0 0.611280 0.511436 0.056727 0.046751
0 0.742426 0.480085 0.066658 0.046029
0 0.556782 0.674645 0.064015 0.050801
0 0.402793 0.592301 0.069136 0.047155
0 0.549670 0.588372 0.056016 0.045521
0 0.761658 0.550094 0.069887 0.047025
0 0.388479 0.782773 0.054952 0.051615
0 0.613889 0.547354 0.054540 0.040866
0 0.404125 0.679896 0.055777 0.050651
0 0.645684 0.783691 0.071957 0.057057
0 0.782337 0.633662 0.068624 0.053275
0 0.805482 0.724450 0.067161 0.051960
0 0.537057 0.477174 0.054453 0.039974
0 0.859924 0.967744 0.076480 0.056452
0 0.728435 0.420697 0.057062 0.039870
0 0.626747 0.631787 0.069648 0.048249
0 0.846515 0.898421 0.075269 0.057585
0 0.562956 0.780169 0.074392 0.054779
0 0.552960 0.628887 0.050130 0.046484
0 0.576938 0.899202 0.070638 0.058105
0 0.830853 0.837754 0.074414 0.056003
0 0.824863 0.776953 0.081115 0.057318
0 0.802029 0.679001 0.061523 0.050098
0 0.623010 0.588594 0.067296 0.049388
0 0.754967 0.516582 0.055195 0.039180
0 0.701465 0.312311 0.050577 0.037370
0 0.716196 0.359512 0.053051 0.039766
0 0.593978 0.382933 0.054935 0.036439
0 0.603466 0.447406 0.056975 0.040944
0 0.664907 0.905384 0.063919 0.051693
0 0.404243 0.407718 0.044987 0.039264
0 0.541311 0.511868 0.054878 0.043763
0 0.725480 0.390296 0.058016 0.035684
0 0.398661 0.440840 0.056723 0.039766
0 0.668403 0.975127 0.062856 0.044915
0 0.387400 0.915413 0.087240 0.062676
0 0.738286 0.446410 0.049010 0.036738
0 0.401461 0.505752 0.063069 0.045944
0 0.538841 0.443555 0.055911 0.040547
0 0.390388 0.839111 0.082001 0.064694
0 0.603670 0.476025 0.056949 0.044368
0 0.690011 0.240990 0.040369 0.036081
0 0.595386 0.329788 0.046780 0.032389
0 0.595050 0.354329 0.054753 0.037930
0 0.397563 0.471846 0.061159 0.042572
0 0.587773 0.284453 0.047361 0.038138
0 0.696417 0.284222 0.045508 0.037207
0 0.233665 0.707672 0.066757 0.145672