0 0.394302 0.732881 0.073901 0.058509
0 0.388271 0.677116 0.069902 0.055524
0 0.756933 0.524885 0.069635 0.043445
0 0.627385 0.554694 0.066041 0.053251
0 0.387599 0.789964 0.058928 0.053167
0 0.553900 0.552221 0.063368 0.044149
0 0.740703 0.456156 0.055222 0.041575
0 0.394346 0.586064 0.066601 0.050156
0 0.621037 0.517322 0.061163 0.043932
0 0.655369 0.846579 0.067339 0.054796
0 0.750870 0.490968 0.065559 0.042553
0 0.396995 0.624980 0.059938 0.048036
0 0.772397 0.561324 0.061856 0.041364
0 0.614222 0.480134 0.055600 0.044915
0 0.558719 0.732438 0.067439 0.050985
0 0.400539 0.503401 0.064093 0.049900
0 0.734470 0.422241 0.054943 0.042837
0 0.630436 0.641932 0.061979 0.050815
0 0.730661 0.395161 0.060010 0.037471
0 0.639917 0.734229 0.057821 0.045865
0 0.392328 0.849935 0.080128 0.051332
0 0.638327 0.688180 0.060501 0.050299
0 0.723423 0.364523 0.057147 0.037009
0 0.572583 0.838693 0.064131 0.056818
0 0.786508 0.603090 0.073017 0.043419
0 0.408529 0.439616 0.048765 0.040714
0 0.610889 0.447616 0.054104 0.037897
0 0.401523 0.470886 0.060614 0.043847
0 0.406187 0.377441 0.056097 0.047302
0 0.558422 0.637630 0.063444 0.050260
0 0.661642 0.904655 0.060996 0.051388
0 0.596701 0.384204 0.054390 0.035979
0 0.561292 0.780282 0.071093 0.048202
0 0.712745 0.341379 0.051940 0.028311
0 0.551268 0.511660 0.056052 0.043351
0 0.603668 0.413402 0.050611 0.038337
0 0.596521 0.269635 0.037327 0.027537
0 0.643408 0.786094 0.055867 0.046538
0 0.821504 0.789044 0.074882 0.047982
0 0.556759 0.591721 0.063554 0.040553
0 0.584713 0.973274 0.087778 0.048216
0 0.800855 0.688090 0.060008 0.047569
0 0.785933 0.645954 0.062718 0.046134
0 0.686067 0.228395 0.039935 0.030208
0 0.548370 0.443301 0.053817 0.037709
0 0.861193 0.974964 0.083909 0.045179
0 0.815799 0.740078 0.061655 0.052681
0 0.835716 0.841505 0.069754 0.049497
0 0.390241 0.924429 0.087640 0.060096
0 0.580963 0.910031 0.070112 0.056340
0 0.548828 0.477464 0.055923 0.035056
0 0.668186 0.982647 0.060931 0.031300
0 0.590144 0.347256 0.040064 0.040064
0 0.593066 0.297801 0.039229 0.038812
0 0.685296 0.205779 0.045072 0.022536
0 0.698651 0.273387 0.051749 0.027544
0 0.704911 0.294045 0.045907 0.033804
0 0.707833 0.319712 0.050080 0.025040
0 0.851813 0.913787 0.069278 0.056340