0 0.368905 0.741784 0.074255 0.054288
0 0.655858 0.821435 0.076256 0.056489
0 0.653201 0.738717 0.060372 0.049899
0 0.368331 0.684241 0.069642 0.054479
0 0.601136 0.251420 0.039108 0.035455
0 0.373862 0.634172 0.070127 0.048645
0 0.372739 0.809595 0.059281 0.049247
0 0.594858 0.218992 0.043018 0.033038
0 0.857216 0.920749 0.085584 0.053186
0 0.741414 0.450776 0.061615 0.036683
0 0.378434 0.592281 0.059492 0.044474
0 0.575572 0.735800 0.065622 0.048957
0 0.571516 0.819289 0.076017 0.057185
0 0.382520 0.549392 0.063091 0.049475
0 0.586900 0.951037 0.083711 0.057139
0 0.567103 0.633070 0.063700 0.044889
0 0.734394 0.414997 0.054508 0.038815
0 0.397984 0.378071 0.056835 0.043546
0 0.573034 0.886869 0.074286 0.057592
0 0.642249 0.686064 0.059776 0.047489
0 0.392151 0.449370 0.055111 0.034604
0 0.653145 0.882884 0.067575 0.052125
0 0.571999 0.679166 0.053854 0.049820
0 0.401759 0.415782 0.053358 0.035387
0 0.636563 0.640581 0.055814 0.043515
0 0.332894 0.912318 0.140817 0.095325
0 0.384300 0.478918 0.055230 0.032709
0 0.840054 0.855035 0.070893 0.053172
0 0.831036 0.791472 0.083377 0.050523
0 0.386720 0.511338 0.050219 0.034390
0 0.550080 0.471204 0.051749 0.042568
0 0.555923 0.508138 0.055088 0.041316
0 0.562600 0.545072 0.058427 0.042568
0 0.565939 0.583884 0.048411 0.042568
0 0.668603 0.966997 0.060096 0.055088
0 0.640642 0.598282 0.062600 0.046324
0 0.632295 0.556340 0.059261 0.045072
0 0.623114 0.520032 0.055923 0.040064
0 0.615184 0.479968 0.061765 0.040064
0 0.613932 0.445538 0.054253 0.036308
0 0.609759 0.411734 0.054253 0.043820
0 0.610176 0.385442 0.056757 0.038812
0 0.752487 0.491236 0.060931 0.037560
0 0.762086 0.521284 0.051749 0.040064
0 0.769598 0.560096 0.060096 0.042568
0 0.780031 0.600160 0.060931 0.047576
0 0.795473 0.646484 0.060096 0.050080
0 0.798394 0.692808 0.064269 0.050080
0 0.820095 0.744141 0.059261 0.047576