0 0.811821 0.746690 0.066109 0.051814
0 0.623510 0.644842 0.061630 0.049935
0 0.777975 0.599871 0.074099 0.049462
0 0.794088 0.691607 0.071712 0.045546
0 0.631006 0.704448 0.065626 0.048217
0 0.789898 0.643894 0.069733 0.047289
0 0.639541 0.754138 0.067783 0.049705
0 0.551086 0.689032 0.075417 0.053802
0 0.604678 0.518557 0.056817 0.044418
0 0.610790 0.597993 0.063145 0.046537
0 0.758609 0.511408 0.064193 0.045765
0 0.654859 0.809237 0.077296 0.051705
0 0.565348 0.759075 0.069320 0.050757
0 0.546025 0.583974 0.065431 0.051984
0 0.572090 0.811594 0.080706 0.056684
0 0.659997 0.871678 0.060156 0.050327
0 0.602396 0.305100 0.048947 0.036735
0 0.550583 0.630555 0.062001 0.048497
0 0.671783 0.934839 0.071149 0.054981
0 0.610832 0.559912 0.054344 0.042174
0 0.867241 0.942858 0.091806 0.056411
0 0.838447 0.873799 0.072749 0.051623
0 0.825809 0.809059 0.071190 0.048406
0 0.594045 0.480474 0.044887 0.045261
0 0.402737 0.672360 0.067956 0.051116
0 0.399895 0.732659 0.074101 0.052975
0 0.409526 0.851158 0.071516 0.052458
0 0.404882 0.788979 0.058901 0.048971
0 0.720926 0.406673 0.055688 0.038868
0 0.394814 0.534511 0.069224 0.044780
0 0.735682 0.440135 0.057260 0.039892
0 0.673084 0.188580 0.050276 0.031634
0 0.399448 0.458910 0.044759 0.041530
0 0.771180 0.555591 0.069930 0.046422
0 0.748349 0.474718 0.067931 0.044587
0 0.536051 0.502059 0.051242 0.042136
0 0.523931 0.432190 0.048342 0.039288
0 0.689877 0.230150 0.042548 0.028883
0 0.402510 0.626865 0.051253 0.043560
0 0.538554 0.547162 0.055529 0.037635
0 0.586628 0.446332 0.051365 0.042937
0 0.395899 0.583840 0.064284 0.048049
0 0.715048 0.372949 0.051105 0.039382
0 0.700935 0.275327 0.049386 0.036330
0 0.531495 0.468265 0.053609 0.040411
0 0.585469 0.867066 0.073522 0.055746
0 0.586956 0.925323 0.059214 0.053617
0 0.705136 0.345235 0.058618 0.038752
0 0.713258 0.312826 0.045907 0.041316
0 0.405639 0.924206 0.082832 0.067736
0 0.324423 0.836748 0.082410 0.054380
0 0.587150 0.423759 0.049390 0.037298
0 0.585022 0.393012 0.046969 0.041199
0 0.395072 0.426747 0.058907 0.046345
0 0.601830 0.335362 0.050080 0.038812
0 0.692808 0.254607 0.053419 0.030048