0 0.201467 0.759004 0.045825 0.083711
0 0.400273 0.587910 0.065712 0.046719
0 0.797426 0.679642 0.076458 0.055586
0 0.541871 0.571143 0.062474 0.044186
0 0.577357 0.899827 0.072352 0.063652
0 0.543665 0.617484 0.065916 0.044889
0 0.611855 0.586859 0.062938 0.048066
0 0.382070 0.648538 0.066753 0.048926
0 0.810145 0.729837 0.073277 0.050260
0 0.382689 0.948561 0.086480 0.065443
0 0.401788 0.545332 0.061840 0.041784
0 0.652815 0.843079 0.071029 0.058724
0 0.836454 0.832321 0.080859 0.060098
0 0.570792 0.834382 0.074935 0.056966
0 0.643036 0.785576 0.074145 0.057116
0 0.548694 0.665628 0.071510 0.049421
0 0.559460 0.723955 0.075751 0.051973
0 0.824748 0.777171 0.080946 0.056934
0 0.566155 0.776484 0.065816 0.056328
0 0.639588 0.732015 0.063116 0.052129
0 0.399891 0.505000 0.047899 0.040365
0 0.844349 0.900957 0.072405 0.058997
0 0.579227 0.971064 0.090434 0.054941
0 0.780004 0.594609 0.069410 0.047682
0 0.764006 0.525609 0.067352 0.046595
0 0.664761 0.916559 0.080408 0.067168
0 0.787214 0.634915 0.056068 0.043854
0 0.858789 0.968630 0.078585 0.057728
0 0.606107 0.546839 0.061372 0.043874
0 0.625927 0.683066 0.065803 0.050247
0 0.401621 0.467119 0.046115 0.038652
0 0.537513 0.461777 0.060729 0.041563
0 0.743609 0.436768 0.060117 0.041986
0 0.604123 0.508102 0.055503 0.043809
0 0.399527 0.434427 0.056745 0.035260
0 0.594918 0.349932 0.054036 0.041139
0 0.733218 0.403747 0.051098 0.037272
0 0.410388 0.370941 0.060855 0.045488
0 0.535399 0.531305 0.060313 0.041061
0 0.607754 0.474925 0.057964 0.043796
0 0.710985 0.315758 0.049444 0.033587
0 0.665530 0.979925 0.066241 0.037702
0 0.701545 0.287546 0.048368 0.036003
0 0.602914 0.436748 0.055612 0.045879
0 0.717947 0.344987 0.058533 0.034844
0 0.698066 0.261257 0.053103 0.035911
0 0.722402 0.374616 0.053668 0.033151