0 0.774546 0.582959 0.073885 0.046257
0 0.576992 0.969528 0.086884 0.054473
0 0.390931 0.751576 0.073780 0.060964
0 0.562218 0.771273 0.065894 0.054056
0 0.644245 0.830928 0.074601 0.054486
0 0.563368 0.826048 0.072630 0.056302
0 0.558179 0.717035 0.068563 0.054798
0 0.825406 0.775046 0.071914 0.054883
0 0.654097 0.903242 0.080191 0.059323
0 0.668917 0.967884 0.093225 0.057956
0 0.630072 0.724333 0.069171 0.054837
0 0.787869 0.630677 0.072309 0.052292
0 0.757609 0.502064 0.065764 0.042591
0 0.714429 0.358027 0.054787 0.037552
0 0.849796 0.894014 0.071458 0.055215
0 0.723155 0.389720 0.057561 0.038620
0 0.388859 0.806924 0.077951 0.055189
0 0.813637 0.720557 0.075877 0.054837
0 0.550809 0.663721 0.072678 0.051335
0 0.799831 0.675550 0.059071 0.049069
0 0.745786 0.464196 0.061354 0.044967
0 0.828116 0.830703 0.063047 0.049466
0 0.623357 0.674020 0.062504 0.047767
0 0.572255 0.893630 0.071332 0.062598
0 0.545332 0.573112 0.049327 0.047331
0 0.546309 0.472236 0.059449 0.041777
0 0.540469 0.435439 0.053255 0.040892
0 0.390310 0.698584 0.057174 0.051322
0 0.765163 0.539349 0.064527 0.047201
0 0.732261 0.432640 0.058316 0.039603
0 0.398759 0.518099 0.061832 0.049310
0 0.396365 0.564193 0.068555 0.047253
0 0.393600 0.648880 0.053424 0.050195
0 0.866625 0.964883 0.080447 0.060221
0 0.618103 0.630049 0.059696 0.046790
0 0.395618 0.605739 0.068381 0.050866
0 0.616148 0.506540 0.059839 0.044499
0 0.638518 0.773600 0.058520 0.052148
0 0.710595 0.330843 0.056710 0.037246
0 0.387038 0.922197 0.083312 0.065944
0 0.601636 0.451390 0.056562 0.044616
0 0.542862 0.535771 0.059701 0.041908
0 0.410560 0.410072 0.055755 0.038477
0 0.541669 0.375576 0.041888 0.039173
0 0.633520 0.235859 0.044167 0.036341
0 0.419444 0.374479 0.058099 0.044792
0 0.402958 0.481810 0.061506 0.045065
0 0.591997 0.271934 0.051163 0.039753
0 0.613168 0.546501 0.061398 0.045007
0 0.600059 0.412910 0.057339 0.045612
0 0.589382 0.246087 0.048060 0.035755
0 0.693939 0.260641 0.055673 0.038275
0 0.607643 0.583115 0.052517 0.049290
0 0.378162 0.855977 0.066011 0.059596
0 0.594091 0.320667 0.043763 0.036947
0 0.596289 0.380368 0.042526 0.037142
0 0.400575 0.442080 0.050621 0.044342
0 0.593496 0.352786 0.046037 0.036406
0 0.702307 0.308617 0.052956 0.032376
0 0.699792 0.286283 0.053377 0.031979
0 0.590069 0.296449 0.044896 0.033874
0 0.538880 0.405934 0.049410 0.034212
0 0.550629 0.503389 0.048481 0.038639
0 0.690731 0.236113 0.041445 0.027500