0 0.379770 0.961309 0.083507 0.063372
0 0.836016 0.832246 0.070972 0.051250
0 0.392439 0.809867 0.061354 0.053340
0 0.856615 0.900394 0.071849 0.049551
0 0.389457 0.520537 0.063021 0.045163
0 0.386612 0.755729 0.077600 0.051120
0 0.602470 0.263063 0.036536 0.035319
0 0.389026 0.652122 0.064709 0.049987
0 0.741267 0.439704 0.063194 0.040566
0 0.537769 0.378551 0.040078 0.036634
0 0.627433 0.613776 0.054909 0.043438
0 0.790601 0.619743 0.059857 0.046829
0 0.543965 0.513542 0.053268 0.042500
0 0.390336 0.609007 0.067826 0.044342
0 0.833060 0.769746 0.083056 0.053398
0 0.591927 0.961501 0.084323 0.059421
0 0.579924 0.823096 0.070464 0.054030
0 0.380124 0.882943 0.088694 0.066680
0 0.869264 0.963942 0.066185 0.050449
0 0.589451 0.886393 0.077730 0.060143
0 0.817765 0.715531 0.067005 0.046152
0 0.560822 0.698548 0.071688 0.049245
0 0.595378 0.364629 0.051172 0.036862
0 0.792852 0.667467 0.062109 0.045625
0 0.662893 0.835361 0.075638 0.055814
0 0.730336 0.405016 0.056072 0.040228
0 0.398898 0.417380 0.061823 0.041556
0 0.571083 0.754359 0.073095 0.054395
0 0.724957 0.375749 0.058255 0.036849
0 0.642910 0.710322 0.070942 0.051243
0 0.650243 0.763730 0.069392 0.052292
0 0.614178 0.533392 0.058459 0.039766
0 0.603661 0.302842 0.050195 0.040736
0 0.389230 0.563620 0.049275 0.043906
0 0.617891 0.570133 0.060286 0.044863
0 0.636061 0.659609 0.064293 0.046797
0 0.557311 0.638776 0.059188 0.049531
0 0.752815 0.478206 0.058086 0.039382
0 0.760595 0.547526 0.064123 0.042292
0 0.554110 0.594264 0.049418 0.042891
0 0.607033 0.458617 0.054753 0.038861
0 0.535757 0.479746 0.052747 0.039141
0 0.770215 0.583447 0.067365 0.045111
0 0.385332 0.699137 0.053928 0.049681
0 0.669110 0.967695 0.059852 0.052057
0 0.394501 0.450042 0.045469 0.037962
0 0.671037 0.897575 0.063142 0.059512
0 0.605490 0.426771 0.053533 0.038190
0 0.597704 0.396924 0.056380 0.038210
0 0.712793 0.345339 0.042357 0.035703
0 0.542830 0.445605 0.055035 0.040417
0 0.610805 0.492119 0.052487 0.043952
0 0.756973 0.513434 0.060334 0.040020
0 0.704097 0.317643 0.044609 0.035742
0 0.698566 0.289860 0.052409 0.036999
0 0.542437 0.413929 0.044857 0.036413
0 0.681753 0.220352 0.038976 0.030872
0 0.684067 0.244932 0.048281 0.028835
0 0.687042 0.267148 0.049110 0.029297