0 0.383602 0.684484 0.072693 0.056714
0 0.389678 0.734122 0.065706 0.054018
0 0.386448 0.632959 0.066143 0.053722
0 0.389897 0.787444 0.055682 0.051362
0 0.640696 0.735166 0.070441 0.054398
0 0.650310 0.789711 0.079207 0.060951
0 0.569163 0.785817 0.063696 0.061111
0 0.659112 0.847137 0.066798 0.050693
0 0.776925 0.602830 0.072321 0.047896
0 0.572315 0.843589 0.072574 0.052960
0 0.558992 0.640664 0.065216 0.049984
0 0.748950 0.492501 0.064751 0.044106
0 0.809914 0.743608 0.077986 0.052852
0 0.564049 0.734281 0.067666 0.049573
0 0.622094 0.599623 0.060623 0.050399
0 0.634135 0.687532 0.063280 0.049295
0 0.788469 0.648030 0.072010 0.047435
0 0.633782 0.643291 0.059557 0.047963
0 0.828145 0.795260 0.069827 0.053961
0 0.558371 0.684482 0.054253 0.048039
0 0.711993 0.344772 0.055933 0.042343
0 0.755006 0.527351 0.062482 0.039573
0 0.666771 0.913884 0.061301 0.053269
0 0.594748 0.265714 0.035724 0.035365
0 0.621870 0.558662 0.065088 0.047212
0 0.763882 0.564897 0.065429 0.046976
0 0.612263 0.451604 0.053594 0.040038
0 0.389396 0.846256 0.082810 0.062739
0 0.740376 0.453915 0.057737 0.042955
0 0.611862 0.485895 0.055006 0.039074
0 0.555077 0.595172 0.050213 0.045242
0 0.619503 0.522536 0.068151 0.045072
0 0.733704 0.424211 0.057942 0.038968
0 0.385457 0.583560 0.069595 0.054326
0 0.795558 0.695054 0.066841 0.049788
0 0.581057 0.203153 0.033247 0.037690
0 0.725546 0.392767 0.050653 0.039793
0 0.690923 0.251385 0.040351 0.040809
0 0.833630 0.846187 0.068058 0.054375
0 0.541513 0.483334 0.055314 0.040676
0 0.584820 0.973630 0.088043 0.048311
0 0.854968 0.907848 0.073657 0.055944
0 0.674766 0.981792 0.065141 0.032817
0 0.579147 0.908784 0.074714 0.057028
0 0.871845 0.978891 0.084302 0.036308