0 0.400009 0.574844 0.066250 0.048451
0 0.395256 0.773086 0.073741 0.057109
0 0.831213 0.841676 0.080673 0.052350
0 0.408401 0.896234 0.076280 0.058392
0 0.778043 0.592669 0.073377 0.046732
0 0.819316 0.785137 0.081272 0.050768
0 0.407405 0.835879 0.081970 0.056055
0 0.799503 0.682240 0.068997 0.049661
0 0.793759 0.635439 0.074288 0.051608
0 0.845859 0.905068 0.075052 0.053691
0 0.573778 0.771764 0.082374 0.065677
0 0.583262 0.365837 0.055490 0.044316
0 0.573173 0.901055 0.077118 0.060638
0 0.540990 0.465358 0.052674 0.041602
0 0.655849 0.783903 0.077053 0.055202
0 0.582504 0.969746 0.085920 0.060508
0 0.394709 0.663555 0.070990 0.054648
0 0.405048 0.453890 0.049705 0.040866
0 0.767109 0.554242 0.070755 0.043965
0 0.812365 0.728324 0.060373 0.052025
0 0.557743 0.667666 0.071615 0.049655
0 0.400082 0.619688 0.068663 0.049323
0 0.401404 0.530127 0.059188 0.044993
0 0.404881 0.417510 0.042964 0.039473
0 0.660566 0.902773 0.063364 0.055547
0 0.403123 0.491084 0.059284 0.042428
0 0.590030 0.403031 0.056606 0.041478
0 0.741445 0.452419 0.060677 0.045996
0 0.396202 0.714857 0.054297 0.050560
0 0.404848 0.376247 0.057561 0.044473
0 0.613568 0.538197 0.056207 0.044583
0 0.642103 0.723171 0.069067 0.052760
0 0.858088 0.961429 0.071298 0.053730
0 0.638490 0.672344 0.067491 0.051003
0 0.551934 0.581064 0.064128 0.045293
0 0.754740 0.512474 0.061849 0.046016
0 0.609067 0.499277 0.055547 0.044948
0 0.572509 0.835254 0.069566 0.058047
0 0.667845 0.969971 0.062504 0.055853
0 0.545931 0.541074 0.057235 0.042109
0 0.731771 0.420641 0.057535 0.040241
0 0.544510 0.502565 0.050391 0.040742
0 0.631105 0.621979 0.055890 0.049401
0 0.562589 0.715537 0.073607 0.052793
0 0.554659 0.624785 0.067053 0.047005
0 0.625703 0.578750 0.056849 0.042982
0 0.656743 0.845339 0.074379 0.058568
0 0.705718 0.311322 0.042374 0.032539
0 0.603507 0.465218 0.046936 0.041374
0 0.692678 0.264056 0.052283 0.036133
0 0.724071 0.391400 0.057656 0.035547
0 0.714505 0.339639 0.047769 0.032246
0 0.597094 0.435560 0.053294 0.040469
0 0.722109 0.362705 0.045712 0.034160
0 0.703351 0.287454 0.045738 0.032552
0 0.686773 0.238825 0.050213 0.030697