0 0.399118 0.527599 0.066691 0.049896
0 0.395323 0.831464 0.074138 0.065738
0 0.828865 0.789285 0.071770 0.047721
0 0.753692 0.498522 0.061859 0.042117
0 0.574107 0.695289 0.065461 0.050128
0 0.747897 0.468074 0.060096 0.038812
0 0.406043 0.375331 0.058398 0.042212
0 0.404835 0.767913 0.058453 0.052616
0 0.396577 0.613586 0.061910 0.046468
0 0.783877 0.629466 0.071602 0.043588
0 0.397737 0.570981 0.052127 0.043941
0 0.566200 0.642049 0.056234 0.053943
0 0.600736 0.391746 0.052268 0.041228
0 0.557252 0.513083 0.054100 0.038938
0 0.793833 0.676862 0.065044 0.048235
0 0.585456 0.805232 0.071141 0.060610
0 0.653480 0.754783 0.060295 0.056340
0 0.804013 0.721213 0.058040 0.046793
0 0.404545 0.667905 0.068365 0.051396
0 0.764013 0.538530 0.066258 0.044509
0 0.601284 0.415991 0.049502 0.040313
0 0.847337 0.843216 0.069883 0.052919
0 0.559111 0.553256 0.055390 0.043729
0 0.592107 0.965214 0.084548 0.059035
0 0.706472 0.340422 0.049463 0.036204
0 0.606841 0.317017 0.038388 0.040446
0 0.579994 0.750679 0.073720 0.049523
0 0.561339 0.598158 0.060950 0.048579
0 0.856404 0.900641 0.061765 0.050080
0 0.404013 0.720979 0.055088 0.046324
0 0.405682 0.895633 0.083467 0.057592
0 0.583467 0.886243 0.080128 0.063852
0 0.664847 0.899389 0.055923 0.052584
0 0.674863 0.967623 0.067608 0.058844
0 0.661508 0.813001 0.070947 0.057592
0 0.644815 0.700947 0.060931 0.046324
0 0.644815 0.649614 0.064269 0.051332
0 0.635634 0.607672 0.064269 0.047576
0 0.623948 0.563852 0.057592 0.047576
0 0.621027 0.524414 0.066774 0.043820
0 0.552584 0.478716 0.061765 0.045072
0 0.615184 0.483724 0.055088 0.045072
0 0.609759 0.453050 0.054253 0.041316
0 0.697817 0.287785 0.045072 0.028796
0 0.698234 0.311574 0.044237 0.026292
0 0.719935 0.367914 0.055923 0.038812
0 0.733707 0.396084 0.043403 0.035056
0 0.730369 0.426758 0.051749 0.041316
0 0.773771 0.585762 0.068443 0.041316
0 0.880192 0.960111 0.089310 0.063852