0 0.332218 0.780325 0.076020 0.057776
0 0.353384 0.578106 0.062834 0.050579
0 0.332503 0.715373 0.071531 0.051543
0 0.642721 0.730818 0.070878 0.054835
0 0.647500 0.778233 0.065859 0.049529
0 0.657307 0.839938 0.065752 0.055147
0 0.565360 0.736389 0.075478 0.053409
0 0.320890 0.905794 0.071898 0.055037
0 0.823742 0.783901 0.064517 0.050317
0 0.806639 0.733235 0.066320 0.057780
0 0.785140 0.602290 0.071148 0.046537
0 0.800854 0.684692 0.060205 0.045887
0 0.874670 0.969810 0.090179 0.053755
0 0.791616 0.647439 0.073249 0.049245
0 0.776128 0.555009 0.060875 0.050417
0 0.572709 0.787344 0.072739 0.053445
0 0.620311 0.591935 0.061994 0.048673
0 0.666706 0.903681 0.059792 0.050756
0 0.551803 0.627354 0.063768 0.045835
0 0.737316 0.410693 0.057078 0.040264
0 0.845910 0.840057 0.086330 0.059284
0 0.356924 0.499595 0.062533 0.044624
0 0.767653 0.516385 0.056326 0.048610
0 0.628129 0.631293 0.067068 0.052561
0 0.573107 0.842302 0.075361 0.060777
0 0.623287 0.553578 0.052606 0.039868
0 0.357120 0.536565 0.049100 0.045346
0 0.552314 0.512274 0.059915 0.045417
0 0.546052 0.469847 0.043434 0.042490
0 0.722313 0.369553 0.054204 0.043474
0 0.850955 0.905986 0.071580 0.057317
0 0.632724 0.677158 0.072076 0.058081
0 0.362860 0.460021 0.058265 0.042164
0 0.759634 0.478618 0.065120 0.036291
0 0.618056 0.514988 0.059675 0.046703
0 0.553131 0.678186 0.068190 0.052528
0 0.710661 0.337637 0.051418 0.034497
0 0.743937 0.444653 0.062411 0.040939
0 0.540090 0.390502 0.052769 0.039137
0 0.575747 0.903499 0.076984 0.062796
0 0.549106 0.554740 0.061694 0.050424
0 0.365091 0.422619 0.043934 0.041973
0 0.703541 0.314307 0.046072 0.033579
0 0.610826 0.478474 0.055800 0.038662
0 0.610541 0.445271 0.044750 0.039757
0 0.680150 0.972271 0.063911 0.048549
0 0.395047 0.383641 0.057545 0.044436
0 0.701895 0.287081 0.045192 0.032512
0 0.598702 0.411976 0.045477 0.039184
0 0.590616 0.329364 0.044345 0.031731
0 0.594069 0.376668 0.044040 0.034497
0 0.697684 0.259595 0.039532 0.030767
0 0.592729 0.357092 0.041456 0.034537
0 0.340095 0.667900 0.053302 0.045687
0 0.576907 0.975146 0.089851 0.047971
0 0.546068 0.441178 0.051017 0.033123
0 0.533885 0.358941 0.054063 0.037692
0 0.590994 0.309256 0.043403 0.034265
0 0.586806 0.282415 0.041118 0.033123
0 0.579572 0.250434 0.044926 0.039976
0 0.579572 0.231017 0.046449 0.030839
0 0.579191 0.211600 0.045687 0.028554
0 0.578430 0.185330 0.038073 0.030839
0 0.676657 0.178477 0.038073 0.030839
0 0.679812 0.202962 0.040303 0.024414
0 0.685237 0.223889 0.046503 0.022089
0 0.687562 0.242490 0.041853 0.022089