0 0.774189 0.596404 0.065939 0.051332
0 0.744741 0.474149 0.065254 0.043032
0 0.787229 0.644024 0.068216 0.046061
0 0.759727 0.549853 0.070404 0.051969
0 0.568279 0.840285 0.073645 0.056108
0 0.692723 0.232378 0.039797 0.035164
0 0.625259 0.634214 0.063317 0.053338
0 0.653227 0.789862 0.077493 0.047623
0 0.802999 0.686651 0.058219 0.045897
0 0.724696 0.409236 0.055467 0.039758
0 0.807317 0.739331 0.066093 0.049747
0 0.669732 0.906301 0.059845 0.052903
0 0.750845 0.514933 0.069714 0.050477
0 0.707894 0.321347 0.047201 0.031827
0 0.713218 0.347049 0.051792 0.040450
0 0.865792 0.970606 0.086392 0.053541
0 0.356321 0.650002 0.070955 0.048825
0 0.653914 0.846361 0.068627 0.052585
0 0.566305 0.782805 0.055855 0.066298
0 0.358642 0.807043 0.073815 0.058299
0 0.635998 0.685625 0.060203 0.041972
0 0.550663 0.624425 0.061373 0.045580
0 0.585035 0.973003 0.087735 0.048703
0 0.831393 0.790369 0.066715 0.048636
0 0.641037 0.734751 0.063478 0.050080
0 0.555452 0.669517 0.061180 0.047925
0 0.717934 0.378324 0.046534 0.033403
0 0.566977 0.729597 0.068781 0.050718
0 0.597420 0.413701 0.054304 0.042665
0 0.576436 0.163843 0.032164 0.028914
0 0.856101 0.907347 0.075725 0.054727
0 0.619353 0.548371 0.056838 0.040546
0 0.735673 0.438010 0.050487 0.037735
0 0.400589 0.435590 0.058565 0.040628
0 0.356187 0.705297 0.071980 0.045382
0 0.612750 0.514411 0.056619 0.042541
0 0.622027 0.586688 0.059765 0.050733
0 0.374546 0.516247 0.063304 0.045500
0 0.850497 0.843344 0.086933 0.054426
0 0.365384 0.608823 0.050698 0.039410
0 0.370504 0.564520 0.067110 0.046755
0 0.608194 0.481359 0.052732 0.039532
0 0.382559 0.877197 0.084642 0.062036
0 0.400797 0.473196 0.058692 0.043354
0 0.406657 0.384802 0.059543 0.045337
0 0.603178 0.447607 0.054084 0.041598
0 0.359358 0.757913 0.057592 0.048828
0 0.579294 0.911283 0.071782 0.060096
0 0.667768 0.979730 0.065104 0.039238