0 0.212485 0.767451 0.046862 0.107272
0 0.392786 0.847191 0.080859 0.054017
0 0.391567 0.781794 0.073325 0.052897
0 0.383500 0.723743 0.069631 0.048893
0 0.766055 0.542028 0.060009 0.041960
0 0.391563 0.915537 0.085434 0.060189
0 0.403954 0.383568 0.058941 0.043659
0 0.256673 0.584229 0.034605 0.067376
0 0.276463 0.752113 0.037431 0.095267
0 0.876636 0.970833 0.085182 0.053164
0 0.387279 0.668291 0.071302 0.048301
0 0.395701 0.491208 0.062218 0.043822
0 0.801254 0.677233 0.076970 0.049388
0 0.838531 0.837148 0.076923 0.049036
0 0.825920 0.781637 0.077179 0.050475
0 0.587763 0.904564 0.074865 0.057643
0 0.594238 0.972048 0.076402 0.052923
0 0.602255 0.430120 0.055916 0.040384
0 0.850401 0.898861 0.072001 0.054622
0 0.778175 0.583698 0.070777 0.045078
0 0.812493 0.724245 0.070265 0.046888
0 0.391348 0.618346 0.065091 0.048255
0 0.752409 0.500319 0.059705 0.041471
0 0.392322 0.570355 0.062283 0.046361
0 0.650668 0.784857 0.069722 0.054844
0 0.402724 0.422806 0.050846 0.040221
0 0.573457 0.722474 0.071437 0.053138
0 0.682031 0.248630 0.038290 0.032767
0 0.572767 0.780085 0.068121 0.051888
0 0.557352 0.671891 0.069905 0.050176
0 0.583546 0.841263 0.074071 0.058138
0 0.787194 0.632565 0.068668 0.045755
0 0.624058 0.625742 0.063116 0.047331
0 0.545618 0.533626 0.054449 0.042578
0 0.740781 0.456051 0.066606 0.046595
0 0.547826 0.576549 0.061562 0.044232
0 0.553238 0.622536 0.058854 0.048639
0 0.634655 0.672542 0.067817 0.050801
0 0.587138 0.368730 0.051610 0.036875
0 0.621055 0.580895 0.066780 0.046921
0 0.660030 0.842594 0.063064 0.053796
0 0.610263 0.499964 0.055603 0.044160
0 0.543694 0.487021 0.062543 0.048275
0 0.643878 0.722728 0.058876 0.049701
0 0.660200 0.903730 0.058802 0.051563
0 0.708162 0.358919 0.048251 0.035742
0 0.401806 0.457868 0.045668 0.038535
0 0.536858 0.449727 0.055252 0.042513
0 0.672181 0.968812 0.062626 0.055840
0 0.593457 0.400153 0.056437 0.037663
0 0.617003 0.540374 0.059987 0.043418
0 0.701226 0.304144 0.042826 0.035462
0 0.707335 0.331937 0.049818 0.034577
0 0.727513 0.422630 0.050538 0.035339
0 0.691853 0.276507 0.043819 0.036230
0 0.535595 0.415208 0.046797 0.038464
0 0.599180 0.341364 0.053325 0.037507
0 0.526806 0.385850 0.044280 0.034720
0 0.598377 0.284938 0.051892 0.039564
0 0.600035 0.313496 0.052752 0.037617
0 0.590122 0.261797 0.042908 0.029831