0 0.659447 0.838919 0.073459 0.053099
0 0.573589 0.726637 0.075252 0.051426
0 0.567565 0.839772 0.072031 0.054688
0 0.788932 0.634372 0.070130 0.047467
0 0.568001 0.781296 0.069631 0.053919
0 0.802930 0.728571 0.080382 0.051934
0 0.646593 0.775124 0.071406 0.053815
0 0.774744 0.593610 0.063238 0.044225
0 0.215004 0.810156 0.079193 0.054987
0 0.394644 0.727988 0.071684 0.058906
0 0.638247 0.677529 0.059401 0.047533
0 0.855043 0.964837 0.086536 0.056602
0 0.849045 0.896286 0.072839 0.052246
0 0.829551 0.840452 0.083468 0.056829
0 0.587645 0.972542 0.085690 0.050371
0 0.675584 0.902142 0.074188 0.056146
0 0.237140 0.684906 0.060104 0.048223
0 0.562283 0.627767 0.050208 0.047070
0 0.557305 0.579499 0.056814 0.045755
0 0.746623 0.480013 0.060156 0.045260
0 0.387465 0.618197 0.065295 0.053086
0 0.575749 0.898281 0.069197 0.055547
0 0.397196 0.783812 0.058073 0.052298
0 0.400558 0.673115 0.061819 0.055124
0 0.762739 0.551895 0.066884 0.045638
0 0.618811 0.548665 0.059314 0.047109
0 0.644167 0.723652 0.061311 0.051523
0 0.820245 0.774824 0.061332 0.052630
0 0.568333 0.676507 0.067995 0.051087
0 0.384546 0.840576 0.084345 0.069329
0 0.736706 0.445697 0.063177 0.043281
0 0.378993 0.919271 0.077300 0.060820
0 0.393984 0.537679 0.050043 0.042480
0 0.383613 0.974124 0.084162 0.047233
0 0.626285 0.590013 0.064392 0.046016
0 0.628318 0.628991 0.054657 0.051367
0 0.550911 0.537279 0.055660 0.046055
0 0.801580 0.680628 0.061745 0.049577
0 0.616895 0.510485 0.062982 0.043392
0 0.752029 0.517607 0.064692 0.039941
0 0.397224 0.430049 0.061489 0.043431
0 0.546343 0.501647 0.058520 0.043034
0 0.394783 0.578092 0.065920 0.049010
0 0.393303 0.497363 0.061432 0.047266
0 0.610560 0.441898 0.057153 0.040358
0 0.703244 0.308590 0.053398 0.036400
0 0.547153 0.463965 0.064245 0.045937
0 0.714701 0.359307 0.058481 0.040033
0 0.730191 0.415697 0.054922 0.037148
0 0.615039 0.474987 0.050425 0.040365
0 0.542281 0.430283 0.056471 0.043809
0 0.602563 0.383001 0.044744 0.037266
0 0.683809 0.972100 0.077305 0.051855
0 0.605180 0.411885 0.053859 0.036087
0 0.589067 0.330840 0.043437 0.034141
0 0.588861 0.304880 0.046793 0.038861
0 0.397426 0.463216 0.051858 0.043099
0 0.710525 0.332848 0.052413 0.034421
0 0.724874 0.389593 0.055521 0.037520
0 0.594468 0.357881 0.049657 0.034681