0 0.397841 0.784863 0.079128 0.057799
0 0.399881 0.719645 0.068589 0.051882
0 0.795454 0.633193 0.070673 0.048327
0 0.625393 0.542438 0.061289 0.046960
0 0.390673 0.841273 0.060278 0.051764
0 0.380603 0.960869 0.083516 0.064160
0 0.573615 0.777721 0.076875 0.056510
0 0.584696 0.830124 0.070043 0.055352
0 0.392737 0.663262 0.079388 0.058906
0 0.812010 0.727035 0.076849 0.051686
0 0.385597 0.894818 0.062782 0.055781
0 0.656098 0.776865 0.075608 0.056400
0 0.589236 0.896191 0.078316 0.058451
0 0.394436 0.495586 0.058776 0.042070
0 0.396552 0.615856 0.067227 0.046908
0 0.570679 0.724531 0.064605 0.049609
0 0.571643 0.672858 0.069475 0.050911
0 0.840612 0.828841 0.071997 0.051406
0 0.564796 0.622936 0.065460 0.047188
0 0.733661 0.432796 0.061332 0.045150
0 0.594015 0.968359 0.084844 0.061133
0 0.557884 0.540785 0.058997 0.045775
0 0.769796 0.544128 0.068481 0.045417
0 0.849429 0.888971 0.076845 0.056510
0 0.799622 0.680283 0.068880 0.051074
0 0.673129 0.240560 0.050842 0.036380
0 0.555484 0.501058 0.058563 0.043027
0 0.540851 0.426523 0.060512 0.045820
0 0.665430 0.895055 0.062448 0.055020
0 0.407405 0.382337 0.058273 0.044831
0 0.397159 0.573398 0.064171 0.042969
0 0.662064 0.836663 0.065343 0.052832
0 0.830184 0.771774 0.070100 0.056478
0 0.404785 0.422269 0.043459 0.041751
0 0.703943 0.343392 0.052253 0.039206
0 0.629559 0.622070 0.065490 0.050612
0 0.624444 0.581683 0.057413 0.043913
0 0.649783 0.724297 0.064757 0.050443
0 0.605438 0.401038 0.050243 0.039954
0 0.640560 0.672246 0.056623 0.053086
0 0.781280 0.580120 0.059280 0.053314
0 0.873140 0.950124 0.087036 0.061536
0 0.622986 0.503577 0.063299 0.047103
0 0.551402 0.465856 0.049349 0.040658
0 0.220263 0.733743 0.049467 0.119150
0 0.396450 0.535459 0.049149 0.040723
0 0.758563 0.509072 0.065538 0.041309
0 0.677910 0.270635 0.048181 0.034512
0 0.593668 0.341146 0.053628 0.037279
0 0.615820 0.464238 0.052977 0.045456
0 0.719991 0.401035 0.052674 0.038919
0 0.580844 0.259570 0.047088 0.035182
0 0.580180 0.234460 0.047591 0.034818
0 0.668283 0.966419 0.063477 0.057500
0 0.583181 0.285713 0.039184 0.034941
0 0.697216 0.318506 0.048668 0.034095
0 0.748698 0.472637 0.063090 0.046172
0 0.689781 0.293776 0.053277 0.036693
0 0.598034 0.371377 0.058542 0.040553
0 0.714434 0.373363 0.052964 0.034980
0 0.589178 0.315270 0.047365 0.035658
0 0.611834 0.432721 0.054049 0.038190
0 0.584442 0.209964 0.037287 0.028327