0 0.652014 0.783333 0.075122 0.052904
0 0.790970 0.582692 0.058242 0.041139
0 0.806647 0.673486 0.071298 0.048092
0 0.816608 0.722884 0.069067 0.047773
0 0.873555 0.965618 0.083872 0.059362
0 0.579894 0.852832 0.072834 0.054987
0 0.595454 0.974108 0.085256 0.047565
0 0.853707 0.898766 0.073307 0.050944
0 0.831914 0.777852 0.082587 0.053307
0 0.658095 0.843818 0.056467 0.045475
0 0.803611 0.629076 0.062300 0.046667
0 0.679362 0.971146 0.074219 0.054023
0 0.844392 0.838665 0.066441 0.049857
0 0.657615 0.903376 0.060187 0.052337
0 0.578140 0.911898 0.071332 0.059017
0 0.625579 0.594150 0.059648 0.046100
0 0.592227 0.326081 0.052500 0.047370
0 0.532211 0.378037 0.053164 0.040814
0 0.690829 0.240029 0.039158 0.032832