0 0.388856 0.678528 0.052895 0.049227
0 0.564396 0.629343 0.065019 0.047853
0 0.387352 0.729844 0.070151 0.058797
0 0.389974 0.583138 0.071082 0.055071
0 0.769235 0.559002 0.064218 0.044641
0 0.780912 0.602453 0.070510 0.046337
0 0.617082 0.556382 0.054245 0.045469
0 0.560906 0.582232 0.047748 0.050167
0 0.550153 0.538359 0.061341 0.045033
0 0.384973 0.630137 0.066010 0.055314
0 0.758996 0.515140 0.065602 0.047344
0 0.619105 0.511019 0.063662 0.045699
0 0.790903 0.645523 0.066545 0.047622
0 0.607490 0.468064 0.059159 0.047495
0 0.724259 0.394450 0.054553 0.045835
0 0.586387 0.898760 0.083026 0.060502
0 0.381231 0.542671 0.049268 0.038955
0 0.580850 0.838809 0.074368 0.053269
0 0.806713 0.692434 0.054199 0.048325
0 0.660014 0.840580 0.070429 0.051994
0 0.546087 0.495283 0.053771 0.047958
0 0.731847 0.437793 0.061525 0.043822
0 0.400401 0.506717 0.060460 0.043394
0 0.744818 0.470992 0.053940 0.045496
0 0.827187 0.816546 0.083461 0.055509
0 0.627671 0.602620 0.066841 0.049992
0 0.570735 0.786886 0.064816 0.049358
0 0.571794 0.734108 0.070247 0.051065
0 0.839279 0.877831 0.070673 0.049038
0 0.665934 0.896596 0.062097 0.055667
0 0.607322 0.406967 0.050780 0.038330
0 0.565464 0.676531 0.072501 0.052586
0 0.599715 0.962239 0.084510 0.059801
0 0.815175 0.759215 0.066113 0.052484
0 0.719229 0.342126 0.050657 0.034812
0 0.399912 0.466842 0.062441 0.041067
0 0.860688 0.943791 0.074495 0.056634
0 0.387672 0.849093 0.081093 0.058025
0 0.642249 0.776524 0.055847 0.048883
0 0.647063 0.733597 0.063431 0.051975
0 0.544639 0.367405 0.050385 0.034778
0 0.548294 0.400953 0.054230 0.036995
0 0.724587 0.364546 0.055534 0.036765
0 0.407118 0.430191 0.062548 0.045645
0 0.637770 0.688491 0.068713 0.048486
0 0.603360 0.319962 0.047108 0.037709
0 0.638088 0.643872 0.072331 0.053624
0 0.604953 0.379808 0.053849 0.042568
0 0.545366 0.463811 0.050783 0.035589
0 0.255531 0.513540 0.049246 0.123946
0 0.549581 0.432654 0.048626 0.036209
0 0.683373 0.219142 0.050911 0.036519
0 0.675293 0.972264 0.060332 0.049176
0 0.708984 0.292031 0.051431 0.041876
0 0.386100 0.909639 0.065976 0.060359
0 0.681524 0.193785 0.052552 0.028997
0 0.601896 0.353318 0.048277 0.037955
0 0.394100 0.784213 0.064550 0.054802
0 0.691997 0.246474 0.051796 0.033795
0 0.401926 0.384190 0.059261 0.041316
0 0.411525 0.351012 0.043403 0.035056
0 0.609759 0.440530 0.047576 0.041316
0 0.599743 0.294045 0.042568 0.031300
0 0.595987 0.268379 0.036725 0.035056
0 0.595152 0.246469 0.045072 0.026292
0 0.590562 0.225185 0.047576 0.033804
0 0.589310 0.203275 0.048411 0.032552
0 0.587223 0.183243 0.037560 0.027544
0 0.582632 0.165089 0.046741 0.028796
0 0.713675 0.314704 0.041733 0.027544
0 0.696565 0.268379 0.049245 0.030048
0 0.676115 0.177609 0.043403 0.026292