0 0.812476 0.743349 0.077839 0.053506
0 0.657064 0.846290 0.057276 0.051902
0 0.636952 0.688626 0.072633 0.048048
0 0.577961 0.845517 0.063952 0.055342
0 0.569988 0.788958 0.071898 0.052119
0 0.652315 0.789668 0.064725 0.051925
0 0.579795 0.906363 0.075385 0.055741
0 0.558402 0.679093 0.068648 0.052725
0 0.790248 0.643774 0.063340 0.048734
0 0.630565 0.639555 0.068178 0.055166
0 0.577805 0.972488 0.089959 0.048421
0 0.748000 0.492223 0.063800 0.049596
0 0.644903 0.734973 0.056792 0.052656
0 0.796470 0.687670 0.076465 0.049819
0 0.689922 0.249789 0.042783 0.034996
0 0.614432 0.559828 0.059039 0.053685
0 0.661180 0.916293 0.058612 0.052250
0 0.820285 0.792932 0.070936 0.053168
0 0.767087 0.566033 0.070884 0.048550
0 0.624997 0.597688 0.054922 0.044967
0 0.596335 0.451665 0.051627 0.038961
0 0.405603 0.686676 0.073610 0.052840
0 0.781722 0.602604 0.060240 0.046456
0 0.739656 0.454656 0.064476 0.046583
0 0.556796 0.634866 0.067468 0.051816
0 0.733302 0.424876 0.055507 0.036057
0 0.662665 0.979713 0.064543 0.036786
0 0.842384 0.844773 0.068103 0.053528
0 0.610485 0.516106 0.056683 0.044000
0 0.601012 0.484408 0.054249 0.037896
0 0.404430 0.844927 0.062600 0.058844
0 0.567486 0.727546 0.076122 0.053831
0 0.557283 0.586448 0.059860 0.046149
0 0.756827 0.527391 0.065415 0.044887
0 0.404453 0.783210 0.057548 0.045587
0 0.840128 0.907527 0.077624 0.056340
0 0.864849 0.974858 0.086609 0.045770
0 0.403596 0.735377 0.074286 0.052584
0 0.730786 0.397962 0.060931 0.041316