0 0.652636 0.715167 0.067897 0.048103
0 0.658879 0.771410 0.071382 0.047958
0 0.595434 0.271028 0.048974 0.042280
0 0.728999 0.406849 0.054621 0.041716
0 0.593978 0.221906 0.040950 0.029682
0 0.667412 0.830459 0.076190 0.055151
0 0.404956 0.373542 0.059093 0.046127
0 0.583480 0.805371 0.069895 0.052505
0 0.849498 0.881037 0.071930 0.051338
0 0.650837 0.662791 0.058491 0.047448
0 0.401155 0.548018 0.063420 0.044892
0 0.816443 0.758139 0.073463 0.050253
0 0.600601 0.251047 0.040852 0.034665
0 0.717210 0.370126 0.058101 0.041006
0 0.586998 0.942497 0.081685 0.056064
0 0.706631 0.336852 0.042804 0.037672
0 0.604496 0.391633 0.051424 0.038676
0 0.609777 0.456302 0.052491 0.036065
0 0.395249 0.591396 0.050915 0.042568
0 0.398588 0.636468 0.069278 0.050080
0 0.399005 0.684044 0.053419 0.050080
0 0.399422 0.734751 0.069278 0.053836
0 0.401926 0.790465 0.075955 0.055088
0 0.399422 0.848057 0.059261 0.050080
0 0.555088 0.521284 0.053419 0.042568
0 0.560931 0.564478 0.060096 0.041316
0 0.558844 0.606420 0.052584 0.042568
0 0.567608 0.651492 0.061765 0.050080
0 0.570112 0.704703 0.071782 0.056340
0 0.582632 0.873097 0.075120 0.060096
0 0.666099 0.899389 0.066774 0.055088
0 0.666099 0.960737 0.061765 0.052584
0 0.638972 0.617062 0.064269 0.043820
0 0.630208 0.578876 0.058427 0.047576
0 0.622696 0.538812 0.065104 0.042568
0 0.619358 0.495618 0.053419 0.041316
0 0.616436 0.424254 0.055923 0.038812
0 0.601412 0.361654 0.040899 0.038812
0 0.751235 0.508764 0.061765 0.040064
0 0.770015 0.587640 0.069278 0.050080
0 0.790882 0.638346 0.067608 0.046324
0 0.800063 0.685922 0.060931 0.043820
0 0.835954 0.821139 0.072616 0.053836