0 0.290532 0.606253 0.036792 0.067943
0 0.372438 0.633586 0.072950 0.048829
0 0.367223 0.684046 0.071416 0.054916
0 0.378583 0.592195 0.060281 0.045199
0 0.541927 0.376409 0.053579 0.038971
0 0.600556 0.280231 0.047619 0.036392
0 0.741766 0.450553 0.061814 0.037778
0 0.734740 0.416122 0.053920 0.036156
0 0.720843 0.359711 0.045680 0.036003
0 0.653365 0.738760 0.060150 0.050745
0 0.383260 0.550474 0.065217 0.046959
0 0.706152 0.315130 0.040041 0.036707
0 0.640392 0.596174 0.063286 0.047165
0 0.556389 0.506461 0.054196 0.040851
0 0.700464 0.287314 0.053132 0.032862
0 0.398641 0.378384 0.057019 0.043334
0 0.631428 0.552770 0.060681 0.040945
0 0.372936 0.811450 0.057694 0.054121
0 0.550606 0.436865 0.053702 0.035806
0 0.384100 0.483454 0.057499 0.041536
0 0.595631 0.227063 0.047453 0.037560
0 0.562158 0.542176 0.058955 0.040240
0 0.550126 0.471097 0.050810 0.033281
0 0.393264 0.452829 0.054885 0.041759
0 0.369884 0.751049 0.056250 0.051413
0 0.615804 0.477660 0.062325 0.043193
0 0.751625 0.489152 0.057589 0.038486
0 0.575628 0.736046 0.066336 0.051078
0 0.366263 0.873192 0.061758 0.051661
0 0.636486 0.640765 0.056349 0.045580
0 0.570722 0.887542 0.078010 0.058750
0 0.586953 0.950866 0.083858 0.057899
0 0.781232 0.597303 0.062088 0.045663
0 0.624201 0.514358 0.055791 0.043532
0 0.591510 0.184260 0.047348 0.032081
0 0.609554 0.384449 0.054664 0.041836
0 0.402676 0.415760 0.055235 0.039867
0 0.612505 0.442750 0.053475 0.041295
0 0.569840 0.585663 0.054011 0.048229
0 0.364879 0.930752 0.073169 0.058374
0 0.768483 0.557844 0.060669 0.040028
0 0.655777 0.820383 0.076482 0.056248
0 0.567420 0.632609 0.063023 0.046674
0 0.607504 0.412360 0.048748 0.042568
0 0.644513 0.688141 0.066544 0.051903
0 0.786672 0.642946 0.065342 0.043466
0 0.569695 0.822391 0.075955 0.058844
0 0.653579 0.884365 0.070112 0.055088
0 0.669855 0.966997 0.060931 0.052584
0 0.572616 0.682792 0.053419 0.050080
0 0.603499 0.253355 0.036725 0.032552
0 0.597656 0.204527 0.043403 0.032552
0 0.800063 0.695312 0.064269 0.047576
0 0.820930 0.744767 0.057592 0.046324
0 0.838458 0.794847 0.067608 0.051332
0 0.841380 0.855569 0.071782 0.055088
0 0.858073 0.910031 0.085136 0.056340
0 0.876018 0.967623 0.085971 0.058844
0 0.764590 0.521910 0.051749 0.038812
0 0.698234 0.265875 0.049245 0.030048