0 0.399425 0.740739 0.065412 0.051048
0 0.790243 0.633392 0.074835 0.049128
0 0.401267 0.634215 0.068411 0.049993
0 0.690349 0.950104 0.075820 0.053906
0 0.395321 0.797695 0.077847 0.058555
0 0.670347 0.884655 0.061780 0.053138
0 0.815677 0.731647 0.076259 0.051862
0 0.659395 0.768490 0.080369 0.059245
0 0.652279 0.667422 0.070477 0.051458
0 0.391100 0.679805 0.071827 0.054766
0 0.393700 0.852686 0.063589 0.054746
0 0.830597 0.839098 0.071732 0.052689
0 0.382632 0.915788 0.063424 0.053464
0 0.588290 0.879883 0.076675 0.057292
0 0.558134 0.523786 0.064219 0.045189
0 0.666506 0.826950 0.069158 0.056764
0 0.556363 0.483385 0.053177 0.043281
0 0.654685 0.716833 0.073207 0.053822
0 0.747320 0.474867 0.061628 0.042598
0 0.803763 0.683382 0.068759 0.050163
0 0.253155 0.508197 0.043411 0.127487
0 0.573472 0.650745 0.068646 0.048223
0 0.848201 0.898604 0.085334 0.062025
0 0.637941 0.581058 0.056784 0.044928
0 0.644184 0.620312 0.056667 0.046536
0 0.824727 0.778460 0.070877 0.048249
0 0.872680 0.955934 0.092374 0.060150
0 0.569861 0.601689 0.062639 0.047598
0 0.577122 0.696989 0.067856 0.051647
0 0.631005 0.539287 0.057791 0.049603
0 0.575560 0.748434 0.065920 0.051504
0 0.565757 0.559372 0.056671 0.044915
0 0.600994 0.948623 0.062934 0.056478
0 0.756313 0.507493 0.063129 0.047370
0 0.392995 0.578034 0.062483 0.048971
0 0.393924 0.504375 0.060564 0.041810
0 0.617272 0.465068 0.054701 0.040410
0 0.395920 0.541628 0.066675 0.045755
0 0.624470 0.500078 0.056389 0.045781
0 0.395731 0.471683 0.046871 0.039004
0 0.611790 0.430339 0.056662 0.043021
0 0.579253 0.812168 0.078142 0.058997
0 0.766306 0.547620 0.064861 0.046855
0 0.554570 0.443779 0.047118 0.042741
0 0.550252 0.412845 0.050660 0.040313
0 0.740946 0.440173 0.055451 0.041921
0 0.777209 0.585326 0.057934 0.049245
0 0.730197 0.412220 0.059970 0.036471
0 0.608622 0.400511 0.045360 0.036868
0 0.720673 0.365521 0.042205 0.041745
0 0.695690 0.263786 0.047092 0.031361
0 0.698266 0.288802 0.044431 0.037122
0 0.583138 0.223099 0.042422 0.035313
0 0.582993 0.198066 0.041940 0.034661