0 0.393802 0.732740 0.075090 0.057452
0 0.388162 0.677247 0.069671 0.054813
0 0.387227 0.789292 0.059199 0.050824
0 0.553934 0.551292 0.063620 0.043738
0 0.756463 0.523308 0.067360 0.041982
0 0.627545 0.593863 0.067168 0.053120
0 0.395001 0.584601 0.067155 0.050483
0 0.621090 0.517057 0.061500 0.044763
0 0.396187 0.623892 0.061586 0.049635
0 0.614007 0.479754 0.055559 0.044818
0 0.740861 0.455232 0.055924 0.038241
0 0.772032 0.562532 0.061405 0.046007
0 0.558749 0.731918 0.068490 0.048639
0 0.598182 0.385528 0.058210 0.038640
0 0.751093 0.489724 0.063294 0.041277
0 0.396605 0.542030 0.047897 0.043082
0 0.637994 0.732425 0.062020 0.043381
0 0.655348 0.844384 0.066532 0.050086
0 0.631062 0.637564 0.063446 0.050501
0 0.593483 0.318865 0.050915 0.036750
0 0.722545 0.365632 0.056545 0.031745
0 0.626695 0.553504 0.063026 0.044086
0 0.399897 0.503927 0.062283 0.046648
0 0.561166 0.778740 0.071770 0.048388
0 0.550656 0.507697 0.055885 0.048198
0 0.555499 0.589106 0.062715 0.044466
0 0.800072 0.685808 0.058569 0.045273
0 0.638254 0.685882 0.059932 0.047272
0 0.730622 0.393908 0.058709 0.037080
0 0.733611 0.427654 0.057785 0.038101
0 0.596626 0.267003 0.039620 0.034808
0 0.411610 0.375751 0.046304 0.044105
0 0.710415 0.341133 0.049089 0.030324
0 0.549347 0.442497 0.057795 0.037739
0 0.572573 0.835381 0.064530 0.052174
0 0.408139 0.439334 0.049111 0.040274
0 0.820878 0.788177 0.075126 0.047484
0 0.548501 0.476139 0.059297 0.038715
0 0.784336 0.645521 0.065496 0.042850
0 0.661462 0.904477 0.060868 0.052812
0 0.683117 0.226775 0.043588 0.029471
0 0.815030 0.733924 0.062360 0.042846
0 0.584760 0.973542 0.088083 0.048678
0 0.393580 0.849309 0.085136 0.057592
0 0.403014 0.473708 0.061259 0.047576
0 0.559850 0.629484 0.067461 0.050145
0 0.580963 0.908153 0.070947 0.055088
0 0.669855 0.981395 0.058427 0.031300
0 0.644398 0.789213 0.052584 0.045072
0 0.603499 0.416742 0.047576 0.038812
0 0.611428 0.448042 0.055088 0.036308
0 0.588892 0.348508 0.041733 0.042568
0 0.592648 0.295923 0.040899 0.035056
0 0.834702 0.844927 0.064269 0.046324
0 0.851396 0.911283 0.074286 0.053836
0 0.860994 0.976287 0.085136 0.046124
0 0.684462 0.206405 0.044237 0.026292
0 0.696982 0.273387 0.047576 0.027544
0 0.708667 0.318460 0.050915 0.030048
0 0.704494 0.294045 0.042568 0.031300