0 0.879710 0.959669 0.090987 0.056790
0 0.686548 0.243339 0.045907 0.027544
0 0.599599 0.290173 0.048958 0.036541
0 0.404407 0.665752 0.068497 0.053630
0 0.753247 0.496038 0.063630 0.045557
0 0.395736 0.612901 0.064221 0.049766
0 0.745934 0.463411 0.062532 0.037826
0 0.406311 0.374618 0.058302 0.042397
0 0.604813 0.318716 0.038730 0.035407
0 0.697358 0.289962 0.045824 0.031955
0 0.763261 0.537724 0.068802 0.044838
0 0.773349 0.583711 0.069288 0.047229
0 0.396818 0.570199 0.052170 0.043945
0 0.705859 0.339626 0.051252 0.037278
0 0.411413 0.414691 0.058943 0.039302
0 0.782210 0.628191 0.069995 0.043868
0 0.405415 0.450362 0.058961 0.041684
0 0.402843 0.716632 0.053357 0.047514
0 0.583765 0.885476 0.078895 0.059084
0 0.620430 0.518953 0.064920 0.045059
0 0.404287 0.766490 0.056746 0.049497
0 0.402761 0.488732 0.064269 0.050080
0 0.400674 0.531300 0.065104 0.052584
0 0.398170 0.833033 0.078459 0.055088
0 0.405682 0.898137 0.080128 0.055088
0 0.406934 0.963241 0.077624 0.060096
0 0.548828 0.444286 0.055923 0.038812
0 0.553419 0.480594 0.060096 0.041316
0 0.556757 0.516276 0.051749 0.042568
0 0.555505 0.553836 0.059261 0.042568
0 0.559679 0.597030 0.062600 0.046324
0 0.565522 0.640224 0.059261 0.050080
0 0.573034 0.696565 0.067608 0.047576
0 0.578042 0.752905 0.070947 0.050080
0 0.585136 0.804237 0.066774 0.055088
0 0.590144 0.967623 0.081798 0.058844
0 0.625618 0.563852 0.057592 0.045072
0 0.636468 0.606420 0.060931 0.045072
0 0.644398 0.650240 0.065104 0.047576
0 0.646067 0.699069 0.065104 0.047576
0 0.655248 0.755409 0.061765 0.052584
0 0.662760 0.811749 0.073451 0.060096
0 0.665264 0.898763 0.058427 0.048828
0 0.676115 0.970027 0.070112 0.058644
0 0.616019 0.483724 0.051749 0.045072
0 0.610594 0.450546 0.057592 0.036308
0 0.601830 0.418620 0.051749 0.035056
0 0.600995 0.390450 0.051749 0.036308
0 0.599326 0.364158 0.040064 0.036308
0 0.685714 0.266501 0.044237 0.031300
0 0.700321 0.315330 0.043403 0.031300
0 0.719935 0.369166 0.054253 0.038812
0 0.732873 0.396084 0.043403 0.035056
0 0.731203 0.424254 0.058427 0.041316
0 0.793803 0.675906 0.061765 0.048828
0 0.802567 0.724735 0.055923 0.048828
0 0.829694 0.789213 0.066774 0.052584
0 0.846388 0.847431 0.063435 0.056340
0 0.855152 0.901267 0.062600 0.051332