0 0.387424 0.729991 0.073904 0.057261
0 0.392522 0.678761 0.071081 0.049892
0 0.573913 0.740643 0.075865 0.053101
0 0.585556 0.854964 0.072886 0.054265
0 0.654738 0.799124 0.078492 0.062756
0 0.577933 0.638423 0.068485 0.045294
0 0.397494 0.584108 0.069593 0.052889
0 0.658736 0.857280 0.059987 0.051284
0 0.651382 0.696230 0.063756 0.050884
0 0.786763 0.644465 0.071171 0.051536
0 0.777512 0.602909 0.069165 0.047627
0 0.394543 0.629236 0.069976 0.049762
0 0.747225 0.484587 0.065743 0.045242
0 0.653884 0.740923 0.056116 0.053227
0 0.829422 0.796639 0.077320 0.049501
0 0.400060 0.545389 0.058020 0.044225
0 0.576396 0.784839 0.067586 0.049677
0 0.579823 0.915572 0.083126 0.058468
0 0.622644 0.519169 0.056631 0.043260
0 0.637334 0.603146 0.056008 0.042467
0 0.393237 0.783668 0.055237 0.058666
0 0.648993 0.646335 0.056526 0.050298
0 0.737046 0.446164 0.063435 0.037560
0 0.572061 0.681407 0.054916 0.049545
0 0.628766 0.562277 0.062011 0.044647
0 0.668889 0.922944 0.072828 0.061078
0 0.620379 0.481153 0.060688 0.047037
0 0.715625 0.348865 0.060657 0.041854
0 0.845133 0.854085 0.068737 0.051608
0 0.802176 0.689564 0.061217 0.048690
0 0.564671 0.555496 0.069546 0.039448
0 0.755826 0.521284 0.060931 0.045072
0 0.399661 0.471452 0.051969 0.040503
0 0.691389 0.250250 0.046243 0.033755
0 0.401699 0.505413 0.047144 0.041768
0 0.554748 0.481732 0.061423 0.041640
0 0.545386 0.419927 0.055588 0.039240
0 0.392328 0.845245 0.085136 0.055704
0 0.558905 0.520998 0.059382 0.040635
0 0.725549 0.378878 0.056609 0.039600
0 0.807405 0.735947 0.067949 0.053726
0 0.573764 0.590478 0.066467 0.047717
0 0.859781 0.921737 0.077831 0.059796
0 0.600623 0.380943 0.049727 0.036413
0 0.601760 0.327185 0.050219 0.035133
0 0.772872 0.555780 0.058297 0.043688
0 0.612401 0.446529 0.051855 0.039910
0 0.729427 0.415318 0.064025 0.045525
0 0.674138 0.972740 0.071844 0.049668
0 0.611462 0.413438 0.049129 0.040907
0 0.594254 0.232236 0.043530 0.027214
0 0.575251 0.978739 0.063563 0.037834
0 0.594964 0.278696 0.037612 0.034813
0 0.872750 0.974259 0.080139 0.046952
0 0.238749 0.607046 0.058427 0.141476
0 0.385650 0.920673 0.080128 0.060096
0 0.395249 0.423628 0.059261 0.050080
0 0.548828 0.452424 0.050915 0.035056
0 0.601412 0.356646 0.047576 0.036308
0 0.602247 0.301557 0.039229 0.033804
0 0.595570 0.259615 0.045907 0.027544
0 0.699069 0.275265 0.045907 0.036308