0 0.655449 0.778151 0.073563 0.053763
0 0.397572 0.785068 0.079909 0.057337
0 0.394538 0.495892 0.059327 0.043268
0 0.794878 0.633037 0.070694 0.049095
0 0.648741 0.724668 0.065104 0.049023
0 0.557480 0.540417 0.058277 0.044023
0 0.625017 0.543236 0.061068 0.046094
0 0.541109 0.426722 0.059648 0.046322
0 0.810970 0.728122 0.073190 0.052155
0 0.662613 0.836595 0.064366 0.051979
0 0.389238 0.840980 0.062626 0.051413
0 0.849507 0.890423 0.075082 0.056133
0 0.400002 0.719072 0.068772 0.052741
0 0.672750 0.241660 0.049336 0.037396
0 0.396228 0.615182 0.067543 0.049049
0 0.589453 0.895384 0.077865 0.056940
0 0.839551 0.827904 0.070751 0.049453
0 0.583995 0.830016 0.071558 0.054473
0 0.624214 0.583102 0.055113 0.041816
0 0.573118 0.777396 0.075786 0.055664
0 0.665731 0.892601 0.059813 0.051868
0 0.800312 0.680706 0.070816 0.051816
0 0.391647 0.663011 0.079735 0.058496
0 0.570896 0.724277 0.064501 0.049219
0 0.769303 0.543962 0.069258 0.043743
0 0.571118 0.672835 0.070395 0.050020
0 0.640755 0.670566 0.054661 0.050664
0 0.629260 0.623177 0.063190 0.048971
0 0.829761 0.774134 0.068611 0.052096
0 0.594290 0.967969 0.086228 0.058398
0 0.555130 0.502152 0.057925 0.042181
0 0.733101 0.432926 0.061324 0.043900
0 0.747090 0.473542 0.063720 0.044349
0 0.564347 0.622367 0.065725 0.045645
0 0.595716 0.373118 0.056198 0.039674
0 0.397244 0.574460 0.066120 0.045937
0 0.385566 0.894365 0.063954 0.056582
0 0.407387 0.382240 0.058281 0.045807
0 0.871313 0.948577 0.090664 0.058105
0 0.703852 0.342738 0.052131 0.039368
0 0.757164 0.510254 0.064223 0.038815
0 0.623212 0.503265 0.062951 0.047324
0 0.404850 0.422298 0.042869 0.040599
0 0.779763 0.579674 0.056367 0.048737
0 0.551174 0.465990 0.049570 0.040482
0 0.580658 0.259242 0.046784 0.037741
0 0.718618 0.401442 0.054015 0.039889
0 0.582630 0.285934 0.038429 0.035358
0 0.610035 0.434053 0.053429 0.037285
0 0.592587 0.341348 0.053377 0.039948
0 0.668030 0.967277 0.064047 0.052178
0 0.616213 0.465843 0.051141 0.044056
0 0.712099 0.374163 0.050898 0.034134
0 0.585048 0.212233 0.035998 0.033984
0 0.582465 0.235231 0.036102 0.031621