0 0.650330 0.804257 0.071793 0.058862
0 0.393255 0.860232 0.062728 0.055712
0 0.645555 0.746105 0.065686 0.051845
0 0.400750 0.799892 0.077360 0.056257
0 0.837553 0.830373 0.086845 0.053774
0 0.635860 0.691131 0.058809 0.055938
0 0.559054 0.699073 0.068027 0.052576
0 0.546725 0.595989 0.061338 0.046147
0 0.670773 0.923803 0.062433 0.061348
0 0.388998 0.921992 0.066756 0.062467
0 0.552609 0.645610 0.063485 0.054332
0 0.407702 0.744245 0.059395 0.054879
0 0.615717 0.594702 0.060144 0.046600
0 0.412822 0.563252 0.058432 0.047712
0 0.213019 0.735214 0.056454 0.122870
0 0.623386 0.641801 0.063327 0.044864
0 0.611852 0.513986 0.055654 0.047066
0 0.861821 0.968828 0.084475 0.058496
0 0.550177 0.514342 0.061445 0.039640
0 0.541206 0.404863 0.057371 0.047547
0 0.548450 0.551339 0.067141 0.050119
0 0.586206 0.872279 0.072689 0.058844
0 0.781227 0.622876 0.064434 0.043588
0 0.598546 0.310837 0.043675 0.034975
0 0.565522 0.754783 0.065939 0.056340
0 0.603188 0.407939 0.048526 0.038046
0 0.412442 0.515767 0.051624 0.044433
0 0.766540 0.571200 0.063373 0.055405
0 0.409033 0.691905 0.069527 0.053483
0 0.852474 0.902677 0.070600 0.056025
0 0.742653 0.463889 0.064467 0.045060
0 0.608099 0.444232 0.055904 0.038705
0 0.793706 0.667409 0.066258 0.056254
0 0.757883 0.535738 0.061706 0.048717
0 0.612763 0.479011 0.059234 0.036371
0 0.417321 0.471600 0.058928 0.048854
0 0.600102 0.280157 0.051867 0.041082
0 0.801179 0.717693 0.073179 0.055399
0 0.616784 0.551961 0.060582 0.044942
0 0.414286 0.433429 0.051052 0.043777
0 0.759236 0.496682 0.056066 0.041691
0 0.734262 0.431573 0.058111 0.038001
0 0.726434 0.378469 0.057234 0.040237
0 0.685915 0.229839 0.052181 0.033095
0 0.710254 0.334990 0.048576 0.045581
0 0.406843 0.643774 0.067851 0.046108
0 0.406934 0.368540 0.057592 0.045072
0 0.589727 0.933193 0.074286 0.060096
0 0.542568 0.441782 0.056757 0.046324
0 0.676115 0.980769 0.065104 0.035056
0 0.603916 0.349760 0.040899 0.035056
0 0.595570 0.377304 0.042568 0.037560
0 0.603916 0.258989 0.039229 0.031300
0 0.597239 0.230193 0.047576 0.033804
0 0.591814 0.207031 0.048411 0.035056
0 0.824686 0.771685 0.081798 0.055088
0 0.734542 0.402970 0.048411 0.036308
0 0.697399 0.311574 0.042568 0.031300
0 0.698651 0.287785 0.053419 0.033804
0 0.684879 0.260241 0.049245 0.033804