0 0.773240 0.573341 0.054639 0.043964
0 0.801110 0.688714 0.077543 0.049022
0 0.784015 0.643646 0.063460 0.051958
0 0.354247 0.786384 0.078741 0.058164
0 0.756077 0.500144 0.055719 0.046982
0 0.815936 0.739966 0.071674 0.050640
0 0.844716 0.844668 0.086811 0.050815
0 0.748210 0.463782 0.059673 0.044429
0 0.353591 0.732857 0.055936 0.052753
0 0.377729 0.684696 0.066690 0.051442
0 0.823673 0.792385 0.070769 0.052375
0 0.848765 0.903831 0.072230 0.055314
0 0.578667 0.213141 0.034140 0.034839
0 0.742116 0.428547 0.056634 0.034878
0 0.643723 0.735281 0.062203 0.049119
0 0.383040 0.634823 0.069218 0.049881
0 0.652755 0.787583 0.061183 0.050492
0 0.390558 0.553472 0.063656 0.049908
0 0.566484 0.730573 0.068306 0.049986
0 0.595483 0.321132 0.051696 0.041158
0 0.570237 0.788958 0.076594 0.053507
0 0.397412 0.514127 0.064415 0.044393
0 0.565517 0.678184 0.066662 0.048255
0 0.658305 0.842540 0.068227 0.053908
0 0.628537 0.599582 0.066016 0.047784
0 0.583745 0.262431 0.037768 0.034640
0 0.867516 0.973196 0.083001 0.048585
0 0.728662 0.370918 0.056684 0.040314
0 0.615998 0.417763 0.053460 0.039498
0 0.715418 0.331750 0.054163 0.044640
0 0.401637 0.480014 0.055219 0.040032
0 0.630035 0.641768 0.050065 0.037575
0 0.633395 0.682274 0.053090 0.046768
0 0.595279 0.383554 0.051496 0.035037
0 0.618253 0.518299 0.059297 0.038650
0 0.699412 0.264174 0.048559 0.033451
0 0.590690 0.288932 0.038590 0.029111
0 0.623180 0.557308 0.058127 0.046383
0 0.675271 0.974161 0.076461 0.047372
0 0.689749 0.235242 0.042845 0.028878
0 0.551577 0.472192 0.055972 0.038632
0 0.678623 0.191703 0.040056 0.030657
0 0.610556 0.478687 0.046603 0.042137
0 0.573715 0.839140 0.063907 0.045859
0 0.555623 0.584373 0.060902 0.047612
0 0.704907 0.312070 0.052592 0.032293
0 0.606881 0.447459 0.047216 0.029881
0 0.664108 0.904181 0.054213 0.048129
0 0.417785 0.346004 0.052584 0.035056
0 0.415698 0.384190 0.055088 0.043820
0 0.404430 0.417994 0.044237 0.041316
0 0.378138 0.856195 0.081798 0.051332
0 0.578876 0.908779 0.067608 0.056340
0 0.583050 0.972631 0.084302 0.051332
0 0.555923 0.547576 0.061765 0.047576
0 0.552584 0.512520 0.050080 0.040064
0 0.590562 0.354768 0.044237 0.032552
0 0.735377 0.400466 0.058427 0.033804
0 0.702407 0.286533 0.050915 0.033804
0 0.685296 0.212039 0.045072 0.027544