0 0.652114 0.783359 0.074905 0.052422
0 0.791013 0.582855 0.058147 0.041022
0 0.615705 0.543138 0.057548 0.044701
0 0.406953 0.853590 0.070469 0.052741
0 0.816484 0.723079 0.068724 0.047409
0 0.636365 0.676432 0.064596 0.048164
0 0.579720 0.852054 0.071827 0.052806
0 0.595805 0.973896 0.085933 0.047376
0 0.806502 0.672799 0.071780 0.049167
0 0.646191 0.727480 0.060907 0.046758
0 0.679306 0.971172 0.074175 0.054167
0 0.832207 0.777699 0.081194 0.053392
0 0.658090 0.843965 0.056267 0.045755
0 0.853748 0.898844 0.073129 0.051035
0 0.873644 0.964954 0.084093 0.059349
0 0.578129 0.911771 0.071424 0.058437
0 0.401376 0.921553 0.064288 0.058952
0 0.803691 0.629492 0.061749 0.046589
0 0.657609 0.903411 0.060339 0.051628
0 0.625393 0.592240 0.058372 0.044232
0 0.844418 0.838923 0.065894 0.050436
0 0.592090 0.327536 0.052574 0.044577
0 0.690286 0.239824 0.037196 0.032305
0 0.532248 0.378529 0.051962 0.038438