0 0.389282 0.755023 0.081428 0.055436
0 0.380026 0.960778 0.084288 0.063678
0 0.627081 0.612692 0.054926 0.043483
0 0.557059 0.636152 0.059640 0.047721
0 0.392352 0.808844 0.061571 0.054837
0 0.379503 0.882425 0.090169 0.063809
0 0.388772 0.651436 0.064748 0.050293
0 0.642589 0.707972 0.071176 0.049824
0 0.580135 0.821296 0.069661 0.053346
0 0.548613 0.552008 0.063129 0.042611
0 0.662878 0.833001 0.076068 0.054909
0 0.742802 0.439759 0.056454 0.038529
0 0.835964 0.830830 0.071189 0.051348
0 0.856534 0.898870 0.071723 0.050072
0 0.560423 0.697035 0.071411 0.048066
0 0.553676 0.592718 0.049045 0.043470
0 0.570844 0.752139 0.073320 0.053210
0 0.779447 0.619857 0.073260 0.046562
0 0.649902 0.760169 0.069848 0.049687
0 0.388759 0.519577 0.063941 0.045430
0 0.635245 0.658258 0.065056 0.045892
0 0.389722 0.608437 0.067361 0.044974
0 0.592101 0.959906 0.084800 0.059043
0 0.388919 0.562897 0.049340 0.043620
0 0.543869 0.512985 0.053077 0.042428
0 0.384881 0.697311 0.053207 0.049141
0 0.832941 0.767708 0.083147 0.052461
0 0.613900 0.531644 0.058190 0.040280
0 0.724121 0.374434 0.057261 0.037904
0 0.792337 0.665687 0.062635 0.045905
0 0.817250 0.713786 0.067096 0.046074
0 0.589158 0.883887 0.078507 0.059115
0 0.609842 0.490326 0.053138 0.044909
0 0.389748 0.480156 0.066667 0.045716
0 0.617587 0.568258 0.059905 0.045944
0 0.537339 0.378190 0.040035 0.034740
0 0.606482 0.456764 0.054553 0.039388
0 0.868908 0.962454 0.066185 0.050573
0 0.602671 0.301520 0.049883 0.040475
0 0.535486 0.479033 0.052908 0.038743
0 0.769214 0.580589 0.067188 0.044551
0 0.398529 0.416829 0.060547 0.040391
0 0.542415 0.444238 0.054674 0.042214
0 0.669894 0.893245 0.064171 0.057012
0 0.733409 0.405270 0.046437 0.037311
0 0.760360 0.546204 0.064167 0.043464
0 0.595477 0.363330 0.050972 0.036673
0 0.593984 0.238594 0.046970 0.033555
0 0.752600 0.476686 0.057830 0.040156
0 0.604633 0.425251 0.054978 0.039355
0 0.541953 0.411839 0.044696 0.036035
0 0.597400 0.394857 0.056337 0.037682
0 0.668615 0.965726 0.060347 0.053079
0 0.756597 0.511758 0.060078 0.042018
0 0.394366 0.448509 0.045955 0.036953
0 0.681076 0.219281 0.039271 0.031126
0 0.712224 0.344411 0.042600 0.035085
0 0.698318 0.288288 0.052148 0.036927
0 0.703459 0.316061 0.044089 0.036237
0 0.601500 0.263656 0.037478 0.034798
0 0.683511 0.243623 0.048116 0.028783
0 0.687122 0.265986 0.049948 0.029707