0 0.575015 0.695157 0.066984 0.052273
0 0.578215 0.753808 0.074633 0.053282
0 0.794432 0.675738 0.068855 0.050996
0 0.830290 0.786981 0.070589 0.055633
0 0.847215 0.841171 0.068458 0.061348
0 0.587414 0.807403 0.073904 0.053908
0 0.784368 0.628676 0.072290 0.047015
0 0.620132 0.520660 0.063555 0.043824
0 0.635739 0.603426 0.063721 0.045711
0 0.621917 0.559952 0.054778 0.044545
0 0.406308 0.376065 0.058535 0.043154
0 0.803819 0.722231 0.061765 0.053836
0 0.754787 0.497699 0.063009 0.045479
0 0.746258 0.465110 0.060035 0.039732
0 0.591183 0.967145 0.083058 0.057888
0 0.879132 0.960273 0.092207 0.056532
0 0.772124 0.583947 0.070068 0.047701
0 0.397467 0.830940 0.078959 0.053894
0 0.586613 0.887542 0.082183 0.063946
0 0.640726 0.648581 0.067440 0.046761
0 0.856401 0.902128 0.061770 0.052115
0 0.764940 0.538680 0.068402 0.045625
0 0.653336 0.752528 0.061037 0.051677
0 0.605586 0.318460 0.042568 0.040064
0 0.405265 0.896259 0.082632 0.061348
0 0.674028 0.968249 0.069278 0.060096
0 0.664847 0.900015 0.060931 0.053836
0 0.662760 0.814253 0.075120 0.060096
0 0.643563 0.700321 0.058427 0.050080
0 0.734959 0.396710 0.045907 0.036308
0 0.729117 0.426758 0.054253 0.038812