0 0.398589 0.727835 0.074306 0.051738
0 0.590165 0.972233 0.088542 0.048398
0 0.681141 0.966794 0.075556 0.056152
0 0.395814 0.791426 0.065065 0.051823
0 0.551819 0.581006 0.065642 0.045540
0 0.666873 0.901426 0.061775 0.054271
0 0.578362 0.843991 0.073754 0.059023
0 0.397480 0.622477 0.075464 0.056816
0 0.400226 0.576087 0.068021 0.046810
0 0.660243 0.844196 0.076328 0.057572
0 0.639505 0.732741 0.073811 0.055078
0 0.402476 0.534837 0.057487 0.043802
0 0.647253 0.787871 0.066033 0.053073
0 0.772728 0.598001 0.068659 0.046862
0 0.541929 0.499385 0.053928 0.042871
0 0.629868 0.641077 0.052209 0.042038
0 0.587739 0.384147 0.052240 0.037122
0 0.528051 0.387725 0.056007 0.041439
0 0.837604 0.839313 0.086502 0.060462
0 0.636250 0.683522 0.054792 0.051719
0 0.804913 0.735511 0.068785 0.051309
0 0.762114 0.555618 0.067587 0.049688
0 0.560193 0.675378 0.068181 0.050547
0 0.575456 0.786709 0.070885 0.054421
0 0.615115 0.558184 0.064041 0.047135
0 0.387359 0.848089 0.083234 0.061608
0 0.738440 0.455329 0.056992 0.041738
0 0.410317 0.498890 0.048898 0.042311
0 0.799269 0.682555 0.057895 0.050020
0 0.849761 0.965247 0.085365 0.060482
0 0.623539 0.598529 0.062609 0.047617
0 0.597997 0.441185 0.057721 0.042357
0 0.782511 0.639827 0.066081 0.049694
0 0.843177 0.903535 0.074844 0.057344
0 0.579260 0.903730 0.073407 0.060846
0 0.540369 0.537523 0.049366 0.046270
0 0.813346 0.784180 0.065851 0.049453
0 0.604503 0.474427 0.054388 0.046068
0 0.538687 0.461315 0.052869 0.045964
0 0.535195 0.429531 0.053516 0.037773
0 0.605560 0.511117 0.059792 0.048301
0 0.560250 0.724867 0.073598 0.054342
0 0.593357 0.266390 0.049865 0.039264
0 0.384329 0.916130 0.089970 0.065436
0 0.733663 0.420739 0.054262 0.042715
0 0.691591 0.264701 0.053312 0.032760
0 0.749774 0.518711 0.061181 0.045469
0 0.604466 0.354801 0.056806 0.039421
0 0.722947 0.392191 0.055443 0.039395
0 0.714978 0.363848 0.053594 0.035534
0 0.598422 0.327708 0.051645 0.034128
0 0.408845 0.407796 0.059271 0.041387
0 0.703793 0.315130 0.050069 0.032799
0 0.581847 0.217396 0.046940 0.032865
0 0.697767 0.289606 0.042140 0.030540
0 0.597359 0.300316 0.042096 0.035866
0 0.407936 0.469443 0.054813 0.038678
0 0.586328 0.241361 0.047830 0.033958
0 0.685918 0.241051 0.039631 0.028340
0 0.710629 0.339515 0.049939 0.033197
0 0.403134 0.436195 0.049679 0.041322
0 0.679195 0.220915 0.038885 0.028600