0 0.737307 0.431647 0.057539 0.039661
0 0.810870 0.675918 0.077166 0.049727
0 0.797656 0.629870 0.062726 0.043464
0 0.595113 0.350697 0.051918 0.037799
0 0.757415 0.502152 0.065369 0.042324
0 0.780562 0.583932 0.071089 0.045221
0 0.389023 0.593639 0.066493 0.047422
0 0.589008 0.958607 0.082852 0.062760
0 0.875833 0.968802 0.085061 0.057617
0 0.841806 0.841410 0.083203 0.052949
0 0.577925 0.885553 0.072283 0.057031
0 0.391838 0.751891 0.071706 0.055996
0 0.745857 0.466699 0.059588 0.038945
0 0.570868 0.761507 0.073507 0.055059
0 0.379464 0.855342 0.063329 0.055345
0 0.661311 0.883092 0.074470 0.057630
0 0.565206 0.827451 0.069779 0.055918
0 0.381901 0.693561 0.079418 0.060990
0 0.385883 0.637129 0.066228 0.050143
0 0.821345 0.729095 0.079714 0.051003
0 0.564792 0.705068 0.072248 0.051986
0 0.865341 0.896315 0.088468 0.056810
0 0.766940 0.539505 0.061415 0.044076
0 0.657476 0.827041 0.067860 0.054160
0 0.553778 0.651234 0.070204 0.050905
0 0.542878 0.447630 0.051172 0.039570
0 0.546821 0.607513 0.057661 0.043008
0 0.617817 0.509196 0.060530 0.043353
0 0.545072 0.483913 0.051749 0.039896
0 0.835714 0.783499 0.070820 0.054056
0 0.392541 0.804932 0.065560 0.052363
0 0.650857 0.774782 0.066801 0.051230
0 0.731910 0.398034 0.056337 0.038490
0 0.547159 0.524186 0.059831 0.040729
0 0.537776 0.415951 0.042582 0.034948
0 0.395119 0.547008 0.061463 0.048717
0 0.397383 0.510947 0.064184 0.043483
0 0.670330 0.954307 0.061658 0.055488
0 0.599737 0.412913 0.057148 0.042741
0 0.618776 0.590101 0.061519 0.046009
0 0.590658 0.383451 0.056211 0.035885
0 0.624594 0.549788 0.063372 0.045905
0 0.639833 0.725020 0.054865 0.043620
0 0.628589 0.630326 0.058594 0.043346
0 0.547496 0.560941 0.050156 0.042546
0 0.635026 0.674398 0.065599 0.047728
0 0.721076 0.367598 0.058134 0.035781
0 0.713012 0.338252 0.054453 0.036387
0 0.609852 0.474805 0.053637 0.041263
0 0.696918 0.271120 0.052778 0.030781
0 0.393681 0.472822 0.060521 0.040033
0 0.690362 0.239541 0.038893 0.033613
0 0.702969 0.292858 0.047839 0.030052
0 0.610523 0.442865 0.045690 0.036719
0 0.705480 0.314150 0.042539 0.028288