0 0.790217 0.633538 0.074809 0.049264
0 0.399484 0.740690 0.065365 0.050742
0 0.690245 0.950169 0.075317 0.053516
0 0.401226 0.634189 0.068312 0.049915
0 0.395347 0.797389 0.077786 0.057578
0 0.670041 0.884723 0.061680 0.053210
0 0.659451 0.768509 0.080273 0.059063
0 0.815688 0.731582 0.076350 0.051536
0 0.830660 0.839313 0.071623 0.052376
0 0.652220 0.667536 0.070699 0.051530
0 0.390966 0.680059 0.072062 0.054635
0 0.382632 0.915866 0.063225 0.053464
0 0.588244 0.880081 0.076558 0.057246
0 0.393913 0.852725 0.063581 0.054707
0 0.556424 0.483424 0.053507 0.043398
0 0.558188 0.523962 0.064388 0.045358
0 0.666671 0.827031 0.068967 0.057187
0 0.654874 0.716836 0.072665 0.054049
0 0.803876 0.683529 0.068759 0.050781
0 0.747151 0.474941 0.061402 0.042487
0 0.848281 0.898262 0.085339 0.061211
0 0.573557 0.651051 0.068694 0.047845
0 0.872936 0.955921 0.092470 0.060723
0 0.253099 0.508337 0.043125 0.127884
0 0.570167 0.601781 0.063911 0.048079
0 0.577272 0.696976 0.067756 0.051243
0 0.824685 0.778529 0.069900 0.048307
0 0.637778 0.581370 0.057318 0.045775
0 0.575454 0.748223 0.065169 0.050833
0 0.643811 0.620355 0.057083 0.046426
0 0.630720 0.539567 0.058073 0.050033
0 0.601157 0.948561 0.062313 0.056445
0 0.756385 0.507555 0.063247 0.047259
0 0.392982 0.577812 0.062231 0.049427
0 0.565970 0.559544 0.057444 0.044674
0 0.617376 0.465088 0.054770 0.040319
0 0.393978 0.504632 0.060707 0.041517
0 0.579434 0.811855 0.078763 0.058333
0 0.624438 0.500247 0.056523 0.045781
0 0.395948 0.472142 0.046628 0.039115
0 0.611673 0.430127 0.056810 0.043288
0 0.396026 0.541735 0.066766 0.045645
0 0.766128 0.547783 0.064618 0.047025
0 0.777020 0.585244 0.058338 0.048874
0 0.550406 0.412988 0.050577 0.040052
0 0.554722 0.443672 0.047057 0.043372
0 0.740753 0.440273 0.056011 0.042057
0 0.608639 0.400443 0.044952 0.036393
0 0.730532 0.412516 0.059614 0.035879
0 0.720601 0.365602 0.041827 0.042025
0 0.695914 0.263737 0.046688 0.030924
0 0.308030 0.951663 0.036962 0.090319
0 0.698398 0.289245 0.044679 0.037344
0 0.582958 0.222835 0.042192 0.034668
0 0.582741 0.197839 0.041688 0.035247