0 0.571504 0.902135 0.084510 0.059544
0 0.571899 0.836188 0.073841 0.055345
0 0.568275 0.778610 0.084414 0.060527
0 0.395907 0.788799 0.059054 0.058027
0 0.763741 0.554453 0.065243 0.047057
0 0.564262 0.727048 0.061736 0.048353
0 0.547949 0.547314 0.056237 0.043561
0 0.393622 0.727874 0.066549 0.054368
0 0.623685 0.592262 0.069592 0.046478
0 0.786478 0.631696 0.074336 0.048040
0 0.651905 0.837409 0.065104 0.057422
0 0.579104 0.968047 0.088416 0.057292
0 0.228416 0.722585 0.039844 0.091484
0 0.388503 0.849479 0.065729 0.052409
0 0.734147 0.447445 0.065725 0.040423
0 0.770512 0.594538 0.066884 0.043034
0 0.855421 0.965156 0.083785 0.060820
0 0.810953 0.776624 0.064162 0.049264
0 0.397812 0.580954 0.062101 0.050658
0 0.846556 0.895918 0.073728 0.052995
0 0.623924 0.633223 0.063056 0.051055
0 0.614523 0.511283 0.057778 0.047409
0 0.648544 0.782646 0.065022 0.053301
0 0.672533 0.966774 0.065378 0.055202
0 0.750992 0.515635 0.055152 0.042663
0 0.740269 0.482451 0.062986 0.040280
0 0.400501 0.626283 0.070890 0.048711
0 0.728785 0.414287 0.057873 0.038848
0 0.399295 0.672988 0.078173 0.060794
0 0.636682 0.728216 0.070751 0.051341
0 0.788646 0.678216 0.075304 0.055104
0 0.401072 0.541729 0.049887 0.045007
0 0.633589 0.678776 0.060069 0.045690
0 0.799015 0.730452 0.069002 0.052415
0 0.720983 0.386136 0.055022 0.035020
0 0.660768 0.900550 0.061189 0.050879
0 0.407480 0.471927 0.064944 0.048307
0 0.416882 0.376292 0.059171 0.048288
0 0.554138 0.629463 0.060039 0.043145
0 0.819692 0.829896 0.071962 0.050964
0 0.394865 0.912135 0.081710 0.067435
0 0.544733 0.414880 0.043867 0.037962
0 0.558032 0.674645 0.070204 0.055046
0 0.608179 0.476527 0.059683 0.043001
0 0.599900 0.411038 0.058151 0.044043
0 0.597064 0.351543 0.055664 0.041992
0 0.586664 0.282904 0.049214 0.036849
0 0.606066 0.444160 0.053520 0.037617
0 0.617773 0.550485 0.053455 0.043926
0 0.717908 0.360986 0.055208 0.032819
0 0.707938 0.333610 0.055408 0.039186
0 0.692038 0.241159 0.041463 0.036563
0 0.595091 0.382643 0.054983 0.038490
0 0.542020 0.474372 0.058138 0.041986
0 0.401801 0.510156 0.057231 0.041901
0 0.545618 0.509678 0.057496 0.045137
0 0.579151 0.233750 0.048520 0.032904
0 0.581953 0.257249 0.049661 0.034251
0 0.587140 0.306533 0.047778 0.039525
0 0.693635 0.283952 0.045152 0.033802
0 0.703609 0.307764 0.048832 0.031699