0 0.875512 0.969176 0.085330 0.055371
0 0.661204 0.880299 0.074423 0.054258
0 0.391011 0.750485 0.072717 0.059069
0 0.390143 0.802822 0.061484 0.052650
0 0.736037 0.431074 0.057083 0.039935
0 0.626842 0.629076 0.056949 0.045326
0 0.864345 0.894489 0.090998 0.055033
0 0.818296 0.726462 0.073694 0.050358
0 0.564132 0.827279 0.071970 0.058867
0 0.756217 0.501289 0.064067 0.042383
0 0.795234 0.628477 0.060816 0.046263
0 0.388433 0.592461 0.067248 0.048685
0 0.563464 0.701286 0.075052 0.063184
0 0.638802 0.723031 0.052396 0.042259
0 0.809601 0.674766 0.078698 0.050208
0 0.590150 0.956761 0.084457 0.059876
0 0.546732 0.604951 0.058064 0.043861
0 0.578075 0.883278 0.073529 0.056296
0 0.385649 0.635303 0.066523 0.050658
0 0.568533 0.758516 0.079792 0.055339
0 0.777732 0.584616 0.070048 0.049206
0 0.553092 0.648402 0.072018 0.054421
0 0.381743 0.692852 0.080213 0.061549
0 0.655516 0.823395 0.064462 0.052259
0 0.744507 0.466250 0.058494 0.039297
0 0.833668 0.780381 0.069757 0.054590
0 0.649842 0.771283 0.066567 0.054583
0 0.838181 0.839212 0.090790 0.051641
0 0.377203 0.923802 0.077444 0.060182
0 0.394753 0.543587 0.062439 0.053919
0 0.618108 0.587845 0.060634 0.047760
0 0.633142 0.673486 0.065313 0.049355
0 0.392986 0.473444 0.058698 0.041549
0 0.547231 0.522751 0.060087 0.044082
0 0.595063 0.350485 0.051940 0.037142
0 0.763153 0.539743 0.064536 0.049512
0 0.379095 0.854466 0.063806 0.057826
0 0.670870 0.952728 0.062010 0.051471
0 0.712309 0.334967 0.056858 0.037135
0 0.719965 0.364427 0.059896 0.040365
0 0.730414 0.396387 0.057435 0.041003
0 0.624785 0.548994 0.062669 0.045723
0 0.617804 0.508086 0.061076 0.044974
0 0.544186 0.481279 0.053832 0.042962
0 0.538099 0.415166 0.043099 0.037363
0 0.599273 0.411816 0.056489 0.041354
0 0.609618 0.472074 0.051936 0.040684
0 0.542556 0.446100 0.051797 0.038229
0 0.395768 0.508939 0.061597 0.041927
0 0.590851 0.382305 0.057569 0.036068
0 0.594342 0.316204 0.040004 0.039115
0 0.609933 0.442412 0.045534 0.037025
0 0.587062 0.289668 0.046762 0.034766
0 0.695462 0.270130 0.051445 0.031589
0 0.690918 0.238646 0.039032 0.034609
0 0.703570 0.292764 0.046871 0.031243
0 0.706367 0.311758 0.042908 0.028620