0 0.380320 0.663054 0.072121 0.054206
0 0.384844 0.717761 0.064423 0.050748
0 0.817321 0.766943 0.082612 0.053028
0 0.785541 0.620860 0.070396 0.048340
0 0.777136 0.576434 0.074282 0.047616
0 0.766104 0.523516 0.062273 0.045580
0 0.745415 0.480901 0.061480 0.042568
0 0.388865 0.765891 0.069413 0.055453
0 0.799171 0.714581 0.075332 0.052083
0 0.553565 0.712229 0.074269 0.055880
0 0.379927 0.619045 0.060615 0.045894
0 0.797681 0.667248 0.068005 0.049356
0 0.650512 0.316755 0.027066 0.054938
0 0.740461 0.444796 0.060194 0.043320
0 0.824587 0.820749 0.081777 0.050617
0 0.382940 0.572684 0.066916 0.056577
0 0.627890 0.669721 0.062615 0.051924
0 0.383879 0.535851 0.065566 0.045206
0 0.548176 0.614089 0.065012 0.051703
0 0.619026 0.585896 0.068243 0.051275
0 0.398462 0.419982 0.054812 0.045949
0 0.651476 0.820668 0.076926 0.058975
0 0.617399 0.627156 0.061167 0.046356
0 0.632493 0.720158 0.069574 0.052019
0 0.675952 0.186838 0.036007 0.034070
0 0.411532 0.357342 0.057582 0.047670
0 0.734420 0.408710 0.064188 0.042736
0 0.612654 0.537235 0.058263 0.051360
0 0.540170 0.565312 0.057581 0.051708
0 0.538521 0.525697 0.053489 0.042808
0 0.661768 0.135709 0.038080 0.033888
0 0.388879 0.826645 0.063236 0.056127
0 0.390279 0.496439 0.047857 0.043768
0 0.569855 0.817564 0.073852 0.063401
0 0.604385 0.498799 0.056055 0.048470
0 0.551660 0.659236 0.051832 0.048290
0 0.385513 0.459826 0.047713 0.040304
0 0.722581 0.373832 0.052301 0.043251
0 0.646758 0.768143 0.056134 0.050662
0 0.596910 0.363872 0.054487 0.042030
0 0.538555 0.483930 0.058747 0.044233
0 0.584640 0.225648 0.047553 0.034957
0 0.843687 0.880317 0.076544 0.054397
0 0.543551 0.455968 0.043106 0.041739
0 0.707906 0.348114 0.045915 0.036887
0 0.665158 0.889281 0.088710 0.062323
0 0.599521 0.395461 0.052441 0.037226
0 0.602282 0.460595 0.051336 0.042040
0 0.601940 0.430238 0.049944 0.046359
0 0.710321 0.321647 0.044384 0.041007
0 0.586705 0.292544 0.050546 0.036226
0 0.697274 0.285871 0.042319 0.031227
0 0.854469 0.957551 0.077320 0.054976
0 0.575538 0.885617 0.070947 0.063852
0 0.580546 0.958859 0.089310 0.062600
0 0.673611 0.958233 0.090144 0.063852
0 0.688635 0.262119 0.046741 0.031300