0 0.227072 0.802598 0.045022 0.113529
0 0.833092 0.778327 0.082834 0.052435
0 0.595653 0.973509 0.086419 0.046914
0 0.561762 0.670951 0.071267 0.051979
0 0.768336 0.499124 0.062860 0.043561
0 0.816191 0.723340 0.070560 0.049792
0 0.791298 0.583197 0.058194 0.045091
0 0.532741 0.380052 0.052227 0.041849
0 0.404117 0.790316 0.078694 0.059603
0 0.396576 0.637155 0.071372 0.049870
0 0.571688 0.733760 0.069679 0.050215
0 0.404260 0.856260 0.075239 0.058730
0 0.406217 0.734697 0.078355 0.057806
0 0.406769 0.511865 0.046072 0.042637
0 0.580684 0.852868 0.071931 0.053522
0 0.854015 0.899320 0.073377 0.055658
0 0.406734 0.594616 0.069136 0.052018
0 0.573032 0.786393 0.064562 0.053398
0 0.807348 0.672018 0.074245 0.055482
0 0.680158 0.970531 0.075994 0.053743
0 0.578364 0.911634 0.070608 0.060326
0 0.780790 0.537754 0.060946 0.046641
0 0.844158 0.838109 0.066042 0.051647
0 0.653036 0.783516 0.074154 0.054557
0 0.549262 0.616361 0.066693 0.053581
0 0.545358 0.574531 0.061168 0.046654
0 0.636981 0.676631 0.064770 0.053470
0 0.723073 0.362979 0.054080 0.036803
0 0.552274 0.534834 0.063090 0.046790
0 0.756951 0.460199 0.060065 0.045853
0 0.416947 0.426289 0.060742 0.048320
0 0.537211 0.453369 0.060664 0.048483
0 0.659870 0.847347 0.060278 0.054225
0 0.635655 0.631605 0.058906 0.048105
0 0.657823 0.902839 0.061332 0.053581
0 0.803561 0.629264 0.062140 0.049049
0 0.626148 0.592565 0.058772 0.044336
0 0.744204 0.423883 0.060734 0.044238
0 0.404536 0.552067 0.051918 0.045033
0 0.543121 0.495068 0.051684 0.042975
0 0.647283 0.729248 0.064470 0.051257
0 0.874855 0.965277 0.085482 0.061335
0 0.727678 0.393193 0.053707 0.036087
0 0.400924 0.682686 0.059974 0.051035
0 0.411612 0.469870 0.051324 0.042747
0 0.589414 0.301686 0.048750 0.034635
0 0.616322 0.543734 0.057600 0.048743
0 0.401990 0.922985 0.065230 0.059043
0 0.595586 0.403324 0.056424 0.039564
0 0.706170 0.309339 0.055612 0.038040
0 0.609477 0.467227 0.056194 0.041836
0 0.692852 0.263099 0.048811 0.036328
0 0.608735 0.504131 0.062218 0.043027
0 0.577359 0.226247 0.047886 0.033678
0 0.601365 0.434046 0.051168 0.037155
0 0.592248 0.332044 0.053681 0.039336
0 0.713333 0.333945 0.046094 0.036198
0 0.699008 0.285892 0.049405 0.027917
0 0.598793 0.367676 0.044783 0.042201
0 0.581248 0.248678 0.044379 0.031875
0 0.587517 0.272057 0.038863 0.033932
0 0.690020 0.237279 0.038859 0.029401