0 0.376664 0.630609 0.070022 0.052220
0 0.680176 0.899655 0.070030 0.055547
0 0.376743 0.679557 0.071411 0.052422
0 0.628750 0.552826 0.058898 0.045951
0 0.661087 0.736204 0.073181 0.054375
0 0.660467 0.839111 0.058581 0.050892
0 0.667951 0.788258 0.062405 0.053431
0 0.563168 0.535221 0.053160 0.042760
0 0.603876 0.969346 0.083828 0.055632
0 0.584789 0.842376 0.081176 0.058919
0 0.373307 0.727962 0.071016 0.055612
0 0.379312 0.794219 0.068633 0.053177
0 0.851363 0.896868 0.088490 0.058659
0 0.778021 0.581719 0.068429 0.046159
0 0.579898 0.726976 0.073720 0.049538
0 0.582072 0.672871 0.075022 0.050742
0 0.832172 0.833675 0.074848 0.051296
0 0.403915 0.382822 0.057934 0.042025
0 0.596259 0.902383 0.077969 0.057083
0 0.567289 0.579574 0.064431 0.046152
0 0.658264 0.686165 0.060807 0.047422
0 0.373659 0.860029 0.062752 0.059590
0 0.637758 0.595843 0.062496 0.047168
0 0.688811 0.971953 0.082795 0.051289
0 0.754375 0.499980 0.061172 0.047539
0 0.574787 0.625247 0.063967 0.048750
0 0.649058 0.640192 0.064957 0.049694
0 0.545367 0.465072 0.051957 0.038607
0 0.730688 0.431432 0.057027 0.044414
0 0.586864 0.778610 0.084909 0.062064
0 0.764651 0.538584 0.058398 0.049915
0 0.623123 0.510612 0.054996 0.045833
0 0.383917 0.584876 0.061801 0.048633
0 0.803377 0.675905 0.065365 0.052305
0 0.824340 0.771618 0.068229 0.051074
0 0.386250 0.471217 0.047405 0.038685
0 0.823062 0.722259 0.061836 0.052031
0 0.739935 0.466673 0.057214 0.041471
0 0.876259 0.966562 0.071415 0.057057
0 0.601836 0.449264 0.059549 0.044453
0 0.553090 0.497764 0.054071 0.040996
0 0.688665 0.260632 0.050812 0.037539
0 0.624143 0.477158 0.045994 0.041061
0 0.386808 0.545827 0.065169 0.048125
0 0.724262 0.400433 0.054453 0.040449
0 0.605777 0.406084 0.059740 0.045449
0 0.385119 0.507253 0.048294 0.039518
0 0.699030 0.291536 0.041784 0.039076
0 0.720052 0.371172 0.053437 0.036107
0 0.715024 0.346745 0.054379 0.032513
0 0.579414 0.241608 0.046198 0.034193
0 0.588075 0.291344 0.043937 0.038053
0 0.581478 0.264606 0.041706 0.033340