0 0.357077 0.716836 0.069097 0.050281
0 0.315475 0.847080 0.065437 0.054674
0 0.320291 0.771485 0.075988 0.055141
0 0.788882 0.647909 0.065277 0.043475
0 0.576359 0.172437 0.044263 0.032880
0 0.754551 0.520353 0.067146 0.050283
0 0.353652 0.667576 0.070300 0.051915
0 0.771921 0.561700 0.068081 0.043117
0 0.803244 0.699924 0.068962 0.045530
0 0.780313 0.601626 0.071210 0.050696
0 0.701842 0.290187 0.053312 0.035693
0 0.724054 0.402288 0.057775 0.040237
0 0.691936 0.254029 0.040844 0.038152
0 0.727463 0.441332 0.053835 0.038246
0 0.618141 0.608313 0.060895 0.045142
0 0.676577 0.923721 0.073161 0.056179
0 0.641933 0.745252 0.063479 0.049287
0 0.564599 0.650343 0.063206 0.047832
0 0.824406 0.789891 0.064544 0.054983
0 0.757059 0.474357 0.058314 0.046504
0 0.630883 0.694986 0.062744 0.048232
0 0.654351 0.808883 0.063650 0.051132
0 0.842131 0.845288 0.069946 0.054365
0 0.599221 0.454315 0.055753 0.041289
0 0.712726 0.319568 0.050831 0.034322
0 0.714298 0.374392 0.049501 0.037022
0 0.580753 0.277900 0.048768 0.039611
0 0.663497 0.861518 0.058402 0.051930
0 0.629941 0.652544 0.048502 0.038445
0 0.580397 0.810182 0.074229 0.053574
0 0.359432 0.534173 0.050690 0.044855
0 0.601840 0.491226 0.052575 0.038600
0 0.686314 0.230875 0.048100 0.033026
0 0.687997 0.209494 0.045465 0.028879
0 0.379855 0.496124 0.063359 0.040163
0 0.582449 0.866570 0.079038 0.057112
0 0.403497 0.378756 0.058539 0.043481
0 0.562467 0.694982 0.054425 0.044670
0 0.538508 0.477477 0.057709 0.044353
0 0.596452 0.313464 0.041744 0.037292
0 0.567225 0.747985 0.075847 0.055872
0 0.356088 0.621187 0.050908 0.046410
0 0.714181 0.342610 0.044132 0.030275
0 0.578043 0.340903 0.056999 0.045735
0 0.543091 0.518310 0.057851 0.040536
0 0.358767 0.576512 0.050174 0.045435
0 0.403245 0.378807 0.057840 0.043868
0 0.607484 0.528020 0.057417 0.042231
0 0.532105 0.413258 0.049155 0.039808
0 0.591090 0.401259 0.046519 0.031635
0 0.610606 0.566365 0.050897 0.043411
0 0.535026 0.450019 0.051689 0.041118
0 0.588622 0.937702 0.080329 0.055681
0 0.552485 0.601093 0.056636 0.043814
0 0.870379 0.968347 0.092081 0.055709
0 0.551332 0.558844 0.060931 0.038812
0 0.595152 0.988907 0.091814 0.020032
0 0.686131 0.980769 0.065104 0.033804
0 0.587223 0.369166 0.039229 0.032552
0 0.848474 0.908153 0.077624 0.061348