0 0.408670 0.895964 0.076220 0.057591
0 0.399950 0.574766 0.066124 0.048099
0 0.404922 0.376387 0.057899 0.046120
0 0.831094 0.841042 0.080851 0.052630
0 0.395232 0.773301 0.073780 0.057266
0 0.819160 0.785010 0.081350 0.050658
0 0.778034 0.593079 0.073316 0.046810
0 0.845588 0.904915 0.074128 0.053086
0 0.407378 0.835632 0.081970 0.055573
0 0.793722 0.635247 0.074475 0.051510
0 0.799405 0.682601 0.069497 0.050098
0 0.394572 0.663066 0.070430 0.055273
0 0.573759 0.772048 0.081892 0.065371
0 0.541309 0.465101 0.052591 0.041217
0 0.573236 0.900719 0.076628 0.060384
0 0.655753 0.784453 0.077739 0.055495
0 0.404959 0.453818 0.048893 0.041152
0 0.812394 0.728255 0.059918 0.051315
0 0.401480 0.530000 0.058611 0.044336
0 0.582461 0.969456 0.085590 0.061087
0 0.557878 0.668021 0.071259 0.050039
0 0.660434 0.902109 0.063186 0.055781
0 0.399859 0.619561 0.068702 0.049785
0 0.767437 0.554307 0.071124 0.043171
0 0.403116 0.491094 0.059175 0.042878
0 0.609833 0.232041 0.045968 0.044004
0 0.613563 0.538076 0.056285 0.044512
0 0.552192 0.580553 0.064219 0.046497
0 0.572311 0.834909 0.070378 0.056875
0 0.667782 0.969209 0.062222 0.055267
0 0.741528 0.452907 0.059922 0.046126
0 0.755284 0.512874 0.060378 0.045176
0 0.638240 0.672240 0.067782 0.050586
0 0.396563 0.715482 0.054349 0.049284
0 0.857365 0.961504 0.071085 0.053685
0 0.642533 0.722923 0.070508 0.052878
0 0.562834 0.715729 0.073429 0.052370
0 0.609123 0.499046 0.055052 0.044824
0 0.545981 0.540192 0.057049 0.042949
0 0.731845 0.420345 0.057682 0.040911
0 0.626172 0.578711 0.056372 0.043398
0 0.630918 0.621748 0.056063 0.049460
0 0.554959 0.624694 0.066992 0.046654
0 0.656790 0.845130 0.074431 0.057865
0 0.544575 0.502262 0.049766 0.040501
0 0.589425 0.401442 0.054440 0.041608
0 0.706252 0.310618 0.043668 0.033737
0 0.603661 0.465404 0.046437 0.041094
0 0.723455 0.391133 0.056181 0.035391
0 0.721803 0.362135 0.046957 0.035508
0 0.714403 0.339362 0.047895 0.032344
0 0.597313 0.435127 0.053602 0.041204
0 0.703142 0.285260 0.045000 0.032721