0 0.734343 0.433354 0.048030 0.040730
0 0.682456 0.240223 0.044865 0.035707
0 0.766301 0.582129 0.068149 0.043705
0 0.536640 0.397036 0.055269 0.041232
0 0.601836 0.258340 0.051738 0.042615
0 0.390525 0.505277 0.065371 0.050619
0 0.605313 0.337824 0.050045 0.039477
0 0.537700 0.493388 0.051618 0.042117
0 0.391651 0.443407 0.043914 0.039614
0 0.654388 0.828226 0.065156 0.052182
0 0.705655 0.289047 0.054071 0.033785
0 0.416743 0.366553 0.055230 0.038721
0 0.780581 0.623166 0.061476 0.046651
0 0.793393 0.669012 0.058300 0.044433
0 0.878646 0.949707 0.090919 0.056989
0 0.410669 0.809046 0.077731 0.052579
0 0.403610 0.416625 0.059998 0.040593
0 0.755623 0.505580 0.064092 0.041087
0 0.403412 0.749789 0.064855 0.055059
0 0.757051 0.540870 0.058161 0.040681
0 0.715620 0.343246 0.056207 0.033059
0 0.588867 0.364730 0.054122 0.045027
0 0.399103 0.694029 0.069182 0.052240
0 0.657282 0.891107 0.076061 0.061637
0 0.752980 0.469456 0.051524 0.036129
0 0.816961 0.719161 0.076665 0.049106
0 0.575037 0.822121 0.071162 0.053841
0 0.602352 0.490366 0.054820 0.044547
0 0.638863 0.709876 0.066674 0.046536
0 0.647567 0.765415 0.060434 0.057611
0 0.401164 0.938992 0.082487 0.066027
0 0.392659 0.633146 0.065256 0.054307
0 0.577048 0.884292 0.077031 0.053283
0 0.604637 0.459006 0.049041 0.040561
0 0.393080 0.556318 0.064560 0.044727
0 0.593507 0.396667 0.046507 0.033680
0 0.600869 0.428636 0.048663 0.040064
0 0.603748 0.530916 0.056340 0.045662
0 0.570956 0.762740 0.070261 0.050704
0 0.414043 0.868506 0.061169 0.051915
0 0.823856 0.766422 0.077098 0.050552
0 0.392328 0.598908 0.055088 0.047576
0 0.592648 0.960111 0.085136 0.061348
0 0.668186 0.954477 0.057592 0.052584
0 0.563017 0.653996 0.070947 0.050080
0 0.632295 0.660256 0.057592 0.045072
0 0.619358 0.620818 0.060096 0.048828
0 0.612263 0.575746 0.054253 0.046324
0 0.601830 0.282777 0.038395 0.038812
0 0.709085 0.318460 0.052584 0.037560
0 0.717431 0.374800 0.055923 0.042568
0 0.833868 0.823017 0.068443 0.055088
0 0.851813 0.881235 0.070947 0.056340