0 0.397572 0.628893 0.061628 0.046706
0 0.841185 0.902093 0.081380 0.058796
0 0.840343 0.841149 0.085443 0.057012
0 0.694049 0.970850 0.079609 0.051686
0 0.571957 0.839170 0.074236 0.055566
0 0.552947 0.676680 0.072882 0.050964
0 0.559399 0.723548 0.069718 0.053086
0 0.652517 0.839206 0.073594 0.053516
0 0.661625 0.901790 0.062027 0.055859
0 0.643127 0.729378 0.073286 0.056283
0 0.397598 0.675192 0.064431 0.050553
0 0.538845 0.409030 0.054957 0.040078
0 0.777622 0.594961 0.069167 0.045039
0 0.784740 0.634622 0.067899 0.047943
0 0.403802 0.845407 0.067066 0.055710
0 0.809065 0.728154 0.060551 0.049967
0 0.400352 0.537718 0.060964 0.051230
0 0.651033 0.782445 0.076849 0.056608
0 0.564785 0.781963 0.069996 0.052858
0 0.868147 0.967240 0.087266 0.058164
0 0.585996 0.968437 0.062999 0.054844
0 0.578066 0.900160 0.071185 0.059043
0 0.549685 0.470592 0.059978 0.042604
0 0.395888 0.728783 0.079683 0.058164
0 0.824197 0.784248 0.076267 0.058522
0 0.403075 0.378812 0.058008 0.045840
0 0.603783 0.384124 0.054110 0.039238
0 0.400673 0.584043 0.064097 0.051016
0 0.748726 0.514805 0.065326 0.049154
0 0.551011 0.546217 0.063073 0.043503
0 0.800916 0.678288 0.078811 0.054674
0 0.722248 0.390775 0.058359 0.038932
0 0.549792 0.624036 0.061302 0.052878
0 0.552602 0.583561 0.054397 0.044883
0 0.728273 0.421732 0.056545 0.044909
0 0.767246 0.555687 0.066671 0.043522
0 0.618303 0.552448 0.053325 0.041302
0 0.633286 0.674248 0.068976 0.060684
0 0.617385 0.442210 0.056385 0.042728
0 0.709494 0.332744 0.057270 0.035736
0 0.625250 0.589876 0.058945 0.045612
0 0.698047 0.287965 0.050590 0.037533
0 0.399685 0.468457 0.058963 0.042422
0 0.611469 0.473568 0.055109 0.046927
0 0.743466 0.481468 0.062591 0.041283
0 0.577144 0.209987 0.041363 0.032839
0 0.394333 0.913618 0.087358 0.061045
0 0.715033 0.360407 0.049787 0.035371
0 0.397459 0.500856 0.062704 0.042650
0 0.628368 0.630807 0.063299 0.045977
0 0.405764 0.785540 0.068047 0.061654
0 0.587309 0.245690 0.048507 0.041406
0 0.590534 0.277256 0.038151 0.039030
0 0.597793 0.328037 0.042339 0.039251
0 0.686576 0.240374 0.045807 0.029772
0 0.597533 0.355107 0.051220 0.033665
0 0.693622 0.261670 0.048928 0.034564