0 0.210178 0.826221 0.092830 0.064681
0 0.309275 0.608428 0.072405 0.048535
0 0.194505 0.896953 0.094071 0.058724
0 0.381521 0.768245 0.076836 0.061478
0 0.762342 0.537461 0.063086 0.045911
0 0.659698 0.825221 0.079310 0.060677
0 0.803607 0.674310 0.077274 0.050247
0 0.641901 0.675068 0.072500 0.049876
0 0.754603 0.499902 0.059727 0.041914
0 0.776834 0.578031 0.068095 0.045332
0 0.224809 0.720537 0.068620 0.050150
0 0.213409 0.767920 0.065030 0.052402
0 0.543902 0.538385 0.064314 0.048633
0 0.666254 0.889788 0.064583 0.052897
0 0.861066 0.970495 0.074701 0.053034
0 0.582407 0.968343 0.088381 0.057871
0 0.630922 0.615000 0.064779 0.050078
0 0.391267 0.965758 0.074731 0.060788
0 0.558418 0.724443 0.068893 0.052389
0 0.678299 0.960348 0.081849 0.057493
0 0.846712 0.902708 0.073034 0.053776
0 0.388993 0.899499 0.077951 0.064792
0 0.381066 0.712399 0.076688 0.061634
0 0.575964 0.771709 0.073307 0.056126
0 0.379269 0.573701 0.073963 0.058978
0 0.652049 0.775244 0.057917 0.048470
0 0.732333 0.434170 0.058798 0.046725
0 0.399049 0.414189 0.053976 0.038809
0 0.602845 0.432324 0.055169 0.042487
0 0.577700 0.896729 0.071328 0.059108
0 0.812546 0.729899 0.061593 0.053874
0 0.602758 0.399469 0.055030 0.041608
0 0.606994 0.494720 0.056801 0.045391
0 0.640818 0.722109 0.075308 0.057474
0 0.550651 0.622868 0.066536 0.055944
0 0.381345 0.532985 0.069010 0.044980
0 0.830267 0.835098 0.064770 0.047878
0 0.540961 0.499150 0.058954 0.044941
0 0.380734 0.623773 0.064236 0.053314
0 0.784753 0.617386 0.058481 0.049395
0 0.620215 0.569489 0.055534 0.050137
0 0.558628 0.676738 0.069870 0.053177
0 0.393509 0.450358 0.050117 0.043112
0 0.387967 0.487148 0.048893 0.045534
0 0.386712 0.839378 0.067600 0.061217
0 0.702253 0.313792 0.048411 0.036296
0 0.722372 0.398467 0.056029 0.042572
0 0.825360 0.777943 0.068950 0.053919
0 0.712999 0.369577 0.052934 0.035625
0 0.609121 0.533213 0.060924 0.047194
0 0.708761 0.342507 0.055152 0.035911
0 0.671704 0.212406 0.048919 0.037428
0 0.537528 0.464951 0.050699 0.039889
0 0.587391 0.283229 0.050174 0.037161
0 0.691608 0.286400 0.045560 0.036055
0 0.536317 0.375218 0.043095 0.046048
0 0.594551 0.334359 0.054275 0.041113
0 0.686543 0.264010 0.050951 0.030495
0 0.590547 0.308105 0.051380 0.036953
0 0.590410 0.355378 0.044319 0.040378
0 0.679364 0.237454 0.041402 0.035286