0 0.654117 0.781507 0.074666 0.054095
0 0.387626 0.842738 0.072743 0.056660
0 0.388850 0.727985 0.070260 0.056478
0 0.558668 0.723669 0.069410 0.052246
0 0.563681 0.779098 0.074531 0.052949
0 0.393633 0.673226 0.067292 0.053275
0 0.394661 0.630169 0.069948 0.048763
0 0.855703 0.959990 0.083290 0.058991
0 0.581361 0.970007 0.088025 0.054336
0 0.805553 0.729242 0.069605 0.046270
0 0.398987 0.585745 0.068329 0.050423
0 0.781682 0.633825 0.061246 0.048600
0 0.750521 0.513838 0.066788 0.045658
0 0.644264 0.724447 0.062426 0.048359
0 0.401747 0.542181 0.069544 0.051654
0 0.543145 0.472415 0.057201 0.041094
0 0.570388 0.832100 0.079397 0.054850
0 0.571458 0.897757 0.086250 0.059590
0 0.758982 0.551836 0.066237 0.044089
0 0.617016 0.550638 0.054666 0.042422
0 0.542977 0.507161 0.050495 0.039570
0 0.744414 0.477129 0.060035 0.042201
0 0.846322 0.896214 0.074536 0.054251
0 0.543602 0.440628 0.056241 0.039616
0 0.390829 0.783392 0.076910 0.055768
0 0.622986 0.590094 0.049323 0.041035
0 0.791419 0.680433 0.064193 0.048171
0 0.599922 0.379697 0.059497 0.043561
0 0.818730 0.775804 0.062079 0.052220
0 0.611510 0.510869 0.063802 0.046530
0 0.767448 0.587643 0.068438 0.046094
0 0.738175 0.447106 0.051376 0.037077
0 0.823661 0.834209 0.068668 0.047780
0 0.406191 0.504430 0.047409 0.042363
0 0.716415 0.359531 0.058689 0.036094
0 0.606287 0.473805 0.055560 0.039303
0 0.631109 0.631637 0.064883 0.046947
0 0.556137 0.670771 0.053047 0.047897
0 0.603294 0.441497 0.053837 0.041510
0 0.551200 0.587868 0.064579 0.043900
0 0.598735 0.413610 0.055204 0.038626
0 0.551254 0.544557 0.062413 0.048346
0 0.417515 0.378031 0.061523 0.047467
0 0.700911 0.308005 0.048368 0.032806
0 0.727096 0.416009 0.057977 0.042539
0 0.401884 0.471771 0.067326 0.044961
0 0.670113 0.966406 0.085599 0.061719
0 0.640857 0.676104 0.054588 0.047428
0 0.534429 0.409762 0.054284 0.036257
0 0.401380 0.433604 0.057361 0.045163
0 0.665156 0.897093 0.063707 0.055098
0 0.721311 0.387425 0.054219 0.037155
0 0.548704 0.628454 0.059805 0.045801
0 0.712135 0.333721 0.054436 0.031647
0 0.591855 0.348633 0.045352 0.035807
0 0.694911 0.282764 0.045022 0.034486
0 0.588455 0.305605 0.048038 0.039284
0 0.690193 0.240254 0.040621 0.037878
0 0.586897 0.277933 0.048863 0.034720
0 0.583288 0.252497 0.038294 0.031986