0 0.589714 0.971191 0.088637 0.050924
0 0.398644 0.726777 0.072860 0.052526
0 0.577313 0.841846 0.073064 0.060710
0 0.658911 0.841341 0.077674 0.058138
0 0.665818 0.899906 0.060030 0.053665
0 0.680423 0.964469 0.075820 0.058158
0 0.400191 0.668600 0.071944 0.053555
0 0.773060 0.595505 0.071259 0.046191
0 0.646829 0.784896 0.065551 0.052253
0 0.805996 0.733893 0.073989 0.053359
0 0.836532 0.834603 0.088351 0.057487
0 0.739772 0.453317 0.059162 0.040046
0 0.798364 0.680540 0.058750 0.048555
0 0.557786 0.627135 0.052196 0.046406
0 0.639230 0.729551 0.073581 0.054128
0 0.597374 0.439141 0.058186 0.041367
0 0.395193 0.790703 0.062626 0.053307
0 0.387541 0.847282 0.081194 0.058197
0 0.614601 0.556273 0.062127 0.045957
0 0.560156 0.721807 0.072917 0.052337
0 0.620807 0.596328 0.055339 0.044271
0 0.848555 0.962686 0.084332 0.062871
0 0.762743 0.553047 0.068264 0.048125
0 0.629010 0.638861 0.051910 0.042734
0 0.559638 0.672015 0.067478 0.050046
0 0.782841 0.639704 0.068902 0.052585
0 0.842368 0.900065 0.073051 0.054505
0 0.400152 0.618457 0.067604 0.047201
0 0.734805 0.418604 0.051910 0.040397
0 0.813600 0.785822 0.061554 0.048359
0 0.604104 0.509274 0.056168 0.046634
0 0.578711 0.903506 0.074549 0.063366
0 0.636050 0.681328 0.053872 0.047253
0 0.575082 0.783597 0.070990 0.055814
0 0.751938 0.516100 0.064518 0.044779
0 0.603789 0.472962 0.053863 0.042370