0 0.801228 0.689704 0.078423 0.052436
0 0.784584 0.645050 0.063511 0.049715
0 0.772044 0.572494 0.055265 0.042979
0 0.815909 0.740519 0.072365 0.052988
0 0.354691 0.786967 0.078419 0.056883
0 0.651637 0.787134 0.063287 0.049289
0 0.377502 0.684554 0.066357 0.052415
0 0.382461 0.634146 0.069451 0.050282
0 0.353811 0.732129 0.055156 0.050035
0 0.642516 0.732567 0.062541 0.047025
0 0.565926 0.730393 0.069094 0.049537
0 0.565465 0.677427 0.066372 0.049542
0 0.823196 0.790806 0.071972 0.057100
0 0.762933 0.531371 0.056731 0.049321
0 0.628319 0.598241 0.064888 0.046316
0 0.633243 0.683429 0.055204 0.048090
0 0.659453 0.842240 0.069514 0.052737
0 0.845903 0.841722 0.087775 0.057442
0 0.746738 0.462642 0.060352 0.044062
0 0.662854 0.901493 0.054723 0.045739
0 0.570304 0.789095 0.077809 0.057185
0 0.848754 0.902521 0.071343 0.055455
0 0.390687 0.553413 0.064649 0.048914
0 0.550484 0.471317 0.056198 0.038660
0 0.674554 0.974033 0.077927 0.047535
0 0.744067 0.426028 0.059408 0.039857
0 0.560645 0.628248 0.058873 0.046342
0 0.629610 0.641576 0.049160 0.036801
0 0.554396 0.542731 0.062992 0.045523
0 0.388792 0.591196 0.050434 0.043289
0 0.616168 0.421124 0.053120 0.042568
0 0.555763 0.584256 0.060502 0.047580
0 0.581069 0.173790 0.037817 0.031103
0 0.622536 0.555955 0.057228 0.048294
0 0.617562 0.512893 0.058623 0.046879
0 0.613199 0.482472 0.054050 0.047576
0 0.401413 0.447377 0.057639 0.041747
0 0.753872 0.496138 0.049133 0.039125
0 0.722278 0.367080 0.046679 0.038470
0 0.713929 0.334500 0.057919 0.039593
0 0.569417 0.838875 0.070934 0.047053
0 0.550023 0.506671 0.051428 0.038534
0 0.395817 0.513359 0.063792 0.044592
0 0.582920 0.970665 0.085145 0.053722
0 0.595081 0.320847 0.051224 0.040482
0 0.594647 0.383128 0.045662 0.040535
0 0.733371 0.395601 0.055760 0.036022
0 0.592551 0.354957 0.043597 0.039685
0 0.868108 0.973617 0.086767 0.048296
0 0.401323 0.480131 0.053509 0.040246
0 0.699158 0.263633 0.048803 0.035036
0 0.428636 0.320338 0.050915 0.043820
0 0.419454 0.346004 0.055923 0.037560
0 0.414029 0.384816 0.061765 0.045072
0 0.401092 0.411108 0.045907 0.037560
0 0.378138 0.856821 0.080128 0.057592
0 0.577624 0.906901 0.070112 0.057592
0 0.609342 0.450546 0.053419 0.043820
0 0.591396 0.290289 0.039229 0.033804
0 0.581380 0.265249 0.035891 0.033804
0 0.583884 0.234575 0.039229 0.035056
0 0.678619 0.193259 0.041733 0.030048
0 0.684044 0.214543 0.047576 0.030048
0 0.689470 0.236453 0.045072 0.028796
0 0.702407 0.289663 0.052584 0.030048
0 0.704911 0.307192 0.044237 0.027544