0 0.812459 0.784359 0.068641 0.051296
0 0.829533 0.840732 0.079674 0.052832
0 0.392355 0.833665 0.069475 0.054310
0 0.395054 0.661087 0.070786 0.058229
0 0.395024 0.772100 0.071558 0.057923
0 0.654796 0.781654 0.077569 0.054023
0 0.530870 0.427982 0.060082 0.044935
0 0.396033 0.714245 0.053394 0.049388
0 0.403544 0.491647 0.058737 0.044362
0 0.597064 0.326484 0.039622 0.038477
0 0.654293 0.845026 0.077622 0.059909
0 0.404770 0.376999 0.058385 0.044948
0 0.660269 0.900085 0.063646 0.056628
0 0.642587 0.720788 0.073602 0.052135
0 0.636897 0.670202 0.071528 0.051719
0 0.801011 0.684219 0.068611 0.049310
0 0.400421 0.574990 0.064618 0.046986
0 0.316328 0.893044 0.083759 0.056257
0 0.765801 0.553864 0.066975 0.046491
0 0.813184 0.728682 0.062591 0.052272
0 0.583197 0.968285 0.085760 0.058470
0 0.397886 0.532441 0.048707 0.044766
0 0.572402 0.901178 0.076037 0.062240
0 0.582728 0.365726 0.054961 0.044746
0 0.398895 0.617920 0.067843 0.048457
0 0.777500 0.594193 0.073003 0.044206
0 0.793216 0.635501 0.074835 0.054844
0 0.405141 0.453809 0.049293 0.040833
0 0.589746 0.231410 0.047435 0.036895
0 0.843958 0.904893 0.074609 0.056517
0 0.558060 0.667074 0.071762 0.050488
0 0.569232 0.832988 0.077014 0.057591
0 0.613086 0.537790 0.055304 0.042051
0 0.552641 0.579958 0.064301 0.046777
0 0.585675 0.195387 0.041306 0.031348
0 0.740408 0.451250 0.059583 0.046315
0 0.574460 0.769411 0.084240 0.061556
0 0.667543 0.967432 0.061276 0.052480
0 0.858765 0.959678 0.068103 0.055944
0 0.554475 0.623330 0.067405 0.048001
0 0.545089 0.539469 0.057313 0.043913
0 0.404588 0.417474 0.042865 0.039036
0 0.623978 0.577936 0.058372 0.046875
0 0.596417 0.433630 0.053416 0.042897
0 0.562342 0.715492 0.077270 0.059277
0 0.629178 0.619137 0.054562 0.049095
0 0.721727 0.390104 0.055139 0.036198
0 0.544002 0.501012 0.049714 0.042715
0 0.731283 0.418600 0.056871 0.039805
0 0.685050 0.239248 0.049049 0.037155
0 0.589099 0.402285 0.053971 0.041172
0 0.705247 0.310638 0.043194 0.033594
0 0.713529 0.341165 0.045139 0.034570
0 0.702452 0.284873 0.045781 0.035436