0 0.803858 0.711030 0.072689 0.052001
0 0.368406 0.669414 0.072995 0.050180
0 0.764698 0.526057 0.069825 0.044424
0 0.371186 0.721503 0.062990 0.052349
0 0.373001 0.770735 0.069923 0.055044
0 0.825562 0.767074 0.088268 0.063367
0 0.791897 0.655935 0.057638 0.043180
0 0.397901 0.359443 0.059480 0.044786
0 0.770005 0.567973 0.068114 0.044893
0 0.735308 0.415867 0.063577 0.044231
0 0.398429 0.304212 0.040197 0.035606
0 0.371297 0.825703 0.065432 0.054724
0 0.381428 0.495625 0.059734 0.047555
0 0.550986 0.662585 0.063867 0.047934
0 0.746698 0.448850 0.056624 0.041177
0 0.754271 0.483709 0.058114 0.049114
0 0.784678 0.608176 0.073846 0.047222
0 0.377166 0.571888 0.066278 0.055503
0 0.609690 0.491955 0.055414 0.043011
0 0.561340 0.760152 0.077485 0.055011
0 0.726269 0.385066 0.063584 0.043407
0 0.625477 0.660199 0.063903 0.051849
0 0.835605 0.879517 0.072040 0.054585
0 0.849253 0.941886 0.077234 0.054124
0 0.374715 0.617462 0.056046 0.049380
0 0.546398 0.613300 0.063815 0.048132
0 0.562223 0.709639 0.070172 0.051251
0 0.566089 0.218540 0.045357 0.038911
0 0.716523 0.358823 0.057970 0.034891
0 0.600095 0.457999 0.056816 0.048524
0 0.381794 0.532722 0.058095 0.037928
0 0.384767 0.461031 0.051293 0.036758
0 0.544249 0.570100 0.047710 0.045630
0 0.648871 0.818969 0.064971 0.050747
0 0.825118 0.817399 0.072146 0.047817
0 0.608795 0.528702 0.061104 0.047870
0 0.617385 0.611850 0.064692 0.045071
0 0.635002 0.709067 0.053504 0.041923
0 0.568351 0.813035 0.066982 0.050186
0 0.583490 0.360998 0.040165 0.035714
0 0.703985 0.332722 0.052400 0.039084
0 0.534371 0.496438 0.043701 0.042957
0 0.565516 0.304470 0.041756 0.034257
0 0.655535 0.879925 0.061737 0.052557
0 0.610646 0.570812 0.053272 0.041097
0 0.595788 0.420335 0.047279 0.037940
0 0.591294 0.391857 0.038143 0.031931
0 0.574717 0.332978 0.041213 0.041276
0 0.640114 0.757760 0.066947 0.048922
0 0.568226 0.194175 0.042227 0.031141
0 0.562653 0.169208 0.034004 0.021600
0 0.659074 0.152652 0.040270 0.030532
0 0.688420 0.243873 0.044276 0.032926
0 0.691876 0.272045 0.048759 0.034529
0 0.585764 0.950882 0.080542 0.060418
0 0.532552 0.455554 0.046741 0.036308
0 0.574286 0.875601 0.081798 0.060096
0 0.673194 0.951973 0.077624 0.065104