0 0.759512 0.512470 0.063852 0.043661
0 0.623638 0.645784 0.063942 0.048670
0 0.550893 0.688002 0.075383 0.058240
0 0.401283 0.726093 0.080758 0.053570
0 0.551152 0.631999 0.061998 0.047396
0 0.611866 0.598024 0.060435 0.049497
0 0.789738 0.645658 0.068435 0.043710
0 0.735128 0.442056 0.055280 0.035341
0 0.605264 0.520318 0.055741 0.039948
0 0.745769 0.477564 0.063579 0.038225
0 0.595202 0.483331 0.043315 0.042029
0 0.721101 0.409822 0.055233 0.032553
0 0.630432 0.704182 0.065274 0.047491
0 0.536183 0.504571 0.052401 0.039373
0 0.524130 0.432722 0.049378 0.037275
0 0.776331 0.602657 0.071636 0.047901
0 0.405899 0.923942 0.084241 0.062710
0 0.611939 0.559823 0.051336 0.038727
0 0.410176 0.852464 0.070441 0.052289
0 0.537870 0.549491 0.060903 0.037051
0 0.403261 0.672232 0.066947 0.049110
0 0.399753 0.493433 0.051061 0.038844
0 0.530458 0.468400 0.054119 0.035097
0 0.794711 0.694364 0.072740 0.047437
0 0.654967 0.810236 0.077381 0.053077
0 0.402704 0.627272 0.050674 0.040360
0 0.587091 0.451627 0.048963 0.031021
0 0.719228 0.376471 0.057625 0.040125
0 0.573339 0.809562 0.080415 0.055027
0 0.546854 0.588933 0.063210 0.042649
0 0.405599 0.791612 0.060991 0.049315
0 0.396913 0.537497 0.065658 0.046278
0 0.396782 0.588320 0.062835 0.043936
0 0.584524 0.866879 0.080751 0.057455
0 0.661709 0.937302 0.069438 0.055166
0 0.717741 0.311194 0.040279 0.035549
0 0.567611 0.758934 0.071972 0.051444
0 0.810864 0.748602 0.068061 0.052924
0 0.640659 0.759393 0.064876 0.044360
0 0.660098 0.873452 0.060699 0.049187
0 0.587517 0.425974 0.048656 0.035372
0 0.586806 0.929437 0.061765 0.060096
0 0.586388 0.389824 0.050915 0.037560
0 0.866837 0.946965 0.089310 0.055088
0 0.840128 0.879357 0.072616 0.057592
0 0.825521 0.813627 0.068443 0.053836
0 0.772102 0.556340 0.061765 0.047576