0 0.655841 0.820573 0.076215 0.056427
0 0.653368 0.741473 0.060519 0.055415
0 0.368834 0.741288 0.074361 0.055435
0 0.857057 0.920112 0.085425 0.054126
0 0.372882 0.633873 0.072059 0.048738
0 0.378331 0.591936 0.059258 0.044294
0 0.741436 0.450709 0.061983 0.038294
0 0.368030 0.683724 0.069914 0.053301
0 0.372574 0.809286 0.058689 0.051696
0 0.382691 0.547313 0.063923 0.052497
0 0.734411 0.415757 0.054454 0.039200
0 0.682601 0.208298 0.047659 0.033170
0 0.729534 0.386694 0.055088 0.041316
0 0.571617 0.818810 0.075743 0.055112
0 0.752060 0.490700 0.056738 0.043641
0 0.575501 0.736118 0.065807 0.049889
0 0.838230 0.790786 0.065102 0.048073
0 0.780949 0.597533 0.061974 0.043859
0 0.365864 0.871785 0.061491 0.053974
0 0.587166 0.950814 0.084823 0.057309
0 0.840003 0.854036 0.071559 0.052952
0 0.600995 0.276517 0.050080 0.036308
0 0.604334 0.324461 0.046741 0.034538
0 0.631465 0.552405 0.060467 0.040535
0 0.391681 0.448707 0.055310 0.037322
0 0.640181 0.595695 0.063021 0.046672
0 0.397778 0.377974 0.056630 0.042727
0 0.383889 0.478830 0.056020 0.035278
0 0.706950 0.312865 0.039969 0.038734
0 0.768828 0.555978 0.060454 0.041382
0 0.570005 0.886602 0.079914 0.058126
0 0.819845 0.740794 0.060589 0.045827
0 0.402152 0.416462 0.055805 0.039840
0 0.364471 0.930386 0.073165 0.057776
0 0.591774 0.184463 0.051671 0.027609
0 0.721485 0.355830 0.046145 0.027923
0 0.595544 0.227340 0.049296 0.030602
0 0.386992 0.513837 0.049067 0.039935
0 0.701690 0.289804 0.054018 0.035336
0 0.623830 0.513832 0.055013 0.043142
0 0.652136 0.881598 0.069971 0.053592
0 0.607593 0.410656 0.047604 0.038104
0 0.607880 0.355870 0.050937 0.038011
0 0.601536 0.252852 0.035643 0.033559
0 0.561280 0.542793 0.060794 0.042118
0 0.615461 0.477512 0.061120 0.043155
0 0.763362 0.519954 0.047528 0.042723
0 0.550758 0.469847 0.050214 0.035331
0 0.556220 0.505914 0.054583 0.041006
0 0.696971 0.265805 0.051771 0.030189
0 0.692449 0.240494 0.040518 0.031984
0 0.636641 0.640643 0.055762 0.044254
0 0.611844 0.443408 0.052868 0.040239
0 0.644433 0.688780 0.065033 0.053128
0 0.609718 0.386068 0.054335 0.035056
0 0.565587 0.581789 0.047445 0.044254
0 0.550101 0.405972 0.052859 0.036354
0 0.668603 0.967623 0.060096 0.051332
0 0.570530 0.680914 0.054253 0.048828
0 0.566356 0.635216 0.062600 0.045072
0 0.550080 0.438026 0.055088 0.036308
0 0.601412 0.302183 0.052584 0.040064
0 0.798394 0.695312 0.060931 0.047576
0 0.793386 0.645232 0.059261 0.052584
0 0.595152 0.205153 0.045072 0.031300