0 0.810687 0.736675 0.080752 0.051487
0 0.804214 0.688597 0.077257 0.046530
0 0.838514 0.847584 0.071364 0.049907
0 0.401660 0.514765 0.055050 0.041285
0 0.401580 0.443536 0.051085 0.040482
0 0.754397 0.478548 0.058906 0.043426
0 0.767216 0.518004 0.067115 0.038292
0 0.816830 0.789143 0.061675 0.051566
0 0.775624 0.555038 0.066249 0.049946
0 0.543506 0.379032 0.053541 0.037857
0 0.856043 0.907498 0.090993 0.060030
0 0.650515 0.787130 0.063025 0.048270
0 0.569923 0.729974 0.068462 0.050323
0 0.651276 0.846889 0.077725 0.053892
0 0.315020 0.678669 0.074880 0.047479
0 0.416059 0.382502 0.057500 0.045856
0 0.573785 0.788156 0.071763 0.051764
0 0.626414 0.560864 0.062262 0.044379
0 0.725025 0.368144 0.059966 0.039689
0 0.669221 0.153084 0.042560 0.030417
0 0.643541 0.688452 0.068626 0.051435
0 0.595021 0.358382 0.047531 0.034290
0 0.639932 0.734347 0.053972 0.041644
0 0.568848 0.680836 0.065855 0.046401
0 0.747358 0.439221 0.057806 0.038658
0 0.631979 0.638031 0.061749 0.049908
0 0.575416 0.847404 0.070835 0.050987
0 0.736007 0.405152 0.054128 0.038865
0 0.612938 0.476738 0.054634 0.040824
0 0.695857 0.260236 0.042774 0.038040
0 0.606065 0.417119 0.051332 0.040122
0 0.562078 0.591748 0.050705 0.044223
0 0.332132 0.900564 0.065732 0.058560
0 0.618464 0.513065 0.058929 0.049808
0 0.592536 0.306878 0.044887 0.032169
0 0.335354 0.843774 0.066928 0.053116
0 0.399108 0.553682 0.047971 0.041118
0 0.387305 0.730720 0.070054 0.054825
0 0.338572 0.778120 0.063962 0.051398
0 0.581095 0.908900 0.070815 0.059393
0 0.589090 0.973433 0.089851 0.051398
0 0.552921 0.547400 0.055586 0.039976
0 0.554444 0.513135 0.055586 0.039976
0 0.661809 0.912897 0.070815 0.053682
0 0.671707 0.974575 0.061678 0.049114
0 0.609268 0.448602 0.047971 0.043403
0 0.590994 0.328102 0.035788 0.035408
0 0.588709 0.281273 0.047971 0.030839
0 0.587948 0.259000 0.049494 0.029697
0 0.582618 0.232159 0.046449 0.035408
0 0.581856 0.210458 0.041880 0.030839
0 0.578430 0.185330 0.031981 0.030839
0 0.568531 0.168197 0.039596 0.028554
0 0.679703 0.191041 0.045687 0.028554
0 0.683510 0.217311 0.041118 0.033123
0 0.707496 0.318394 0.052540 0.034265
0 0.712826 0.343522 0.044926 0.029697
0 0.861690 0.974575 0.077668 0.049114