0 0.387815 0.730027 0.074240 0.057690
0 0.392898 0.678780 0.071267 0.052051
0 0.575985 0.740458 0.081857 0.055234
0 0.584879 0.856861 0.072167 0.058503
0 0.652459 0.695924 0.065849 0.052200
0 0.577964 0.639260 0.067970 0.046850
0 0.655162 0.798031 0.078494 0.064416
0 0.787473 0.644680 0.071076 0.052102
0 0.659883 0.857207 0.059657 0.055096
0 0.777408 0.603424 0.068206 0.048367
0 0.746576 0.484426 0.062627 0.044097
0 0.829834 0.797346 0.076556 0.050166
0 0.396864 0.783038 0.057701 0.057421
0 0.573203 0.683011 0.057943 0.050806
0 0.651833 0.742768 0.059788 0.057365
0 0.845017 0.853752 0.069053 0.053048
0 0.648830 0.648731 0.052901 0.045586
0 0.637840 0.604979 0.055790 0.045291
0 0.579154 0.921967 0.083189 0.067525
0 0.398341 0.584953 0.069229 0.050625
0 0.800948 0.690611 0.059170 0.047769
0 0.759241 0.519588 0.061084 0.048464
0 0.806969 0.740628 0.068822 0.060583
0 0.669790 0.923099 0.074155 0.060252
0 0.623829 0.520332 0.057976 0.042686
0 0.730786 0.411734 0.054253 0.046324
0 0.577905 0.790936 0.069005 0.061657
0 0.565554 0.556157 0.070634 0.038321
0 0.394609 0.628923 0.068839 0.049085
0 0.628763 0.563646 0.061526 0.045364
0 0.693643 0.247721 0.048411 0.033804
0 0.621440 0.482485 0.060308 0.047685
0 0.575618 0.592466 0.066670 0.047945
0 0.392745 0.847431 0.080963 0.061348
0 0.400584 0.544687 0.056867 0.041149
0 0.717498 0.348191 0.059395 0.038194
0 0.595531 0.258139 0.044315 0.034607
0 0.861072 0.923511 0.079445 0.063408
0 0.773875 0.557313 0.055296 0.045631
0 0.724437 0.378555 0.058360 0.038856
0 0.400038 0.471245 0.052023 0.039350
0 0.545229 0.419826 0.055512 0.037649
0 0.555073 0.482533 0.059272 0.042484
0 0.555868 0.523983 0.065797 0.044944
0 0.614330 0.448364 0.053323 0.039359
0 0.602853 0.329790 0.051372 0.039939
0 0.612227 0.412962 0.048331 0.042338
0 0.604939 0.386443 0.053877 0.036809
0 0.677234 0.973521 0.067628 0.048946
0 0.599311 0.301755 0.041763 0.031696
0 0.402060 0.505603 0.047182 0.041173
0 0.873274 0.973934 0.082547 0.047927
0 0.237497 0.607672 0.057592 0.147736
0 0.383981 0.920047 0.083467 0.061348
0 0.397336 0.422376 0.060096 0.050080
0 0.548828 0.453050 0.050915 0.036308
0 0.601412 0.357898 0.047576 0.038812
0 0.597239 0.279647 0.040899 0.032552
0 0.698651 0.278395 0.048411 0.037560
0 0.737046 0.447416 0.065104 0.042568