0 0.301471 0.841595 0.084892 0.063005
0 0.773454 0.582088 0.068849 0.046352
0 0.781946 0.627140 0.070105 0.046136
0 0.410911 0.892803 0.087156 0.061626
0 0.317755 0.775020 0.074025 0.050922
0 0.583896 0.885058 0.079104 0.057488
0 0.751970 0.497140 0.062161 0.043774
0 0.880448 0.958423 0.089737 0.056394
0 0.765905 0.534730 0.053850 0.045005
0 0.398391 0.830908 0.079002 0.054820
0 0.407407 0.959861 0.075116 0.057265
0 0.829443 0.787034 0.066440 0.051080
0 0.744060 0.462505 0.055332 0.039913
0 0.844838 0.841552 0.064808 0.051592
0 0.404688 0.666062 0.070191 0.053623
0 0.791739 0.673147 0.063288 0.047269
0 0.730750 0.425496 0.052656 0.041296
0 0.856265 0.898277 0.061324 0.046397
0 0.802967 0.723078 0.056721 0.049638
0 0.705607 0.338260 0.051813 0.036807
0 0.685168 0.223538 0.038653 0.030509
0 0.592613 0.965261 0.084481 0.056452
0 0.405265 0.377304 0.059261 0.042568
0 0.411942 0.416116 0.057592 0.045072
0 0.412777 0.454302 0.052584 0.038812
0 0.403596 0.488732 0.065939 0.050080
0 0.400257 0.527544 0.062600 0.047576
0 0.398588 0.572616 0.050915 0.050080
0 0.395666 0.615184 0.068443 0.047576
0 0.404013 0.770433 0.058427 0.052584
0 0.585136 0.807367 0.068443 0.053836
0 0.578459 0.753531 0.078459 0.056340
0 0.574286 0.696565 0.065104 0.050080
0 0.565939 0.640850 0.058427 0.048828
0 0.560096 0.597030 0.061765 0.041316
0 0.556340 0.554462 0.055923 0.043820
0 0.555505 0.514398 0.050915 0.036308
0 0.553001 0.481220 0.059261 0.040064
0 0.548411 0.446164 0.056757 0.037560
0 0.540899 0.408604 0.053419 0.035056
0 0.545072 0.375426 0.043403 0.036308
0 0.664847 0.898137 0.059261 0.052584
0 0.676950 0.967623 0.066774 0.058844
0 0.663595 0.812375 0.075120 0.058844
0 0.657335 0.756661 0.059261 0.047576
0 0.644398 0.699695 0.061765 0.051332
0 0.643146 0.647110 0.067608 0.051332
0 0.635216 0.605794 0.063435 0.043820
0 0.624783 0.562600 0.059261 0.047576
0 0.620192 0.522536 0.066774 0.040064
0 0.613932 0.481220 0.057592 0.045072
0 0.610594 0.451172 0.055923 0.040064
0 0.601830 0.417994 0.050080 0.033804
0 0.598908 0.391702 0.054253 0.036308
0 0.599743 0.364158 0.039229 0.036308
0 0.608090 0.339744 0.039229 0.040064
0 0.607255 0.314704 0.040899 0.030048
0 0.599326 0.290915 0.051749 0.037560
0 0.603499 0.270257 0.045072 0.028796
0 0.597239 0.247095 0.039229 0.032552
0 0.595152 0.225811 0.048411 0.035056
0 0.591814 0.206405 0.050080 0.026292
0 0.731621 0.396084 0.045907 0.035056
0 0.719101 0.369166 0.055923 0.038812
0 0.701573 0.314078 0.044237 0.031300
0 0.698234 0.290289 0.045907 0.033804
0 0.686548 0.265249 0.044237 0.031300
0 0.686548 0.245843 0.047576 0.030048