0 0.386024 0.732109 0.071441 0.051354
0 0.869227 0.967666 0.085234 0.057064
0 0.410788 0.580947 0.061055 0.048587
0 0.573186 0.788737 0.077691 0.054883
0 0.821053 0.742347 0.077435 0.051491
0 0.852724 0.844095 0.086246 0.057982
0 0.385979 0.782174 0.071385 0.056667
0 0.395610 0.630693 0.067105 0.048457
0 0.409733 0.380257 0.058850 0.045098
0 0.868561 0.901413 0.098746 0.063151
0 0.788787 0.645765 0.076298 0.049421
0 0.598073 0.901963 0.074965 0.062311
0 0.398479 0.921452 0.087270 0.060951
0 0.660805 0.845990 0.064900 0.057435
0 0.653611 0.784720 0.069965 0.051133
0 0.415430 0.509219 0.060955 0.040195
0 0.596708 0.968070 0.086280 0.059811
0 0.396786 0.855117 0.062582 0.056680
0 0.682565 0.969014 0.075677 0.054069
0 0.801625 0.691930 0.074084 0.051764
0 0.391393 0.677956 0.066311 0.053021
0 0.634360 0.636243 0.068477 0.050339
0 0.576775 0.837298 0.070182 0.057799
0 0.770395 0.560368 0.069653 0.046986
0 0.709959 0.316992 0.047253 0.032409
0 0.607969 0.472653 0.056120 0.044837
0 0.645783 0.731702 0.063338 0.052637
0 0.836173 0.789821 0.071078 0.049889
0 0.602717 0.406579 0.058073 0.038574
0 0.552031 0.517702 0.047118 0.041250
0 0.615041 0.515387 0.060812 0.044824
0 0.675757 0.909329 0.059414 0.054115
0 0.782415 0.601917 0.070898 0.050267
0 0.637461 0.682428 0.059575 0.047096
0 0.741977 0.453740 0.065273 0.043509
0 0.620449 0.555560 0.060247 0.045182
0 0.733123 0.421012 0.052018 0.035553
0 0.567077 0.677285 0.066740 0.050625
0 0.628761 0.595179 0.054900 0.045736
0 0.604648 0.438115 0.056137 0.041022
0 0.570414 0.733021 0.075404 0.056276
0 0.561042 0.601784 0.057769 0.047695
0 0.761079 0.521032 0.064692 0.043197
0 0.557520 0.557923 0.062244 0.043776
0 0.413592 0.541852 0.050039 0.040397
0 0.722980 0.371484 0.056749 0.033346
0 0.715065 0.343285 0.047526 0.036699
0 0.753197 0.488574 0.059692 0.042721
0 0.401304 0.977887 0.066793 0.043171
0 0.727938 0.395374 0.046615 0.035527