0 0.380312 0.961237 0.084106 0.063893
0 0.389438 0.755645 0.080734 0.054232
0 0.579820 0.821917 0.070621 0.052025
0 0.398774 0.417686 0.061897 0.042155
0 0.662797 0.833652 0.075820 0.053385
0 0.592172 0.960895 0.084753 0.058418
0 0.836178 0.832581 0.071228 0.051191
0 0.390141 0.480658 0.066107 0.045247
0 0.379859 0.883512 0.089319 0.063249
0 0.856638 0.900674 0.071654 0.050540
0 0.742062 0.437314 0.061319 0.040176
0 0.392331 0.809945 0.061467 0.053861
0 0.589787 0.884824 0.077370 0.057240
0 0.389136 0.652048 0.064731 0.049629
0 0.833147 0.769873 0.083021 0.052663
0 0.724123 0.376038 0.056267 0.036322
0 0.537810 0.378682 0.039996 0.036387
0 0.388537 0.565215 0.060894 0.047292
0 0.139980 0.870833 0.131688 0.081094
0 0.627478 0.614180 0.055122 0.043594
0 0.385423 0.698216 0.053537 0.048451
0 0.571226 0.754056 0.072704 0.054062
0 0.389290 0.520413 0.062956 0.045840
0 0.390313 0.608962 0.067578 0.045957
0 0.560525 0.698923 0.071137 0.049551
0 0.817750 0.716058 0.066714 0.046582
0 0.650534 0.763861 0.068715 0.051667
0 0.643003 0.710088 0.070356 0.051035
0 0.544082 0.514967 0.053746 0.041784
0 0.542921 0.445938 0.054514 0.041484
0 0.780380 0.622572 0.072070 0.045625
0 0.594737 0.364753 0.050143 0.037161
0 0.548733 0.553900 0.063177 0.041888
0 0.635955 0.659707 0.064661 0.046940
0 0.704154 0.315658 0.045000 0.036589
0 0.864957 0.965124 0.075451 0.051302
0 0.597839 0.396976 0.056372 0.037975
0 0.669130 0.967031 0.060751 0.052878
0 0.752595 0.478506 0.057839 0.039277
0 0.792713 0.668239 0.061641 0.046296
0 0.557339 0.640654 0.060139 0.048691
0 0.607222 0.459756 0.054722 0.039173
0 0.617869 0.572191 0.060339 0.044993
0 0.670955 0.896195 0.063064 0.056829
0 0.712491 0.345283 0.042622 0.036178
0 0.733750 0.406621 0.045773 0.035221
0 0.614575 0.535000 0.058464 0.041693
0 0.605258 0.427562 0.054041 0.037676
0 0.760725 0.548633 0.064167 0.043750
0 0.610875 0.493268 0.053615 0.044206
0 0.769920 0.584095 0.066194 0.043190
0 0.757350 0.514417 0.059761 0.039993
0 0.542287 0.414492 0.045113 0.037682
0 0.603056 0.303900 0.049566 0.041354
0 0.602205 0.264818 0.037517 0.034714
0 0.593757 0.219447 0.041463 0.028724
0 0.681834 0.221051 0.038780 0.030710
0 0.604510 0.336302 0.041155 0.037643
0 0.687697 0.268662 0.049900 0.033522
0 0.683754 0.245335 0.048134 0.029225
0 0.594492 0.240446 0.045773 0.032129