0 0.629529 0.726641 0.066914 0.050169
0 0.643906 0.833978 0.072569 0.053112
0 0.765349 0.541299 0.061029 0.045137
0 0.563787 0.827363 0.071150 0.054128
0 0.799308 0.676976 0.057747 0.046257
0 0.638646 0.774486 0.055347 0.048281
0 0.572626 0.895615 0.071233 0.057103
0 0.829321 0.834297 0.062261 0.047057
0 0.849931 0.897936 0.071866 0.053008
0 0.391300 0.755586 0.071063 0.057201
0 0.564013 0.774212 0.062582 0.052318
0 0.577268 0.971344 0.084865 0.052272
0 0.865352 0.967868 0.076085 0.058340
0 0.654195 0.905345 0.076662 0.056471
0 0.602350 0.453955 0.055109 0.042897
0 0.379206 0.859743 0.063220 0.059785
0 0.600154 0.415993 0.058286 0.045488
0 0.665723 0.971357 0.081315 0.052585
0 0.691248 0.243932 0.040178 0.036823