0 0.569271 0.901992 0.085677 0.062214
0 0.399492 0.630205 0.069948 0.054668
0 0.566669 0.837780 0.074301 0.054180
0 0.386044 0.790850 0.085569 0.065215
0 0.842012 0.893011 0.083702 0.058431
0 0.551892 0.631419 0.058889 0.047995
0 0.667624 0.966820 0.083260 0.059811
0 0.628366 0.631576 0.062574 0.046081
0 0.401710 0.585104 0.069531 0.049883
0 0.579490 0.968812 0.088503 0.056243
0 0.643255 0.781680 0.075330 0.056732
0 0.758835 0.554346 0.066037 0.042415
0 0.790825 0.632949 0.064089 0.049818
0 0.802858 0.680592 0.082426 0.054622
0 0.812203 0.727080 0.075360 0.052480
0 0.397424 0.680221 0.054510 0.049206
0 0.553296 0.587331 0.057878 0.044258
0 0.562977 0.776621 0.077005 0.053867
0 0.619733 0.586891 0.057253 0.044824
0 0.853811 0.964912 0.088455 0.063184
0 0.757450 0.515228 0.062773 0.044557
0 0.640163 0.681572 0.053494 0.044225
0 0.615553 0.547467 0.059006 0.045781
0 0.604826 0.445436 0.060512 0.040521
0 0.643379 0.728623 0.065030 0.051387
0 0.406591 0.543776 0.068173 0.046693
0 0.747094 0.481354 0.063746 0.040143
0 0.824648 0.775501 0.067292 0.051797
0 0.660414 0.899229 0.069258 0.061296
0 0.561630 0.724840 0.071662 0.050566
0 0.391519 0.729261 0.060095 0.053600
0 0.691018 0.237982 0.039032 0.035521
0 0.545100 0.546784 0.054974 0.043984
0 0.613793 0.509502 0.057535 0.042585
0 0.655831 0.837113 0.070603 0.057272
0 0.591962 0.385550 0.052778 0.038184
0 0.741298 0.449144 0.063932 0.038457
0 0.834271 0.833008 0.075729 0.049596
0 0.778691 0.591211 0.057374 0.047760
0 0.593856 0.353294 0.052235 0.039648
0 0.405004 0.505557 0.048594 0.041400
0 0.375497 0.926992 0.088902 0.061055
0 0.557669 0.677604 0.068455 0.049935
0 0.380430 0.857194 0.064757 0.059701
0 0.613542 0.476621 0.061562 0.041055
0 0.592999 0.301299 0.042943 0.041556
0 0.591660 0.274538 0.041645 0.037617