0 0.733302 0.440496 0.059056 0.041032
0 0.769925 0.582809 0.072118 0.047591
0 0.751883 0.504701 0.060737 0.042691
0 0.813800 0.768799 0.070297 0.055661
0 0.763059 0.541256 0.064796 0.044345
0 0.548297 0.534950 0.063900 0.046990
0 0.783325 0.625103 0.065144 0.047038
0 0.794892 0.665808 0.058629 0.049088
0 0.800212 0.719056 0.068475 0.052216
0 0.620841 0.531979 0.066507 0.052021
0 0.591532 0.316007 0.050561 0.042107
0 0.718046 0.377924 0.059095 0.042556
0 0.821902 0.825932 0.079146 0.060135
0 0.556999 0.663410 0.068610 0.049452
0 0.550029 0.574282 0.048668 0.045459
0 0.634626 0.665791 0.058784 0.048100
0 0.600611 0.382714 0.054313 0.061451
0 0.679242 0.206243 0.042171 0.038409
0 0.558159 0.711182 0.062708 0.053491
0 0.629288 0.621010 0.067418 0.047445
0 0.611277 0.498023 0.057463 0.048712
0 0.394342 0.664800 0.068500 0.054263
0 0.586629 0.221803 0.046671 0.038582
0 0.397596 0.714782 0.056634 0.052837
0 0.563836 0.764102 0.074263 0.056726
0 0.635269 0.714772 0.065000 0.051438
0 0.392770 0.771775 0.065546 0.053234
0 0.568098 0.826085 0.081988 0.059544
0 0.392223 0.617812 0.051374 0.048405
0 0.641479 0.770588 0.059256 0.047886
0 0.845483 0.886310 0.072939 0.055833
0 0.607130 0.461108 0.057814 0.043549
0 0.851217 0.960251 0.089217 0.059937
0 0.401097 0.533251 0.057512 0.042993
0 0.650644 0.828163 0.067636 0.050357
0 0.602544 0.428501 0.044020 0.033197
0 0.388355 0.832977 0.066373 0.049968
0 0.395068 0.568982 0.051783 0.050784
0 0.575337 0.887402 0.073934 0.062279
0 0.659002 0.885466 0.060347 0.053479
0 0.600331 0.404674 0.049826 0.034127
0 0.579294 0.950721 0.070112 0.060096
0 0.670272 0.956355 0.081798 0.061348