0 0.557491 0.723193 0.075773 0.051960
0 0.644106 0.725970 0.078168 0.055273
0 0.598555 0.410990 0.055634 0.042448
0 0.399442 0.725020 0.055543 0.045013
0 0.401233 0.630996 0.067674 0.051159
0 0.611131 0.509896 0.056957 0.046107
0 0.570022 0.840182 0.074028 0.056615
0 0.768047 0.590452 0.070365 0.045020
0 0.742331 0.477702 0.065938 0.045417
0 0.549681 0.546683 0.050959 0.040892
0 0.556241 0.673678 0.064201 0.049518
0 0.581656 0.969925 0.088407 0.054759
0 0.549197 0.586536 0.055373 0.045911
0 0.645940 0.781849 0.070395 0.055378
0 0.728003 0.417663 0.055590 0.037578
0 0.388077 0.780758 0.055590 0.050723
0 0.536545 0.476273 0.053498 0.042598
0 0.754748 0.516689 0.054384 0.043014
0 0.402023 0.544098 0.060564 0.049850
0 0.621790 0.586777 0.065430 0.047565
0 0.716124 0.357949 0.052422 0.038490
0 0.824635 0.775420 0.081398 0.056061
0 0.626137 0.630700 0.069158 0.048158
0 0.782203 0.632503 0.068268 0.050697
0 0.805197 0.722562 0.066810 0.052181
0 0.657806 0.843288 0.074197 0.054115
0 0.613555 0.546341 0.054149 0.040977
0 0.830684 0.834443 0.074371 0.053561
0 0.562400 0.777803 0.074210 0.054134
0 0.845276 0.896667 0.074596 0.057279
0 0.859789 0.966471 0.075786 0.058164
0 0.801866 0.677266 0.061997 0.050247
0 0.389807 0.837467 0.084249 0.064648
0 0.631113 0.677500 0.052982 0.046862
0 0.724894 0.388359 0.057539 0.034909
0 0.403863 0.408730 0.045000 0.042227
0 0.603069 0.445898 0.056649 0.041393
0 0.386413 0.911888 0.089744 0.065573
0 0.415412 0.378555 0.059306 0.045260
0 0.539288 0.442747 0.056519 0.040391
0 0.665002 0.904447 0.064605 0.054167
0 0.576771 0.897679 0.070469 0.062194
0 0.593487 0.381462 0.054336 0.036478
0 0.400892 0.504561 0.062313 0.046113
0 0.705703 0.331234 0.055043 0.036335
0 0.668171 0.973675 0.063511 0.047689
0 0.737758 0.444251 0.049544 0.038099
0 0.603229 0.474912 0.055894 0.042832
0 0.594342 0.352718 0.053138 0.038965
0 0.594829 0.327949 0.046775 0.032891
0 0.690152 0.239128 0.039306 0.036354
0 0.701222 0.307793 0.049327 0.032448
0 0.696313 0.282139 0.045343 0.034746
0 0.585918 0.254447 0.043780 0.032865
0 0.398633 0.470775 0.058724 0.039232
0 0.587125 0.279186 0.047739 0.032474
0 0.591660 0.301676 0.043320 0.036087