0 0.589816 0.971152 0.088737 0.051289
0 0.398739 0.725745 0.073086 0.054928
0 0.605211 0.351751 0.053537 0.040352
0 0.399811 0.616445 0.069570 0.047552
0 0.577810 0.841576 0.074414 0.060768
0 0.399989 0.671768 0.071801 0.055970
0 0.406834 0.468161 0.057201 0.039303
0 0.773112 0.595133 0.071085 0.046113
0 0.389056 0.847135 0.084249 0.059401
0 0.551313 0.580277 0.064918 0.048626
0 0.401181 0.533538 0.057561 0.043053
0 0.659197 0.842725 0.078984 0.057454
0 0.666248 0.898936 0.062079 0.053535
0 0.535239 0.429714 0.054627 0.039453
0 0.681539 0.963402 0.077843 0.056139
0 0.805299 0.733936 0.071484 0.055085
0 0.395410 0.790023 0.063546 0.051660
0 0.400942 0.574648 0.068108 0.046510
0 0.575503 0.783854 0.071892 0.053437
0 0.837891 0.834857 0.086068 0.054661
0 0.745026 0.482624 0.060625 0.044154
0 0.762192 0.553021 0.067882 0.047253
0 0.739280 0.452041 0.058906 0.037910
0 0.798129 0.680993 0.058429 0.048457
0 0.848366 0.963255 0.084249 0.059141
0 0.382652 0.914255 0.085920 0.064121
0 0.557459 0.626143 0.053451 0.047415
0 0.559876 0.672712 0.068867 0.050189
0 0.811884 0.784025 0.062036 0.049564
0 0.781777 0.638460 0.067478 0.050345
0 0.579408 0.901208 0.075369 0.062012
0 0.560256 0.722747 0.074653 0.054245
0 0.627031 0.597005 0.068255 0.044714
0 0.639536 0.730697 0.073602 0.054688
0 0.604542 0.510469 0.057174 0.045638
0 0.546536 0.536452 0.068003 0.050182
0 0.614776 0.555557 0.062574 0.045306
0 0.647750 0.786572 0.064076 0.054108
0 0.689073 0.261029 0.053824 0.034987
0 0.702908 0.313343 0.051701 0.032910
0 0.541901 0.498607 0.054349 0.040104
0 0.588602 0.382194 0.050304 0.036224
0 0.538336 0.463636 0.052374 0.038939
0 0.734399 0.419489 0.054475 0.040280
0 0.591348 0.409196 0.050742 0.036699
0 0.597550 0.439945 0.058737 0.041243
0 0.629403 0.639430 0.053355 0.041960
0 0.604525 0.474775 0.054813 0.045632
0 0.723589 0.390540 0.059106 0.038828
0 0.844661 0.899001 0.077648 0.053040
0 0.410349 0.498861 0.048016 0.039036
0 0.751380 0.516924 0.062691 0.044303
0 0.635681 0.683021 0.053333 0.049310
0 0.715655 0.361852 0.054028 0.036960
0 0.582687 0.215101 0.041345 0.029368
0 0.712036 0.339066 0.055078 0.032832
0 0.698394 0.287438 0.043924 0.029928
0 0.583770 0.236963 0.036671 0.036400