0 0.378345 0.789108 0.067505 0.053309
0 0.565827 0.789531 0.078552 0.056778
0 0.390237 0.548927 0.064371 0.045420
0 0.824752 0.791047 0.081464 0.056622
0 0.391887 0.674147 0.070346 0.053942
0 0.386374 0.726181 0.074323 0.057262
0 0.633079 0.682140 0.069238 0.052163
0 0.572068 0.843492 0.072174 0.055740
0 0.553931 0.733177 0.057384 0.052371
0 0.778190 0.601558 0.066594 0.051130
0 0.555233 0.677210 0.066903 0.046443
0 0.768985 0.562266 0.064579 0.043059
0 0.818596 0.740207 0.062324 0.052679
0 0.388097 0.508361 0.064510 0.041472
0 0.552116 0.547560 0.065195 0.045296
0 0.647408 0.786080 0.064314 0.058869
0 0.621990 0.595355 0.062818 0.053337
0 0.635792 0.731004 0.068297 0.049698
0 0.589022 0.174448 0.034509 0.035952
0 0.660820 0.907215 0.071826 0.051919
0 0.797834 0.689214 0.068770 0.053569
0 0.619199 0.442190 0.056456 0.045046
0 0.843149 0.844457 0.088036 0.056952
0 0.556737 0.631373 0.061328 0.048231
0 0.543361 0.478304 0.052156 0.045165
0 0.650909 0.848073 0.073784 0.060065
0 0.390217 0.626051 0.054439 0.049425
0 0.612878 0.476290 0.060573 0.040921
0 0.634599 0.635246 0.050743 0.048653
0 0.387409 0.591140 0.052102 0.049458
0 0.574894 0.904034 0.080580 0.063325
0 0.552953 0.588125 0.063366 0.050072
0 0.622725 0.552713 0.056699 0.050913
0 0.613684 0.506870 0.064131 0.045428
0 0.395732 0.446737 0.045232 0.043755
0 0.387323 0.847664 0.067340 0.055638
0 0.712599 0.365369 0.060410 0.042469
0 0.756715 0.528291 0.059153 0.041557
0 0.604881 0.406610 0.060671 0.041085
0 0.743179 0.491339 0.052116 0.043428
0 0.545821 0.444478 0.048582 0.043436
0 0.387184 0.910080 0.083738 0.061446
0 0.230878 0.636375 0.058524 0.144840
0 0.854769 0.911221 0.081867 0.056465
0 0.698305 0.271936 0.050773 0.030447
0 0.593877 0.973377 0.078739 0.051945
0 0.398588 0.411108 0.059261 0.045072
0 0.679871 0.973783 0.075955 0.051132
0 0.601412 0.372296 0.052584 0.040064
0 0.692808 0.247721 0.045072 0.031300
0 0.698651 0.296549 0.045072 0.033804
0 0.722857 0.396084 0.058427 0.037560
0 0.732038 0.424254 0.058427 0.038812
0 0.739133 0.456180 0.050915 0.037560
0 0.869758 0.973783 0.083467 0.051132