0 0.515889 0.389223 0.056136 0.044506
0 0.576279 0.742559 0.079479 0.056932
0 0.388707 0.732815 0.072785 0.056516
0 0.730546 0.414621 0.060948 0.038350
0 0.845885 0.854406 0.071118 0.052762
0 0.394185 0.846239 0.084761 0.063972
0 0.739801 0.447837 0.057925 0.043410
0 0.806409 0.740459 0.073280 0.052732
0 0.624385 0.527058 0.063396 0.046044
0 0.746233 0.488219 0.060086 0.046550
0 0.602755 0.331303 0.050363 0.043180
0 0.579516 0.924957 0.081353 0.063656
0 0.396685 0.786117 0.059729 0.056408
0 0.583871 0.855569 0.074312 0.057592
0 0.399099 0.418491 0.059909 0.047319
0 0.574813 0.793595 0.065719 0.048828
0 0.605312 0.385308 0.056470 0.036575
0 0.621118 0.483914 0.058245 0.044692
0 0.564418 0.562991 0.066476 0.049298
0 0.613799 0.450707 0.051181 0.038489
0 0.773887 0.563976 0.058197 0.047825
0 0.761067 0.521306 0.062134 0.045115
0 0.571550 0.685296 0.055552 0.047576
0 0.614785 0.418821 0.054217 0.032955
0 0.830946 0.801107 0.079294 0.056340
0 0.801977 0.692480 0.060443 0.051927
0 0.712392 0.316013 0.047219 0.036237
0 0.667351 0.926933 0.067608 0.055088
0 0.660256 0.864959 0.060096 0.056340
0 0.657335 0.802359 0.075955 0.058844
0 0.653996 0.748523 0.057592 0.051332
0 0.652327 0.699069 0.065939 0.050080
0 0.648571 0.652744 0.053419 0.040064
0 0.637720 0.609550 0.058427 0.043820
0 0.629791 0.567608 0.057592 0.047576
0 0.780866 0.606420 0.065939 0.045072
0 0.788378 0.650240 0.069278 0.045072
0 0.861829 0.923177 0.067608 0.060096