0 0.563316 0.743728 0.075249 0.053646
0 0.831906 0.842989 0.079481 0.060054
0 0.375608 0.723115 0.074296 0.056265
0 0.575059 0.853856 0.074438 0.057308
0 0.812029 0.745234 0.078089 0.054518
0 0.567580 0.797976 0.067066 0.061231
0 0.775600 0.604755 0.065423 0.055915
0 0.384623 0.672968 0.072341 0.050462
0 0.386338 0.624030 0.068263 0.049894
0 0.625475 0.636127 0.062348 0.051051
0 0.680300 0.971147 0.076923 0.050321
0 0.643421 0.734272 0.066601 0.054071
0 0.794977 0.696939 0.077468 0.056843
0 0.670400 0.904725 0.059864 0.056465
0 0.619347 0.594346 0.061193 0.046026
0 0.831796 0.792343 0.063244 0.053651
0 0.637802 0.684772 0.059858 0.051184
0 0.766784 0.566962 0.062815 0.048869
0 0.794189 0.647095 0.062685 0.048523
0 0.759942 0.525918 0.063668 0.041946
0 0.853084 0.904990 0.075081 0.051266
0 0.867148 0.969639 0.097330 0.053522
0 0.613942 0.551925 0.055335 0.042948
0 0.586642 0.913833 0.071227 0.065311
0 0.608490 0.514091 0.063732 0.044494
0 0.367576 0.853315 0.063569 0.053790
0 0.361863 0.779723 0.076482 0.054217
0 0.386980 0.583363 0.049740 0.040001
0 0.562713 0.688932 0.068299 0.050407
0 0.656533 0.845371 0.057348 0.066415
0 0.735114 0.427995 0.056231 0.046354
0 0.608186 0.476892 0.054030 0.043386
0 0.652700 0.785461 0.076878 0.050089
0 0.753669 0.490326 0.049243 0.037698
0 0.605510 0.447416 0.052735 0.047576
0 0.273875 0.973765 0.082824 0.047261
0 0.591341 0.975021 0.065358 0.048229