0 0.680955 0.971723 0.077035 0.050023
0 0.863478 0.970775 0.089349 0.052628
0 0.368069 0.855421 0.062614 0.052576
0 0.574003 0.856671 0.070547 0.059091
0 0.812636 0.745773 0.075508 0.054401
0 0.852073 0.905834 0.072956 0.052391
0 0.671685 0.908494 0.060611 0.053267
0 0.659005 0.854348 0.055925 0.052522
0 0.362252 0.780024 0.077656 0.059601
0 0.831459 0.790175 0.064196 0.054228
0 0.378597 0.724428 0.068602 0.053580
0 0.795989 0.692231 0.070750 0.051430
0 0.573268 0.174761 0.041685 0.035224
0 0.237914 0.978891 0.091814 0.038812