0 0.573322 0.726234 0.075221 0.051973
0 0.567428 0.838743 0.072192 0.054883
0 0.567923 0.780273 0.069466 0.053867
0 0.802739 0.727793 0.080556 0.051224
0 0.659145 0.838177 0.073594 0.053333
0 0.788550 0.633457 0.070512 0.047734
0 0.646447 0.774362 0.071992 0.054714
0 0.395004 0.726696 0.070920 0.059342
0 0.637869 0.676992 0.059635 0.047266
0 0.562337 0.627168 0.050109 0.047214
0 0.848776 0.896208 0.072682 0.054108
0 0.746365 0.479642 0.060343 0.044648
0 0.736597 0.444681 0.063828 0.044727
0 0.557244 0.579206 0.056562 0.045898
0 0.854774 0.964268 0.086797 0.056686
0 0.587365 0.972285 0.085920 0.051393
0 0.829204 0.838971 0.083416 0.056133
0 0.567906 0.675856 0.068242 0.050397
0 0.236810 0.684414 0.060521 0.048529
0 0.644275 0.723132 0.061719 0.051732
0 0.618548 0.547686 0.059197 0.048158
0 0.400056 0.672402 0.061311 0.054701
0 0.396851 0.782314 0.058077 0.052402
0 0.575566 0.896868 0.069553 0.055742
0 0.819909 0.774665 0.061319 0.053327
0 0.675634 0.901569 0.075122 0.055833
0 0.387389 0.617848 0.065716 0.053861
0 0.384403 0.840368 0.084501 0.069225
0 0.550584 0.536413 0.056176 0.047396
0 0.383906 0.973525 0.085000 0.048223
0 0.616671 0.509635 0.063637 0.043307
0 0.393650 0.537288 0.049896 0.042441
0 0.378965 0.918939 0.077478 0.060729
0 0.626467 0.589430 0.065208 0.046100
0 0.724954 0.392614 0.056341 0.046921
0 0.802023 0.679261 0.063047 0.050111
0 0.762711 0.551878 0.065595 0.045840
0 0.628110 0.628265 0.054674 0.051257
0 0.546107 0.500830 0.058142 0.044590
0 0.396771 0.429434 0.060877 0.043034
0 0.393051 0.496784 0.061050 0.048060
0 0.751393 0.517920 0.065773 0.040736
0 0.394451 0.577686 0.065777 0.048848
0 0.614772 0.473760 0.049518 0.040540
0 0.714601 0.357656 0.058307 0.040508
0 0.546523 0.463535 0.064132 0.046003
0 0.610432 0.441188 0.057791 0.041647
0 0.541604 0.429408 0.055308 0.042891
0 0.602700 0.382243 0.044505 0.039004
0 0.710449 0.330980 0.052010 0.035449
0 0.396892 0.462412 0.051415 0.042389
0 0.684451 0.971921 0.078103 0.052331
0 0.604449 0.412061 0.052613 0.036283