0 0.589909 0.970850 0.088872 0.051621
0 0.398837 0.725365 0.072891 0.055794
0 0.399575 0.616234 0.068429 0.047194
0 0.400037 0.670964 0.072348 0.058138
0 0.527148 0.385339 0.056233 0.040208
0 0.577732 0.840693 0.073433 0.059733
0 0.659058 0.841400 0.078273 0.057474
0 0.666324 0.898050 0.061892 0.052376
0 0.395358 0.789489 0.064188 0.053483
0 0.401606 0.533359 0.058003 0.043698
0 0.400673 0.574196 0.067413 0.046855
0 0.406526 0.466455 0.056758 0.037897
0 0.680647 0.962767 0.075625 0.056068
0 0.534733 0.427633 0.053824 0.037415
0 0.387684 0.846048 0.082227 0.061146
0 0.771500 0.594561 0.069128 0.046973
0 0.551055 0.578939 0.066085 0.048880
0 0.592806 0.261813 0.049353 0.041569
0 0.557938 0.625957 0.051285 0.047982
0 0.805467 0.732572 0.072444 0.053828
0 0.638991 0.729150 0.073971 0.054785
0 0.738257 0.451191 0.057747 0.037930
0 0.762259 0.552497 0.067530 0.047285
0 0.621209 0.596559 0.057470 0.045996
0 0.575760 0.783887 0.071241 0.052643
0 0.628500 0.639294 0.053668 0.041660
0 0.836276 0.834453 0.088906 0.056576
0 0.848594 0.962367 0.084175 0.060918
0 0.560041 0.672419 0.069787 0.052155
0 0.613602 0.554076 0.060964 0.047383
0 0.541680 0.495690 0.053924 0.039414
0 0.798431 0.680042 0.058468 0.048639
0 0.646471 0.783988 0.063863 0.054082
0 0.744223 0.481152 0.060477 0.044010
0 0.546797 0.534574 0.070156 0.051530
0 0.580219 0.900706 0.075169 0.062767
0 0.410171 0.498851 0.048555 0.038105
0 0.603566 0.507279 0.054640 0.046003
0 0.781838 0.637620 0.066775 0.050046
0 0.560228 0.722666 0.074431 0.056517
0 0.689577 0.260628 0.053659 0.035228
0 0.812159 0.780833 0.063815 0.048398
0 0.596693 0.297484 0.039080 0.035866
0 0.604883 0.352422 0.052569 0.037995
0 0.384577 0.912516 0.089405 0.063704
0 0.597604 0.439896 0.057153 0.041029
0 0.750007 0.516136 0.063546 0.045645
0 0.733103 0.417939 0.053906 0.041764
0 0.842932 0.899801 0.074266 0.054902
0 0.537543 0.460977 0.052821 0.041055
0 0.586773 0.380426 0.049761 0.034473
0 0.591571 0.407331 0.049931 0.036745
0 0.703336 0.312930 0.051124 0.032669
0 0.635851 0.680560 0.055399 0.050260
0 0.598114 0.326061 0.052990 0.034375
0 0.603542 0.470739 0.051198 0.041309
0 0.715020 0.360973 0.053728 0.036842
0 0.723086 0.390111 0.057370 0.038646
0 0.697400 0.287536 0.042786 0.029499
0 0.583338 0.214609 0.042196 0.030326
0 0.710892 0.337988 0.052747 0.032721
0 0.584544 0.235146 0.038003 0.031803