0 0.855560 0.906029 0.071623 0.051719
0 0.590992 0.919469 0.074293 0.055866
0 0.821851 0.747080 0.070161 0.047441
0 0.574891 0.849245 0.068785 0.056003
0 0.840831 0.800426 0.063971 0.046934
0 0.805614 0.698535 0.063841 0.046263
0 0.876973 0.972904 0.085968 0.049479
0 0.571901 0.791579 0.073090 0.057572
0 0.791712 0.641276 0.074996 0.049648
0 0.776157 0.599414 0.056914 0.041966
0 0.594727 0.975693 0.069167 0.043757
0 0.667426 0.907002 0.060443 0.050996
0 0.574776 0.738359 0.059987 0.051315
0 0.671777 0.977738 0.062591 0.040423
0 0.579631 0.203057 0.042439 0.032845
0 0.271395 0.985999 0.088668 0.028001