0 0.393996 0.733005 0.074767 0.058487
0 0.388312 0.677216 0.070142 0.056200
0 0.621432 0.518158 0.061853 0.045919
0 0.388460 0.787607 0.056378 0.048367
0 0.756885 0.523361 0.068000 0.041754
0 0.554646 0.551508 0.063388 0.043191
0 0.395248 0.584849 0.065630 0.050654
0 0.741202 0.455954 0.055356 0.038886
0 0.400777 0.503873 0.062931 0.044918
0 0.397178 0.624558 0.059349 0.049568
0 0.598730 0.386031 0.058411 0.038852
0 0.614853 0.479345 0.056092 0.043013
0 0.751279 0.489669 0.063317 0.040673
0 0.772354 0.561253 0.061301 0.040553
0 0.731173 0.394070 0.059498 0.037775
0 0.735247 0.421870 0.054829 0.041075
0 0.610643 0.445606 0.052486 0.038948
0 0.547395 0.442739 0.055291 0.036888
0 0.401850 0.470140 0.059659 0.040670
0 0.724092 0.363828 0.055797 0.035139
0 0.559048 0.732093 0.068455 0.048454
0 0.408446 0.438989 0.049258 0.038826
0 0.631476 0.640648 0.062746 0.047825
0 0.550698 0.508442 0.054253 0.042540
0 0.684471 0.225030 0.045054 0.028485
0 0.639442 0.731488 0.058611 0.042227
0 0.801819 0.685716 0.061057 0.044101
0 0.713232 0.339995 0.050966 0.033055
0 0.638102 0.685812 0.058473 0.044125
0 0.557385 0.592796 0.063339 0.040695
0 0.594042 0.294652 0.038947 0.037599
0 0.391076 0.846549 0.079294 0.058103
0 0.821327 0.786562 0.074842 0.044187
0 0.706408 0.317208 0.041244 0.030048
0 0.560126 0.633141 0.067740 0.048878
0 0.393162 0.921299 0.081798 0.058844
0 0.405682 0.381060 0.056757 0.037560
0 0.563017 0.784205 0.070947 0.052584
0 0.572199 0.843675 0.064269 0.053836
0 0.581798 0.909405 0.070112 0.057592
0 0.584302 0.976287 0.085136 0.046124
0 0.550497 0.477464 0.055923 0.030048
0 0.644815 0.789213 0.057592 0.047576
0 0.656083 0.848057 0.066774 0.052584
0 0.669438 0.981921 0.058427 0.034856
0 0.587640 0.347882 0.043403 0.038812
0 0.597656 0.267753 0.036725 0.028796
0 0.685714 0.205779 0.040899 0.025040
0 0.696565 0.275265 0.047576 0.033804
0 0.787126 0.603290 0.070112 0.046324
0 0.787126 0.645232 0.065104 0.040064
0 0.815505 0.737255 0.061765 0.048828
0 0.835120 0.844927 0.064269 0.051332
0 0.852230 0.909405 0.070112 0.057592
0 0.860160 0.976913 0.085971 0.044872