0 0.236118 0.698841 0.062713 0.049544
0 0.650059 0.777259 0.074440 0.055430
0 0.790914 0.634290 0.071680 0.049661
0 0.641426 0.670697 0.073121 0.052253
0 0.780990 0.587500 0.073455 0.047487
0 0.373618 0.711553 0.076315 0.056257
0 0.638134 0.616634 0.063715 0.048164
0 0.620208 0.533665 0.064635 0.043672
0 0.568789 0.621406 0.058950 0.044948
0 0.577904 0.832721 0.072639 0.055846
0 0.648494 0.724603 0.064896 0.050482
0 0.563331 0.577516 0.049631 0.043926
0 0.556790 0.536943 0.055924 0.043991
0 0.371858 0.769238 0.077795 0.060703
0 0.572303 0.773639 0.071775 0.051732
0 0.572797 0.718844 0.068372 0.052923
0 0.589115 0.893636 0.092335 0.067936
0 0.766840 0.546654 0.067014 0.045169
0 0.363965 0.829157 0.078346 0.061738
0 0.378648 0.625286 0.071376 0.049128
0 0.633585 0.573099 0.061892 0.047109
0 0.794586 0.681084 0.069970 0.049785
0 0.834575 0.832041 0.072743 0.050553
0 0.849742 0.900990 0.072799 0.053203
0 0.567400 0.668167 0.069488 0.049915
0 0.674169 0.968626 0.091272 0.058203
0 0.547904 0.465023 0.055469 0.038952
0 0.385716 0.541921 0.067986 0.045768
0 0.658370 0.835794 0.066688 0.053698
0 0.715775 0.369329 0.055560 0.041081
0 0.809060 0.726729 0.064579 0.052233
0 0.733513 0.432904 0.063572 0.041693
0 0.758503 0.507679 0.058828 0.045475
0 0.552878 0.498997 0.058351 0.043008
0 0.372934 0.913271 0.090009 0.060345
0 0.720901 0.403988 0.052756 0.038327
0 0.812214 0.776917 0.061823 0.046960
0 0.616270 0.491686 0.055334 0.045807
0 0.375527 0.665013 0.057322 0.046628
0 0.592300 0.337256 0.049392 0.036895
0 0.379240 0.578053 0.050990 0.044961
0 0.608351 0.459105 0.057179 0.041582
0 0.662962 0.895387 0.061758 0.051152
0 0.873359 0.966478 0.093142 0.059701
0 0.739551 0.466322 0.064102 0.048971
0 0.701313 0.318324 0.054206 0.035384
0 0.606055 0.426768 0.054306 0.037754
0 0.703663 0.343861 0.051380 0.032331
0 0.599240 0.366764 0.055009 0.041641
0 0.688670 0.265658 0.051567 0.035221
0 0.680573 0.242549 0.043637 0.033822
0 0.604759 0.397591 0.046367 0.038438
0 0.692101 0.292139 0.043672 0.033704