0 0.387070 0.615540 0.054155 0.049133
0 0.385869 0.714243 0.072730 0.053466
0 0.385642 0.771515 0.071398 0.055688
0 0.537727 0.495258 0.059533 0.047096
0 0.388100 0.826479 0.070485 0.057685
0 0.392416 0.568258 0.063258 0.043773
0 0.749827 0.504139 0.061344 0.042011
0 0.735357 0.466923 0.058982 0.042254
0 0.546077 0.570520 0.061413 0.048115
0 0.605277 0.496492 0.061667 0.042335
0 0.556025 0.662137 0.062851 0.050120
0 0.766415 0.575662 0.074607 0.045078
0 0.401318 0.531833 0.057528 0.043669
0 0.795844 0.715392 0.067415 0.046366
0 0.780461 0.663971 0.072031 0.053864
0 0.555950 0.711577 0.074008 0.050287
0 0.631188 0.711698 0.060582 0.049891
0 0.775032 0.620634 0.068770 0.044244
0 0.633224 0.662062 0.069074 0.050374
0 0.722750 0.401314 0.056715 0.039626
0 0.559346 0.756724 0.078288 0.058438
0 0.715865 0.372676 0.053926 0.038468
0 0.602769 0.458536 0.058989 0.046089
0 0.639847 0.766348 0.072023 0.056548
0 0.536646 0.454909 0.056270 0.044223
0 0.625471 0.616227 0.056404 0.044007
0 0.704747 0.343624 0.056438 0.037239
0 0.609227 0.532770 0.054994 0.040855
0 0.730907 0.433583 0.060572 0.039048
0 0.586245 0.368867 0.057410 0.040642
0 0.535648 0.423466 0.050611 0.036025
0 0.594207 0.429257 0.059694 0.033472
0 0.396358 0.492440 0.058140 0.047480
0 0.693514 0.291059 0.052375 0.040098
0 0.849052 0.946413 0.086995 0.056714
0 0.700463 0.316367 0.051627 0.027961
0 0.838633 0.876448 0.073887 0.050582
0 0.817431 0.760105 0.060569 0.040436
0 0.531997 0.394568 0.051424 0.039051
0 0.589170 0.395240 0.048574 0.037762
0 0.816339 0.818009 0.066774 0.057592
0 0.617926 0.573549 0.057564 0.042779
0 0.650516 0.886066 0.061856 0.056393
0 0.396763 0.459648 0.051226 0.043144
0 0.381894 0.895633 0.080963 0.055088
0 0.566979 0.821240 0.070923 0.054938
0 0.569695 0.884365 0.069278 0.067608
0 0.574703 0.957607 0.087640 0.061348
0 0.658769 0.954103 0.066162 0.057488
0 0.584320 0.341554 0.053962 0.030764
0 0.580128 0.309070 0.041733 0.038812
0 0.687800 0.247095 0.048411 0.032552
0 0.690304 0.265875 0.036725 0.027544