0 0.388208 0.725781 0.074723 0.059646
0 0.392636 0.625025 0.065556 0.049429
0 0.580929 0.844974 0.073269 0.063344
0 0.827275 0.784410 0.078290 0.050491
0 0.395067 0.677705 0.072640 0.049649
0 0.565987 0.734816 0.077137 0.056151
0 0.646888 0.780511 0.063462 0.050205
0 0.402745 0.542414 0.067823 0.044798
0 0.397452 0.779512 0.060299 0.053401
0 0.639442 0.639288 0.066669 0.048208
0 0.805632 0.728431 0.068157 0.058726
0 0.397028 0.582424 0.049653 0.045881
0 0.629253 0.595507 0.070339 0.048647
0 0.801508 0.678876 0.064838 0.050386
0 0.666382 0.905327 0.061397 0.052578
0 0.657730 0.846788 0.068488 0.052550
0 0.631247 0.682051 0.067152 0.045526
0 0.786397 0.634316 0.064893 0.048280
0 0.624191 0.550721 0.058775 0.043851
0 0.640048 0.726014 0.061759 0.049936
0 0.575232 0.787224 0.054865 0.058622
0 0.558995 0.680689 0.067567 0.054925
0 0.405605 0.502678 0.062532 0.049049
0 0.731516 0.427426 0.053265 0.038215
0 0.777952 0.594934 0.068428 0.042132
0 0.574303 0.174385 0.040029 0.035244
0 0.401097 0.465057 0.064403 0.044785
0 0.741475 0.472890 0.058226 0.038586
0 0.751605 0.508333 0.057497 0.045935
0 0.725969 0.395737 0.057888 0.037292
0 0.553935 0.633516 0.051175 0.049584
0 0.608821 0.406853 0.059468 0.039067
0 0.585637 0.965500 0.071082 0.060344
0 0.824586 0.839499 0.063038 0.050296
0 0.404920 0.430100 0.057662 0.036817
0 0.760571 0.546734 0.061458 0.046756
0 0.556996 0.590838 0.058453 0.045052
0 0.554595 0.550523 0.052725 0.042371
0 0.398173 0.839298 0.082822 0.058333
0 0.603314 0.438096 0.054081 0.039257
0 0.579074 0.901058 0.069477 0.050194
0 0.666034 0.974948 0.061970 0.044492
0 0.392972 0.371180 0.050462 0.042840
0 0.853705 0.909920 0.071393 0.046101
0 0.596113 0.331037 0.048158 0.040180
0 0.546974 0.374762 0.041130 0.038542
0 0.549234 0.476517 0.055226 0.039061
0 0.561492 0.513447 0.059549 0.043218
0 0.714427 0.338794 0.041890 0.031838
0 0.608319 0.471180 0.043724 0.033871
0 0.718995 0.365594 0.049446 0.037113
0 0.623844 0.505525 0.046115 0.041098
0 0.706049 0.315137 0.052108 0.033477
0 0.603729 0.370064 0.040392 0.033218
0 0.705740 0.287692 0.039241 0.031113
0 0.544067 0.411661 0.056316 0.038255
0 0.543390 0.441192 0.048856 0.036622
0 0.596822 0.305940 0.038395 0.037560
0 0.871428 0.973257 0.075120 0.047576
0 0.694060 0.269631 0.047576 0.030048
0 0.688635 0.247095 0.043403 0.030048