0 0.356117 0.651359 0.071204 0.052111
0 0.358604 0.754381 0.055292 0.050625
0 0.654613 0.847430 0.066057 0.057691
0 0.359054 0.806124 0.075215 0.058072
0 0.639318 0.729752 0.063292 0.053093
0 0.745063 0.469913 0.064914 0.039899
0 0.775641 0.592904 0.064703 0.051844
0 0.761914 0.542844 0.062830 0.042104
0 0.370029 0.561181 0.065938 0.049759
0 0.802752 0.682904 0.056801 0.049475
0 0.752678 0.507392 0.066535 0.040087
0 0.567803 0.838243 0.072338 0.052953
0 0.785713 0.639885 0.064743 0.044953
0 0.569842 0.779933 0.071749 0.052455
0 0.723509 0.411078 0.054069 0.042213
0 0.624747 0.633726 0.061984 0.051141
0 0.620147 0.587433 0.057963 0.049962
0 0.651440 0.782439 0.074331 0.051760
0 0.635857 0.680188 0.060449 0.045776
0 0.551286 0.580247 0.063636 0.044449
0 0.849175 0.839560 0.084568 0.056875
0 0.554684 0.667312 0.059865 0.047542
0 0.808769 0.732953 0.066473 0.047612
0 0.566012 0.726331 0.068123 0.053356
0 0.585026 0.971704 0.088106 0.050286
0 0.544434 0.537185 0.067160 0.046795
0 0.589287 0.383475 0.058473 0.041139
0 0.667293 0.902821 0.057908 0.051354
0 0.832042 0.788648 0.065276 0.051231
0 0.602215 0.443768 0.055632 0.037432
0 0.383050 0.874001 0.081990 0.059541
0 0.853573 0.905209 0.069923 0.054663
0 0.713295 0.347347 0.054180 0.033987
0 0.373682 0.515964 0.062848 0.045302
0 0.619241 0.549446 0.057783 0.042431
0 0.721605 0.377487 0.052584 0.035941
0 0.548449 0.625245 0.065656 0.052877
0 0.400798 0.472083 0.057439 0.044572
0 0.406442 0.383706 0.058659 0.044182
0 0.706912 0.319228 0.047407 0.032552
0 0.865430 0.971024 0.083776 0.051874
0 0.607594 0.479304 0.054872 0.039017
0 0.399834 0.434577 0.058201 0.041195
0 0.581057 0.899213 0.069508 0.054790
0 0.540506 0.468074 0.052296 0.040129
0 0.611384 0.510777 0.055412 0.044663
0 0.691793 0.232064 0.038756 0.031286
0 0.541769 0.497733 0.050156 0.043130
0 0.700100 0.295140 0.053859 0.027229
0 0.586223 0.324681 0.039561 0.031378
0 0.698944 0.270344 0.046406 0.027828
0 0.585947 0.280666 0.038442 0.030834
0 0.669855 0.982234 0.055923 0.034230
0 0.592231 0.354142 0.049245 0.035056
0 0.580963 0.252729 0.035056 0.030048
0 0.581798 0.217047 0.046741 0.036308
0 0.574286 0.193885 0.045072 0.030048
0 0.583467 0.163837 0.040064 0.030048
0 0.686548 0.210161 0.039229 0.030048