0 0.391658 0.584667 0.068816 0.047783
0 0.391868 0.730418 0.079086 0.058731
0 0.330581 0.478962 0.027899 0.051084
0 0.402503 0.508506 0.059795 0.044090
0 0.637103 0.689507 0.058272 0.047477
0 0.567503 0.678553 0.067172 0.051431
0 0.399948 0.467512 0.061837 0.038006
0 0.619183 0.511762 0.062192 0.041879
0 0.565337 0.629901 0.063555 0.044178
0 0.608114 0.473150 0.056368 0.038400
0 0.382049 0.971747 0.073029 0.051807
0 0.410994 0.436643 0.059521 0.036744
0 0.723523 0.396643 0.054757 0.042227
0 0.547073 0.497208 0.051307 0.044068
0 0.617448 0.557672 0.054876 0.042383
0 0.384307 0.910947 0.070704 0.059821
0 0.387545 0.854615 0.079677 0.055683
0 0.389114 0.682176 0.052514 0.048400
0 0.384893 0.631264 0.069148 0.054498
0 0.735170 0.440421 0.057185 0.039210
0 0.781930 0.604221 0.067384 0.043995
0 0.551388 0.544133 0.062274 0.043198
0 0.547993 0.433371 0.052867 0.034767
0 0.741927 0.473185 0.057836 0.040339
0 0.544005 0.468690 0.050931 0.037763
0 0.768972 0.559546 0.062392 0.043271
0 0.610069 0.434891 0.045740 0.033861
0 0.644946 0.645031 0.075466 0.050431
0 0.790307 0.648520 0.065941 0.045634
0 0.628159 0.600005 0.060379 0.041862
0 0.755439 0.511070 0.060744 0.040495
0 0.603343 0.320949 0.050859 0.039863
0 0.549010 0.403255 0.052133 0.031932
0 0.404013 0.389824 0.056757 0.040064
0 0.414446 0.354142 0.039229 0.033804
0 0.571782 0.734751 0.066774 0.051332
0 0.571782 0.792343 0.063435 0.048828
0 0.582632 0.844301 0.073451 0.055088
0 0.587640 0.901893 0.081798 0.060096
0 0.603916 0.966997 0.080963 0.060096
0 0.546324 0.371670 0.054253 0.036308
0 0.643563 0.782953 0.058427 0.055088
0 0.660674 0.844927 0.065939 0.051332
0 0.666516 0.902519 0.059261 0.058844
0 0.676532 0.976387 0.059261 0.043820
0 0.607255 0.409856 0.050915 0.037560
0 0.605168 0.380434 0.051749 0.036308
0 0.600160 0.354142 0.045072 0.033804
0 0.601412 0.295923 0.037560 0.027544
0 0.598491 0.269631 0.033387 0.027544
0 0.595570 0.248347 0.049245 0.027544
0 0.593483 0.230193 0.043403 0.023788
0 0.592231 0.207031 0.050915 0.032552
0 0.584302 0.166967 0.045072 0.032552
0 0.686131 0.223933 0.053419 0.033804
0 0.694895 0.248973 0.049245 0.026292
0 0.696565 0.276517 0.050915 0.036308
0 0.714927 0.317208 0.044237 0.032552
0 0.717849 0.340370 0.051749 0.036308
0 0.719935 0.367914 0.047576 0.031300
0 0.803819 0.696565 0.058427 0.042568
0 0.814670 0.746645 0.076790 0.055088
0 0.827190 0.821139 0.083467 0.056340
0 0.842214 0.886243 0.068443 0.051332
0 0.862664 0.949469 0.079294 0.052584
0 0.395249 0.789213 0.067608 0.052584