0 0.790668 0.677669 0.078090 0.048516
0 0.856283 0.965501 0.084805 0.059544
0 0.833171 0.835085 0.078398 0.052891
0 0.585007 0.970296 0.078520 0.053470
0 0.623379 0.550739 0.061810 0.045697
0 0.809570 0.724229 0.061259 0.047441
0 0.734266 0.418089 0.059028 0.038965
0 0.746016 0.514040 0.063047 0.045189
0 0.388919 0.845540 0.085677 0.060534
0 0.845903 0.892917 0.075217 0.054896
0 0.768086 0.552340 0.058898 0.045553
0 0.719926 0.388402 0.056944 0.035449
0 0.569809 0.835674 0.082552 0.055150
0 0.599729 0.415042 0.060508 0.040749
0 0.667326 0.974261 0.063047 0.046152
0 0.821285 0.774222 0.065148 0.048171
0 0.642222 0.782926 0.072049 0.054212
0 0.664017 0.900853 0.076784 0.061107
0 0.768713 0.592559 0.070569 0.043867
0 0.561829 0.723503 0.078320 0.057956
0 0.623040 0.590091 0.059180 0.046263
0 0.391330 0.721852 0.070716 0.055579
0 0.554175 0.629613 0.058273 0.046986
0 0.564518 0.778278 0.074896 0.052676
0 0.578362 0.899639 0.072374 0.057402
0 0.627969 0.631419 0.062335 0.048073
0 0.394679 0.630716 0.072118 0.056953
0 0.787446 0.629710 0.075751 0.048340
0 0.404885 0.582454 0.063876 0.051380
0 0.558056 0.674281 0.071493 0.047806
0 0.738327 0.449740 0.050699 0.035742
0 0.636161 0.727617 0.057235 0.049661
0 0.635870 0.677119 0.061480 0.048691
0 0.740684 0.478213 0.058103 0.041426
0 0.711866 0.336117 0.053689 0.041374
0 0.527109 0.404889 0.043455 0.040013
0 0.404490 0.542845 0.060890 0.045625
0 0.606224 0.509515 0.059878 0.046829
0 0.389787 0.777695 0.079688 0.064948
0 0.606970 0.476543 0.060399 0.041107
0 0.655263 0.835225 0.060725 0.052363
0 0.603353 0.444176 0.055308 0.038587
0 0.591458 0.354551 0.041701 0.042682
0 0.591899 0.326712 0.040221 0.036237