0 0.811563 0.740507 0.075338 0.048311
0 0.404005 0.731287 0.075145 0.055704
0 0.409444 0.681401 0.069658 0.053218
0 0.569569 0.787337 0.070197 0.051278
0 0.636451 0.688079 0.074007 0.052461
0 0.655857 0.845830 0.055280 0.051268
0 0.410671 0.631897 0.051894 0.047329
0 0.409095 0.596082 0.061402 0.045002
0 0.404470 0.783347 0.059255 0.052585
0 0.820414 0.793204 0.068629 0.054341
0 0.748050 0.489880 0.063053 0.052199
0 0.652253 0.787319 0.064407 0.048146
0 0.799075 0.687075 0.080481 0.055261
0 0.630452 0.638424 0.066582 0.055486
0 0.793108 0.643384 0.068186 0.048355
0 0.578588 0.844546 0.062991 0.053219
0 0.613965 0.559718 0.060691 0.052867
0 0.559242 0.680560 0.067603 0.055029
0 0.579796 0.904083 0.075867 0.051890
0 0.766267 0.566255 0.073026 0.048691
0 0.625382 0.598829 0.056858 0.045511
0 0.578082 0.971955 0.089193 0.049515
0 0.757500 0.525741 0.064266 0.050168
0 0.732903 0.423798 0.054342 0.037212
0 0.740165 0.454343 0.062661 0.046752
0 0.689517 0.249874 0.042484 0.035384
0 0.556082 0.632511 0.064976 0.049773
0 0.645942 0.734065 0.056402 0.047427
0 0.846448 0.913712 0.089424 0.071404
0 0.780529 0.601250 0.063556 0.045936
0 0.598036 0.450928 0.053287 0.038224
0 0.732449 0.393666 0.057216 0.038358
0 0.600514 0.482574 0.054811 0.038002
0 0.834575 0.853239 0.091558 0.066819
0 0.663054 0.979646 0.063762 0.036984
0 0.661288 0.914779 0.057601 0.047604
0 0.864844 0.974398 0.085785 0.047046
0 0.611558 0.515392 0.055397 0.046121
0 0.715799 0.360236 0.048666 0.038385
0 0.555203 0.586729 0.056668 0.046837
0 0.567899 0.731980 0.074032 0.054370