0 0.386173 0.712603 0.076621 0.062197
0 0.385689 0.771489 0.071170 0.056841
0 0.388096 0.827002 0.070582 0.061083
0 0.390438 0.570780 0.060060 0.048349
0 0.545519 0.570648 0.061485 0.049025
0 0.555911 0.711939 0.073990 0.050293
0 0.556033 0.661517 0.062042 0.048481
0 0.537735 0.492707 0.058821 0.042746
0 0.605245 0.496847 0.061108 0.042733
0 0.387314 0.613253 0.054236 0.049724
0 0.629995 0.713177 0.062967 0.053013
0 0.735324 0.467157 0.058245 0.042648
0 0.633234 0.662883 0.068837 0.051773
0 0.795936 0.715685 0.066457 0.047677
0 0.775792 0.619989 0.067510 0.043434
0 0.624688 0.613132 0.055613 0.049945
0 0.750371 0.502425 0.062336 0.039748
0 0.779259 0.663329 0.074200 0.051577
0 0.640091 0.766072 0.071512 0.056812
0 0.753766 0.538033 0.062064 0.040996
0 0.559308 0.756953 0.078827 0.058302
0 0.849378 0.946487 0.087756 0.056409
0 0.838664 0.875841 0.074196 0.049506
0 0.608044 0.534715 0.056488 0.043183
0 0.549763 0.614563 0.050368 0.047053
0 0.401600 0.532858 0.058612 0.043989
0 0.383748 0.657397 0.069645 0.054378
0 0.722657 0.400664 0.056136 0.038346
0 0.767998 0.574183 0.074246 0.046070
0 0.602895 0.458035 0.059240 0.045791
0 0.396489 0.493401 0.058221 0.046973
0 0.817132 0.762488 0.061803 0.044607
0 0.705005 0.344282 0.056493 0.038028
0 0.716329 0.372922 0.053486 0.036979
0 0.536474 0.455242 0.057116 0.044359
0 0.730790 0.432639 0.058638 0.037675
0 0.566895 0.818932 0.074916 0.057889
0 0.398983 0.459317 0.046382 0.028782
0 0.544192 0.530121 0.059520 0.039288
0 0.589413 0.423039 0.053146 0.043798
0 0.700745 0.317101 0.051507 0.029257
0 0.692800 0.290282 0.053955 0.041439
0 0.819323 0.815192 0.067527 0.047232
0 0.651689 0.884291 0.063238 0.053566
0 0.588334 0.395341 0.048296 0.038996
0 0.618820 0.574334 0.060161 0.043886
0 0.536135 0.425459 0.051885 0.035250
0 0.587075 0.369353 0.054777 0.040904
0 0.381605 0.894714 0.077942 0.058095
0 0.571364 0.886243 0.070947 0.058844
0 0.574703 0.958233 0.087640 0.062600
0 0.534221 0.394832 0.050080 0.032552
0 0.659839 0.957607 0.070947 0.056340
0 0.579711 0.334110 0.044237 0.031300
0 0.687800 0.245843 0.045072 0.030048
0 0.690722 0.267127 0.037560 0.030048