0 0.581787 0.316985 0.052849 0.042634
0 0.738157 0.466161 0.067196 0.041880
0 0.766028 0.581385 0.066012 0.045069
0 0.714803 0.371213 0.060079 0.040858
0 0.369025 0.607517 0.071238 0.051064
0 0.780595 0.618090 0.061825 0.045360
0 0.606900 0.463878 0.059974 0.049625
0 0.621445 0.615593 0.070968 0.048957
0 0.628982 0.660637 0.064638 0.053494
0 0.744844 0.502972 0.062389 0.050475
0 0.700531 0.322286 0.050741 0.040371
0 0.738532 0.429714 0.059730 0.047924
0 0.377379 0.484813 0.046661 0.047093
0 0.573749 0.216589 0.046506 0.043503
0 0.370085 0.565309 0.061786 0.047981
0 0.724120 0.400516 0.058916 0.033265
0 0.622174 0.575982 0.067399 0.039284
0 0.646160 0.712477 0.071979 0.053038
0 0.692512 0.270205 0.050739 0.035296
0 0.404013 0.361028 0.065104 0.052584
0 0.361445 0.769181 0.073451 0.060096
0 0.358524 0.830529 0.069278 0.060096
0 0.537977 0.455554 0.059261 0.043820
0 0.544237 0.498748 0.055088 0.042568
0 0.544237 0.572616 0.055088 0.040064
0 0.545072 0.614558 0.065104 0.046324
0 0.550080 0.662760 0.073451 0.050080
0 0.554671 0.711589 0.065939 0.055088
0 0.558079 0.763288 0.073101 0.053655
0 0.563435 0.816757 0.075120 0.057592
0 0.574286 0.878731 0.073451 0.066356
0 0.647736 0.771685 0.076790 0.055088
0 0.646902 0.822391 0.070112 0.058844
0 0.662760 0.882487 0.065104 0.058844
0 0.666099 0.955103 0.070112 0.061348
0 0.833033 0.881861 0.088475 0.057592
0 0.846388 0.950095 0.091814 0.061348
0 0.817174 0.820513 0.078459 0.060096
0 0.808410 0.759165 0.080963 0.052584
0 0.804237 0.709711 0.080963 0.053836
0 0.785039 0.662760 0.077624 0.042568
0 0.593900 0.393580 0.052584 0.037560
0 0.603082 0.426132 0.042568 0.037560
0 0.341795 0.894123 0.080963 0.062600
0 0.612680 0.530674 0.056757 0.036308
0 0.393777 0.426669 0.063775 0.045163