0 0.213837 0.734702 0.053987 0.124383
0 0.401216 0.802567 0.076940 0.060737
0 0.387205 0.922717 0.063205 0.063521
0 0.394871 0.859875 0.065332 0.059607
0 0.407176 0.743090 0.057583 0.052073
0 0.409601 0.694422 0.069599 0.050565
0 0.852423 0.905358 0.068828 0.055669
0 0.838228 0.833106 0.080748 0.052707
0 0.552525 0.645139 0.064308 0.048278
0 0.740580 0.466779 0.058414 0.045543
0 0.780227 0.627835 0.063879 0.042829
0 0.409619 0.645923 0.068215 0.049131
0 0.549797 0.516847 0.061425 0.044073
0 0.732455 0.434270 0.055923 0.038812
0 0.418493 0.474851 0.057768 0.046198
0 0.645566 0.748317 0.063566 0.051569
0 0.547247 0.600326 0.062528 0.047616
0 0.863112 0.972582 0.082924 0.051715
0 0.412927 0.513184 0.069459 0.052098
0 0.412623 0.562562 0.058953 0.044996
0 0.546892 0.553587 0.060771 0.044239
0 0.624245 0.645677 0.064212 0.049025
0 0.685501 0.235395 0.052159 0.038424
0 0.792590 0.671654 0.066023 0.052116
0 0.648750 0.807377 0.069376 0.054605
0 0.823345 0.772903 0.083743 0.055358
0 0.412962 0.408309 0.056292 0.045663
0 0.604239 0.410915 0.048133 0.037524
0 0.547398 0.468615 0.060324 0.048740
0 0.598380 0.313156 0.040107 0.032871
0 0.573911 0.814214 0.056008 0.052662
0 0.559888 0.700209 0.066357 0.052807
0 0.602383 0.286330 0.050642 0.039220
0 0.565418 0.757060 0.064780 0.051373
0 0.757936 0.496936 0.047678 0.040518
0 0.410970 0.602294 0.053979 0.043308
0 0.608534 0.447621 0.057129 0.037432
0 0.418321 0.437087 0.043703 0.038913
0 0.668664 0.924963 0.063556 0.061531
0 0.617796 0.553613 0.060150 0.044426
0 0.756705 0.534801 0.060290 0.038542
0 0.801949 0.721113 0.071380 0.056071
0 0.635103 0.687978 0.049507 0.042932
0 0.601446 0.353161 0.047509 0.036851
0 0.540911 0.407889 0.055160 0.038889
0 0.620571 0.598428 0.069103 0.049330
0 0.612039 0.513761 0.052265 0.047059
0 0.613710 0.483011 0.057683 0.040317
0 0.587375 0.933603 0.072460 0.054562
0 0.710007 0.340168 0.045730 0.035905
0 0.597977 0.374666 0.042596 0.037423
0 0.595648 0.984830 0.085813 0.025649
0 0.766901 0.572466 0.059710 0.052884
0 0.546329 0.439435 0.047566 0.038497
0 0.658304 0.866710 0.062331 0.055342
0 0.723274 0.377304 0.054253 0.037560
0 0.700710 0.286872 0.054309 0.035631
0 0.674863 0.983273 0.060931 0.030048
0 0.585554 0.877479 0.072616 0.053836
0 0.689470 0.262745 0.048411 0.031300
0 0.698651 0.313452 0.041733 0.032552
0 0.731621 0.405474 0.047576 0.038812