0 0.404955 0.373926 0.058953 0.046352
0 0.604524 0.391854 0.054489 0.038238
0 0.601009 0.251190 0.039472 0.030100
0 0.618102 0.493552 0.055373 0.041574
0 0.401450 0.786212 0.073485 0.052438
0 0.395666 0.590770 0.051749 0.038812
0 0.396918 0.637720 0.065939 0.050080
0 0.399005 0.686548 0.053419 0.050080
0 0.400257 0.734125 0.062600 0.047576
0 0.397753 0.846805 0.062600 0.050080
0 0.555923 0.521284 0.056757 0.042568
0 0.613098 0.456806 0.055923 0.041316
0 0.561765 0.564478 0.060096 0.046324
0 0.558009 0.605168 0.054253 0.045072
0 0.568026 0.653996 0.064269 0.050080
0 0.569695 0.706581 0.075955 0.052584
0 0.573034 0.751653 0.070947 0.042568
0 0.585554 0.807993 0.069278 0.057592
0 0.581380 0.874349 0.084302 0.065104
0 0.588475 0.946339 0.081798 0.061348
0 0.630208 0.576998 0.061765 0.041316
0 0.638555 0.616436 0.063435 0.052584
0 0.647736 0.665264 0.058427 0.052584
0 0.652327 0.715345 0.072616 0.055088
0 0.659004 0.772937 0.070947 0.057592
0 0.668603 0.831781 0.075120 0.060096
0 0.666516 0.893755 0.070947 0.066356
0 0.667768 0.955103 0.065104 0.056340
0 0.718683 0.373548 0.060096 0.042568
0 0.729951 0.410482 0.050915 0.036308
0 0.739550 0.441782 0.048411 0.036308
0 0.744975 0.471830 0.062600 0.038812
0 0.750818 0.507512 0.064269 0.037560
0 0.762921 0.544446 0.066774 0.046324
0 0.769598 0.587014 0.070112 0.056340
0 0.791717 0.636468 0.069278 0.052584
0 0.799229 0.684044 0.060931 0.047576
0 0.815087 0.761043 0.075955 0.053836
0 0.835537 0.821765 0.071782 0.055088
0 0.852230 0.882487 0.073451 0.048828
0 0.872262 0.944461 0.073451 0.067608