0 0.565478 0.791842 0.078532 0.055723
0 0.377927 0.792314 0.067152 0.054227
0 0.571893 0.847634 0.072956 0.059385
0 0.388772 0.850742 0.065184 0.058900
0 0.632492 0.684364 0.069842 0.055869
0 0.816826 0.743468 0.062657 0.054548
0 0.635930 0.732506 0.068509 0.054392
0 0.661025 0.909827 0.070415 0.054606
0 0.646056 0.788125 0.061564 0.056068
0 0.622614 0.596884 0.062112 0.049965
0 0.614515 0.513470 0.064936 0.044126
0 0.799609 0.693897 0.072102 0.055740
0 0.386215 0.729296 0.074106 0.055645
0 0.632682 0.637201 0.050698 0.046682
0 0.621070 0.555850 0.059173 0.046847
0 0.589561 0.175449 0.033627 0.036771
0 0.845471 0.847142 0.083304 0.056918
0 0.594835 0.973677 0.080418 0.048059
0 0.574380 0.901141 0.077861 0.060143
0 0.676717 0.974632 0.077437 0.046965
0 0.855569 0.913161 0.078459 0.055088
0 0.868506 0.973257 0.082632 0.047576