0 0.649976 0.777464 0.074744 0.055710
0 0.790905 0.634408 0.071376 0.049492
0 0.780614 0.587637 0.072938 0.048437
0 0.568741 0.621706 0.058637 0.045143
0 0.648234 0.724922 0.065373 0.050104
0 0.373455 0.711794 0.076745 0.056660
0 0.638444 0.617018 0.062973 0.048021
0 0.556975 0.537266 0.055174 0.043503
0 0.620165 0.534300 0.064644 0.043548
0 0.577901 0.832630 0.071793 0.055716
0 0.641174 0.670524 0.071723 0.051621
0 0.563257 0.577826 0.049779 0.043216
0 0.371441 0.769382 0.078507 0.061693
0 0.572413 0.773743 0.072170 0.052500
0 0.364195 0.829372 0.076628 0.061543
0 0.850217 0.900531 0.071562 0.052624
0 0.572873 0.718896 0.068568 0.053600
0 0.385983 0.541976 0.068537 0.046374
0 0.566632 0.668737 0.070651 0.050182
0 0.766165 0.546748 0.065829 0.045853
0 0.588915 0.894160 0.091597 0.066484
0 0.794327 0.681110 0.070217 0.049264
0 0.657192 0.835361 0.064314 0.051803
0 0.378622 0.624743 0.071228 0.048939
0 0.632782 0.573796 0.062856 0.045937
0 0.811840 0.776748 0.061111 0.046348
0 0.834963 0.831406 0.070994 0.050182
0 0.670519 0.968841 0.083980 0.057331
0 0.758359 0.507402 0.057448 0.044753
0 0.547960 0.464964 0.054688 0.038574
0 0.873303 0.966527 0.093273 0.059030
0 0.715827 0.370088 0.055595 0.041934
0 0.808872 0.727041 0.065009 0.053405
0 0.366098 0.911777 0.077014 0.057526
0 0.733299 0.433294 0.063325 0.041628
0 0.552391 0.498620 0.058568 0.043880
0 0.379143 0.577419 0.050864 0.045462
0 0.376276 0.664469 0.055330 0.047376
0 0.615590 0.491676 0.055165 0.047116
0 0.720853 0.403936 0.053260 0.038184
0 0.662667 0.894782 0.061949 0.051400
0 0.600408 0.365573 0.056962 0.041797
0 0.739303 0.466400 0.063806 0.048867
0 0.608288 0.458890 0.057174 0.042181
0 0.605868 0.426540 0.053663 0.037949
0 0.688685 0.265055 0.052760 0.037493
0 0.702962 0.343047 0.050187 0.036641
0 0.691198 0.295628 0.046042 0.039173
0 0.604466 0.397126 0.046571 0.037793