0 0.376131 0.715109 0.077121 0.055151
0 0.382416 0.770591 0.068679 0.054246
0 0.376687 0.830273 0.068136 0.054213
0 0.403605 0.460657 0.055083 0.044640
0 0.798428 0.666098 0.057762 0.044591
0 0.770212 0.580016 0.062733 0.047893
0 0.564737 0.769289 0.071049 0.053959
0 0.759450 0.540755 0.069856 0.042219
0 0.822731 0.766885 0.082172 0.053862
0 0.833241 0.824846 0.071212 0.058088
0 0.681190 0.230203 0.047495 0.034015
0 0.555878 0.660691 0.066250 0.049796
0 0.403065 0.615115 0.068546 0.060299
0 0.646545 0.771510 0.061986 0.050750
0 0.775110 0.624962 0.066856 0.046170
0 0.565723 0.826860 0.080440 0.056715
0 0.806119 0.717958 0.060122 0.046863
0 0.752769 0.504295 0.064136 0.042693
0 0.586021 0.331193 0.053520 0.042141
0 0.746307 0.469161 0.061260 0.039875
0 0.409746 0.362370 0.058535 0.044563
0 0.405954 0.532848 0.060371 0.042147
0 0.602564 0.495747 0.065206 0.047879
0 0.652069 0.885185 0.059884 0.052072
0 0.618523 0.616300 0.071781 0.047303
0 0.610366 0.457896 0.055809 0.044391
0 0.627985 0.665342 0.056585 0.051525
0 0.378018 0.663895 0.052207 0.050793
0 0.738223 0.436617 0.057446 0.042374
0 0.593943 0.426193 0.054339 0.035179
0 0.728845 0.404778 0.053883 0.038222
0 0.547097 0.574544 0.065167 0.050396
0 0.548384 0.618271 0.064567 0.053541
0 0.719596 0.373226 0.055090 0.039848
0 0.649360 0.826599 0.056844 0.047378
0 0.846735 0.883424 0.073805 0.050765
0 0.711958 0.346104 0.046607 0.029728
0 0.608850 0.534604 0.050766 0.043472
0 0.638918 0.716101 0.072724 0.056079
0 0.539060 0.534699 0.049577 0.045816
0 0.558232 0.707768 0.076400 0.052714
0 0.853823 0.958849 0.077674 0.055628
0 0.538306 0.463003 0.050611 0.042360
0 0.573968 0.880342 0.071277 0.052937
0 0.403990 0.570427 0.058716 0.048090
0 0.665751 0.958903 0.083094 0.058825
0 0.577265 0.947961 0.080010 0.055734
0 0.619436 0.575746 0.061608 0.048828
0 0.583050 0.362906 0.054253 0.036308
0 0.589310 0.392954 0.055088 0.038812
0 0.536676 0.500361 0.059685 0.042211