0 0.396300 0.584190 0.063826 0.046997
0 0.395066 0.532890 0.068822 0.046631
0 0.623693 0.646076 0.063254 0.049432
0 0.531288 0.469540 0.054159 0.041162
0 0.605532 0.519592 0.055453 0.040937
0 0.551531 0.631467 0.061569 0.051250
0 0.594546 0.482481 0.043221 0.043488
0 0.758739 0.513347 0.062009 0.044254
0 0.611621 0.598377 0.061915 0.049096
0 0.524551 0.432315 0.048379 0.038364
0 0.602396 0.306963 0.050617 0.035512
0 0.403034 0.674205 0.067472 0.048258
0 0.721392 0.407684 0.056758 0.038006
0 0.610738 0.563490 0.048957 0.045796
0 0.630416 0.705004 0.065940 0.046873
0 0.537516 0.549197 0.061563 0.040394
0 0.745441 0.477416 0.063730 0.039240
0 0.777161 0.603376 0.075196 0.046482
0 0.735415 0.441834 0.056382 0.036933
0 0.587037 0.448527 0.050942 0.042311
0 0.693001 0.255859 0.051365 0.035056
0 0.400374 0.460032 0.044429 0.039605
0 0.795201 0.695528 0.075006 0.045905
0 0.717522 0.376678 0.049064 0.041316
0 0.596779 0.278817 0.038481 0.036716
0 0.409546 0.852081 0.071715 0.055479
0 0.790113 0.644434 0.069798 0.043922
0 0.599771 0.253091 0.038484 0.041302
0 0.655216 0.810063 0.077135 0.051770
0 0.587029 0.425811 0.047964 0.040707
0 0.674125 0.190620 0.049774 0.028840
0 0.396260 0.428743 0.061425 0.043338
0 0.703538 0.344467 0.056999 0.039496
0 0.585223 0.390352 0.047951 0.034476
0 0.327684 0.832110 0.080681 0.056712
0 0.825850 0.810992 0.072223 0.047910
0 0.810410 0.751827 0.067888 0.048270
0 0.405486 0.790528 0.060676 0.049426
0 0.639981 0.756180 0.065910 0.046594
0 0.572902 0.810163 0.079592 0.054715
0 0.564269 0.757913 0.068443 0.052584
0 0.582215 0.872471 0.079294 0.058844
0 0.588475 0.931941 0.063435 0.057592
0 0.661091 0.875601 0.058427 0.052584
0 0.672776 0.938827 0.078459 0.063852
0 0.603499 0.334110 0.050080 0.038812
0 0.838876 0.876853 0.071782 0.057592
0 0.867672 0.950721 0.089310 0.060096
0 0.771267 0.558218 0.060096 0.043820
0 0.715762 0.310322 0.040899 0.036308
0 0.687800 0.232697 0.040064 0.031300