0 0.833837 0.783617 0.082830 0.052741
0 0.381365 0.791270 0.072513 0.058437
0 0.388535 0.735228 0.076888 0.053203
0 0.385436 0.852708 0.070942 0.055495
0 0.652934 0.779147 0.071780 0.053203
0 0.400013 0.543695 0.065330 0.048613
0 0.595048 0.910023 0.074340 0.056126
0 0.635621 0.669753 0.065017 0.051328
0 0.847752 0.845371 0.080434 0.054219
0 0.400642 0.587292 0.066345 0.045065
0 0.379776 0.909554 0.078320 0.058939
0 0.646298 0.722445 0.069236 0.049147
0 0.668676 0.911439 0.061033 0.053516
0 0.400996 0.630807 0.060786 0.046055
0 0.859874 0.906927 0.071571 0.052122
0 0.405037 0.461146 0.051489 0.039883
0 0.543743 0.372327 0.051471 0.037012
0 0.395692 0.676986 0.072062 0.053529
0 0.400061 0.498363 0.058299 0.045514
0 0.557116 0.622562 0.064622 0.047285
0 0.550178 0.503011 0.055226 0.043496
0 0.330041 0.631312 0.053372 0.047624
0 0.661994 0.832217 0.079423 0.058184
0 0.763179 0.535579 0.069640 0.048997
0 0.622637 0.579902 0.062964 0.045260
0 0.623079 0.539876 0.062730 0.047057
0 0.633557 0.622253 0.065794 0.048385
0 0.564766 0.671553 0.065313 0.051504
0 0.776892 0.575983 0.077639 0.053711
0 0.578342 0.841227 0.067812 0.058327
0 0.208147 0.766735 0.041667 0.079303
0 0.744316 0.460088 0.062791 0.044720
0 0.820907 0.727848 0.061042 0.048665
0 0.592305 0.971136 0.070451 0.050111
0 0.807326 0.671794 0.076884 0.055931
0 0.873340 0.970400 0.085317 0.053678
0 0.572882 0.784007 0.061502 0.054486
0 0.789967 0.627064 0.069518 0.053490
0 0.326675 0.586081 0.068377 0.047604
0 0.669572 0.976230 0.062782 0.043581
0 0.554212 0.579733 0.063303 0.046016
0 0.552342 0.540091 0.060117 0.039896
0 0.615404 0.436904 0.053707 0.041699
0 0.611469 0.470824 0.061532 0.041725
0 0.751380 0.497975 0.067153 0.045638
0 0.409902 0.414225 0.053885 0.038958
0 0.410380 0.378893 0.056037 0.043672
0 0.545623 0.470589 0.054327 0.041803
0 0.735395 0.420238 0.045660 0.043040
0 0.694431 0.253711 0.049974 0.032878
0 0.607016 0.350553 0.049614 0.038984
0 0.601621 0.301898 0.050022 0.036699
0 0.551994 0.438734 0.056350 0.040475
0 0.330271 0.545137 0.055022 0.044245
0 0.617921 0.505163 0.051649 0.039648
0 0.593251 0.226458 0.049340 0.035039
0 0.607129 0.404593 0.050378 0.041009
0 0.600877 0.275241 0.044609 0.032096
0 0.697721 0.280492 0.046632 0.029954
0 0.729019 0.389437 0.045747 0.036712
0 0.595540 0.253021 0.047148 0.033776
0 0.689761 0.228457 0.040755 0.031081
0 0.707138 0.306309 0.046272 0.034922
0 0.681992 0.203408 0.048845 0.040033
0 0.718470 0.364199 0.042079 0.035625
0 0.587179 0.205075 0.040694 0.027428
0 0.296986 0.870685 0.085638 0.063023