0 0.556267 0.726878 0.075321 0.051842
0 0.400775 0.630192 0.067799 0.054876
0 0.854188 0.962975 0.091424 0.062174
0 0.562535 0.779053 0.084141 0.061699
0 0.600890 0.441556 0.057231 0.041927
0 0.780419 0.630391 0.073181 0.050312
0 0.573173 0.837949 0.072413 0.052904
0 0.395868 0.680179 0.064653 0.048704
0 0.824134 0.776982 0.078338 0.054538
0 0.213377 0.741195 0.039774 0.078939
0 0.691068 0.967334 0.076424 0.057454
0 0.796708 0.677168 0.074015 0.052161
0 0.624631 0.631279 0.068359 0.049368
0 0.581385 0.959277 0.081840 0.058945
0 0.640825 0.724583 0.063056 0.048971
0 0.543151 0.627891 0.057569 0.044245
0 0.835425 0.834808 0.072891 0.055592
0 0.388791 0.782660 0.072270 0.056816
0 0.745276 0.478102 0.058069 0.037611
0 0.613904 0.509271 0.057478 0.046133
0 0.634149 0.674329 0.060530 0.047826
0 0.755035 0.509173 0.062179 0.045221
0 0.386263 0.728005 0.054358 0.053001
0 0.532604 0.405208 0.045339 0.036367
0 0.543045 0.505817 0.061376 0.043444
0 0.647077 0.776696 0.057305 0.047975
0 0.558090 0.672679 0.067830 0.045918
0 0.663856 0.898053 0.058893 0.050326
0 0.580649 0.898053 0.075109 0.059583
0 0.847450 0.893118 0.072704 0.060482
0 0.392619 0.845485 0.082053 0.061751
0 0.616495 0.543968 0.052496 0.043392
0 0.403336 0.433024 0.063850 0.048743
0 0.587450 0.278512 0.050056 0.037611
0 0.586973 0.303724 0.051141 0.038880
0 0.768778 0.584434 0.060716 0.048164
0 0.654041 0.830257 0.079097 0.064590
0 0.757786 0.547715 0.061458 0.044935
0 0.688420 0.257367 0.054878 0.035697
0 0.537368 0.438890 0.055204 0.040046
0 0.622209 0.586104 0.064731 0.046426
0 0.409021 0.402926 0.052886 0.037793
0 0.542656 0.545342 0.056623 0.048470
0 0.804631 0.723747 0.073108 0.054173
0 0.387116 0.919072 0.089692 0.067858
0 0.596118 0.378177 0.040456 0.040638
0 0.398490 0.470684 0.049462 0.042435
0 0.397878 0.542910 0.067179 0.052773
0 0.719392 0.384710 0.055825 0.040944
0 0.540840 0.473125 0.055004 0.038437
0 0.714078 0.357321 0.053737 0.032493
0 0.405959 0.505117 0.060851 0.044375
0 0.693370 0.283320 0.045508 0.031901
0 0.706332 0.329850 0.042352 0.034245
0 0.698989 0.307777 0.046354 0.033210