0 0.589816 0.970820 0.088746 0.052161
0 0.398824 0.725589 0.072839 0.056022
0 0.399648 0.616224 0.069245 0.047917
0 0.577786 0.840257 0.073898 0.061725
0 0.666155 0.898382 0.062378 0.052806
0 0.527446 0.385889 0.056098 0.040566
0 0.400647 0.670247 0.072943 0.059909
0 0.681026 0.963555 0.076662 0.055729
0 0.395339 0.788698 0.063516 0.052201
0 0.401634 0.533382 0.057878 0.043327
0 0.658655 0.841305 0.079488 0.055775
0 0.550853 0.578848 0.066636 0.047279
0 0.575375 0.783561 0.071480 0.052005
0 0.772357 0.594622 0.069792 0.046693
0 0.805043 0.732542 0.071753 0.052897
0 0.391649 0.846680 0.089444 0.060169
0 0.399494 0.428516 0.054084 0.042096
0 0.534887 0.427943 0.054965 0.038503
0 0.638863 0.729521 0.073628 0.055137
0 0.401322 0.573857 0.068416 0.047845
0 0.739149 0.451107 0.060269 0.038086
0 0.579418 0.900173 0.075174 0.059967
0 0.557799 0.625618 0.052049 0.047122
0 0.836426 0.834111 0.088286 0.055332
0 0.798140 0.679912 0.058225 0.047337
0 0.593053 0.262191 0.049544 0.041374
0 0.762294 0.552256 0.068589 0.047507
0 0.781608 0.637591 0.066254 0.049661
0 0.848624 0.962822 0.086076 0.060645
0 0.559987 0.672109 0.070148 0.051875
0 0.689397 0.260661 0.052986 0.035345
0 0.744475 0.481396 0.061354 0.043366
0 0.559996 0.721029 0.075017 0.055013
0 0.621298 0.596686 0.057509 0.045977
0 0.646927 0.784411 0.065608 0.053926
0 0.546793 0.534753 0.070226 0.050820
0 0.409894 0.496927 0.049492 0.042917
0 0.613913 0.554479 0.062695 0.046888
0 0.405968 0.465960 0.058359 0.041061
0 0.629772 0.639486 0.054683 0.041654
0 0.383507 0.912699 0.087396 0.064785
0 0.635354 0.680820 0.055838 0.050898
0 0.541480 0.496670 0.054549 0.040814
0 0.604306 0.509505 0.056085 0.045625
0 0.733368 0.418301 0.054722 0.041901
0 0.538023 0.461777 0.052921 0.041901
0 0.750258 0.515078 0.063034 0.046354
0 0.597598 0.438994 0.058780 0.041621
0 0.703448 0.313063 0.052244 0.033079
0 0.842190 0.899775 0.073025 0.054147
0 0.588353 0.381631 0.051853 0.037025
0 0.596892 0.297197 0.040538 0.036764
0 0.715315 0.360983 0.054605 0.037292
0 0.591775 0.408304 0.049844 0.035970
0 0.581513 0.214639 0.048294 0.031934
0 0.605226 0.353011 0.053611 0.037715
0 0.604449 0.473171 0.054089 0.045156
0 0.723229 0.389974 0.057066 0.038164
0 0.598312 0.326335 0.053151 0.034727
0 0.711762 0.338018 0.053698 0.032507
0 0.584527 0.234336 0.036910 0.032799
0 0.697611 0.287337 0.042747 0.029622
0 0.811665 0.784266 0.065148 0.048457