0 0.378707 0.909580 0.077491 0.061803
0 0.400547 0.544821 0.063828 0.047741
0 0.385269 0.853994 0.071771 0.053952
0 0.381576 0.791826 0.073151 0.057962
0 0.834097 0.785739 0.084609 0.054043
0 0.776482 0.578812 0.075204 0.051829
0 0.594720 0.910996 0.074145 0.060052
0 0.873062 0.973223 0.085638 0.051836
0 0.228524 0.658734 0.036432 0.069486
0 0.744310 0.461328 0.061441 0.040221
0 0.400599 0.499538 0.057014 0.046133
0 0.859625 0.910413 0.072157 0.054147
0 0.789266 0.629837 0.069340 0.048177
0 0.564807 0.675290 0.064735 0.050449
0 0.577396 0.843789 0.067734 0.056510
0 0.668861 0.914648 0.059666 0.054661
0 0.848207 0.847946 0.080981 0.055540
0 0.572489 0.785605 0.063451 0.053633
0 0.568704 0.728805 0.073199 0.053262
0 0.763648 0.536595 0.068190 0.043555
0 0.404763 0.461982 0.052010 0.039160
0 0.587181 0.197712 0.033529 0.032233
0 0.389136 0.736432 0.077813 0.054375
0 0.652695 0.782243 0.068967 0.052363
0 0.662925 0.838695 0.077196 0.058665
0 0.636094 0.675391 0.062057 0.050312
0 0.820612 0.730492 0.060764 0.050671
0 0.646829 0.727526 0.065968 0.052487
0 0.557470 0.627259 0.064444 0.047161
0 0.753950 0.499401 0.062717 0.041094
0 0.807385 0.675277 0.075812 0.052715
0 0.553663 0.584492 0.063819 0.045091
0 0.711070 0.335632 0.047348 0.035065
0 0.395410 0.681380 0.072253 0.051328
0 0.552444 0.440586 0.057717 0.039609
0 0.409651 0.378379 0.057114 0.044779
0 0.550312 0.506006 0.054314 0.040970
0 0.621808 0.583838 0.061576 0.045241
0 0.623279 0.544606 0.062504 0.043965
0 0.694273 0.253698 0.051489 0.033958
0 0.401172 0.588799 0.064931 0.044264
0 0.616228 0.441572 0.055095 0.040384
0 0.592962 0.972096 0.071324 0.053164
0 0.409924 0.415065 0.055838 0.039036
0 0.552528 0.545023 0.060299 0.041712
0 0.401517 0.633913 0.061185 0.048203
0 0.612068 0.475114 0.063008 0.042038
0 0.546044 0.406520 0.049110 0.037897
0 0.699970 0.280833 0.049201 0.033568
0 0.544043 0.374603 0.049518 0.037070
0 0.545948 0.471992 0.055490 0.042240
0 0.629488 0.624450 0.051441 0.047936
0 0.707780 0.305687 0.045916 0.035397
0 0.606916 0.408486 0.051332 0.042090
0 0.728550 0.395205 0.049097 0.038770
0 0.603314 0.301797 0.047192 0.033867
0 0.723238 0.368184 0.056050 0.036589
0 0.675896 0.976048 0.075994 0.046654
0 0.606523 0.327598 0.050035 0.039089
0 0.616647 0.509775 0.051055 0.038014
0 0.602214 0.278092 0.044384 0.031393
0 0.606901 0.354287 0.048924 0.037402
0 0.735278 0.424798 0.046380 0.040768
0 0.607910 0.380521 0.043095 0.036016