0 0.661558 0.880928 0.075208 0.055501
0 0.816970 0.728171 0.076137 0.052930
0 0.777821 0.586113 0.069800 0.051120
0 0.390851 0.750521 0.073316 0.061263
0 0.381439 0.693092 0.080135 0.064727
0 0.564772 0.704961 0.074041 0.058177
0 0.794403 0.630446 0.062513 0.049967
0 0.809831 0.676660 0.077891 0.051510
0 0.736098 0.431475 0.057231 0.040033
0 0.389429 0.803092 0.063121 0.053867
0 0.564811 0.827204 0.071706 0.056361
0 0.756454 0.501569 0.063854 0.041771
0 0.386586 0.636491 0.064891 0.053789
0 0.577533 0.884440 0.074154 0.058125
0 0.865990 0.895137 0.087613 0.056667
0 0.842116 0.840358 0.083468 0.052669
0 0.547109 0.605739 0.058038 0.046686
0 0.744564 0.466696 0.058303 0.039707
0 0.626304 0.629805 0.059805 0.046797
0 0.555193 0.652428 0.073181 0.055911
0 0.655911 0.823278 0.066814 0.054199
0 0.377821 0.923548 0.076597 0.059492
0 0.638605 0.722660 0.055143 0.044694
0 0.828127 0.777731 0.064588 0.050566
0 0.649657 0.771481 0.067587 0.055632
0 0.764368 0.539616 0.062400 0.048451
0 0.389186 0.592357 0.065022 0.048151
0 0.570638 0.758558 0.076545 0.056530
0 0.590226 0.958564 0.085304 0.064421
0 0.671074 0.952438 0.063494 0.053861
0 0.633366 0.673991 0.067062 0.049883
0 0.877235 0.968958 0.083359 0.056237
0 0.712131 0.336104 0.056901 0.037350
0 0.394974 0.544870 0.062049 0.052461
0 0.624334 0.549476 0.065343 0.047936
0 0.546940 0.523968 0.059670 0.045749
0 0.619201 0.589248 0.062561 0.047832
0 0.393461 0.473708 0.058806 0.042480
0 0.584151 0.233750 0.046975 0.036901
0 0.730846 0.396325 0.057222 0.040892
0 0.378661 0.856481 0.064319 0.059082
0 0.618637 0.508503 0.061372 0.046563
0 0.396391 0.508695 0.061766 0.041608
0 0.720156 0.365505 0.059557 0.039837
0 0.609824 0.472555 0.054466 0.042493
0 0.544735 0.482402 0.054731 0.042187
0 0.396105 0.436211 0.058129 0.046393
0 0.585171 0.267458 0.048329 0.035371
0 0.594275 0.350830 0.051510 0.038027
0 0.537795 0.416276 0.043689 0.036497
0 0.590833 0.382848 0.058003 0.040072
0 0.586641 0.293597 0.047552 0.033171
0 0.599909 0.413805 0.056432 0.041165
0 0.542474 0.447135 0.051962 0.038789
0 0.594963 0.318083 0.040508 0.036139
0 0.702411 0.292474 0.048824 0.031133
0 0.695009 0.270273 0.050955 0.030729
0 0.689889 0.239245 0.041124 0.033867
0 0.610007 0.443190 0.046272 0.036771
0 0.705838 0.311559 0.043003 0.027559