0 0.529819 0.376117 0.054498 0.036980
0 0.611174 0.350461 0.051246 0.038414
0 0.602909 0.411429 0.057151 0.037786
0 0.595412 0.380718 0.055455 0.035544
0 0.591821 0.207457 0.037507 0.030970
0 0.334394 0.599180 0.054941 0.045805
0 0.559959 0.502141 0.060701 0.041158
0 0.610387 0.305588 0.039642 0.034353
0 0.557179 0.468447 0.045899 0.043074
0 0.599775 0.243774 0.031746 0.029525
0 0.414422 0.616845 0.065616 0.050535
0 0.414661 0.707263 0.067315 0.050881
0 0.601235 0.272109 0.044896 0.039315
0 0.613163 0.444536 0.054123 0.045824
0 0.704607 0.301455 0.055513 0.037404
0 0.715539 0.350596 0.047440 0.033210
0 0.565752 0.544757 0.054358 0.041100
0 0.416369 0.422841 0.060716 0.038128
0 0.411179 0.662787 0.067618 0.046534
0 0.418496 0.574522 0.057929 0.039934
0 0.635493 0.583571 0.054749 0.047512
0 0.407516 0.900308 0.079083 0.055662
0 0.413612 0.459936 0.064269 0.047576
0 0.415281 0.501878 0.062600 0.043820
0 0.415281 0.536308 0.052584 0.040064
0 0.421124 0.762295 0.062600 0.051332
0 0.344752 0.762921 0.081798 0.055088
0 0.321798 0.829903 0.079294 0.058844
0 0.417368 0.832407 0.058427 0.053836
0 0.406934 0.965745 0.069278 0.062600
0 0.585136 0.732247 0.071782 0.053836
0 0.571364 0.634590 0.064269 0.051332
0 0.641476 0.635842 0.064269 0.051332
0 0.648571 0.682166 0.068443 0.053836
0 0.656918 0.732247 0.058427 0.051332
0 0.667768 0.787961 0.063435 0.050080
0 0.586806 0.786709 0.076790 0.052584
0 0.591396 0.843675 0.069278 0.053836
0 0.678202 0.843049 0.070947 0.057592
0 0.673611 0.904397 0.086806 0.060096
0 0.580546 0.906901 0.072616 0.060096
0 0.601412 0.970127 0.079294 0.056340
0 0.681540 0.976913 0.062600 0.044872
0 0.627287 0.546950 0.057592 0.043820
0 0.677367 0.217047 0.044237 0.037560
0 0.684044 0.260867 0.037560 0.030048
0 0.706581 0.275265 0.034221 0.026292
0 0.716179 0.329102 0.050080 0.031300
0 0.724526 0.382312 0.055088 0.032552
0 0.729117 0.412360 0.057592 0.037560
0 0.740385 0.443660 0.061765 0.037560
0 0.747062 0.479342 0.061765 0.041316
0 0.754157 0.514398 0.059261 0.038812
0 0.765425 0.549454 0.051749 0.048828
0 0.775441 0.590144 0.070112 0.047576
0 0.790047 0.638972 0.064269 0.055088
0 0.813418 0.738507 0.074286 0.053836
0 0.831364 0.787961 0.068443 0.052584
0 0.845553 0.849309 0.081798 0.055088
0 0.853065 0.907527 0.071782 0.056340
0 0.879774 0.971379 0.091814 0.053836