0 0.392128 0.622729 0.067763 0.050175
0 0.404222 0.540151 0.068946 0.046592
0 0.565328 0.733110 0.075917 0.056539
0 0.826522 0.782383 0.082846 0.049443
0 0.395334 0.677493 0.071812 0.048257
0 0.639410 0.636057 0.063850 0.054447
0 0.806323 0.731621 0.071782 0.050080
0 0.398486 0.579983 0.052582 0.041472
0 0.647580 0.776027 0.061443 0.055749
0 0.801902 0.679926 0.064861 0.049223
0 0.581538 0.839946 0.074540 0.056535
0 0.776912 0.596435 0.069674 0.045183
0 0.558608 0.680366 0.069234 0.051028
0 0.388374 0.725449 0.074374 0.058698
0 0.632432 0.685674 0.070488 0.054418
0 0.596009 0.305703 0.038124 0.038182
0 0.624581 0.545599 0.053876 0.050707
0 0.404216 0.433480 0.054682 0.042241
0 0.786472 0.637548 0.064744 0.052240
0 0.750818 0.511894 0.064269 0.038812
0 0.630911 0.597531 0.068706 0.044821
0 0.608402 0.402568 0.056967 0.048025
0 0.574270 0.783202 0.054318 0.058661
0 0.638653 0.727214 0.063509 0.050244
0 0.732389 0.427879 0.057724 0.036047
0 0.742640 0.473180 0.059093 0.039215
0 0.762769 0.549500 0.067035 0.047604
0 0.727182 0.395102 0.058123 0.034515
0 0.399089 0.841626 0.086638 0.052242
0 0.397529 0.781812 0.059710 0.047798
0 0.707281 0.315169 0.052852 0.028475
0 0.659603 0.846015 0.064743 0.051005
0 0.669120 0.907838 0.062402 0.055717
0 0.557068 0.550952 0.055239 0.044903
0 0.716094 0.342730 0.043573 0.031013
0 0.665087 0.975860 0.063789 0.045269
0 0.555340 0.591063 0.062817 0.041856
0 0.547094 0.480735 0.061184 0.042810
0 0.824856 0.843829 0.066434 0.046632
0 0.553129 0.634261 0.050089 0.043314
0 0.560741 0.513565 0.063055 0.047990
0 0.720990 0.366469 0.051497 0.034697
0 0.609490 0.472698 0.049118 0.036713
0 0.622178 0.507225 0.044097 0.043205
0 0.872140 0.972889 0.077033 0.049344
0 0.602210 0.439739 0.048725 0.034934
0 0.584422 0.966038 0.070828 0.060080
0 0.543288 0.440092 0.051704 0.042383
0 0.852148 0.910186 0.075284 0.051642
0 0.402344 0.396710 0.055088 0.038812
0 0.393580 0.370418 0.050915 0.033804
0 0.579294 0.905649 0.068443 0.052584