0 0.769748 0.563587 0.066357 0.045139
0 0.637419 0.689223 0.072931 0.049314
0 0.408643 0.682198 0.070715 0.052715
0 0.570602 0.786816 0.071784 0.051221
0 0.626296 0.599299 0.056236 0.045854
0 0.560444 0.678065 0.065192 0.050941
0 0.652753 0.788280 0.064644 0.052399
0 0.628938 0.644095 0.067645 0.045302
0 0.615816 0.559984 0.055494 0.049856
0 0.657625 0.844400 0.059782 0.049435
0 0.748899 0.485665 0.060761 0.039713
0 0.604157 0.417260 0.046231 0.039503
0 0.579779 0.842730 0.064581 0.053450
0 0.557576 0.630434 0.062115 0.046688
0 0.580183 0.902427 0.075067 0.050745
0 0.594366 0.447763 0.048102 0.035649
0 0.410567 0.596161 0.057948 0.047661
0 0.821186 0.790911 0.066450 0.051692
0 0.410113 0.634953 0.052264 0.044546
0 0.567961 0.726873 0.073535 0.049585
0 0.731427 0.392648 0.058660 0.038411
0 0.603870 0.489589 0.052677 0.043359
0 0.793380 0.686497 0.072105 0.044596
0 0.716425 0.317489 0.053237 0.040590
0 0.740430 0.453229 0.060698 0.041999
0 0.638491 0.736245 0.072192 0.055219
0 0.759559 0.521428 0.059735 0.043216
0 0.733386 0.421706 0.053741 0.035132
0 0.575662 0.972897 0.086437 0.050130
0 0.595719 0.359150 0.050616 0.036308
0 0.709807 0.285850 0.048048 0.034836
0 0.661753 0.914345 0.058277 0.048892
0 0.400257 0.853065 0.060931 0.052584
0 0.392745 0.916917 0.080963 0.067608
0 0.546741 0.520658 0.058427 0.043820
0 0.664430 0.980669 0.065104 0.037360
0 0.593483 0.389198 0.043403 0.031300
0 0.844301 0.849309 0.067608 0.050080
0 0.838876 0.912535 0.070112 0.058844
0 0.865585 0.975135 0.085136 0.043820
0 0.716179 0.357272 0.045072 0.035056
0 0.690140 0.251947 0.042752 0.035899