0 0.654143 0.781950 0.075013 0.054577
0 0.558683 0.724242 0.069562 0.053457
0 0.543893 0.442350 0.056181 0.042122
0 0.394423 0.630085 0.069861 0.048464
0 0.393242 0.673428 0.067413 0.053353
0 0.855618 0.960853 0.083416 0.059805
0 0.388950 0.728226 0.069852 0.056361
0 0.563461 0.779235 0.073867 0.053770
0 0.781682 0.634183 0.061411 0.049395
0 0.387693 0.842757 0.073095 0.056582
0 0.398969 0.586045 0.067843 0.050931
0 0.750547 0.514391 0.067040 0.045358
0 0.580636 0.970700 0.089371 0.053457
0 0.644221 0.724951 0.062470 0.049056
0 0.805803 0.729541 0.068628 0.046374
0 0.616808 0.551429 0.054371 0.043027
0 0.571189 0.899417 0.085686 0.063587
0 0.570189 0.832025 0.079336 0.055104
0 0.744247 0.477500 0.059857 0.042305
0 0.664015 0.837819 0.073698 0.055404
0 0.759412 0.552116 0.066862 0.044036
0 0.738377 0.447458 0.051606 0.036986
0 0.845961 0.897139 0.075091 0.054850
0 0.767420 0.589183 0.068043 0.047572
0 0.623199 0.591048 0.049010 0.040456
0 0.390681 0.783555 0.077161 0.056602
0 0.818767 0.776204 0.062274 0.053034
0 0.401714 0.542773 0.069219 0.051654
0 0.791704 0.681764 0.064718 0.048724
0 0.611461 0.510853 0.063286 0.046016
0 0.600078 0.379824 0.059349 0.043607
0 0.823071 0.835137 0.068129 0.049284
0 0.542793 0.508281 0.050707 0.038997
0 0.631098 0.632503 0.065313 0.047702
0 0.556024 0.671195 0.053264 0.048040
0 0.716385 0.359782 0.058368 0.036035
0 0.727014 0.416393 0.058038 0.042240
0 0.665543 0.897106 0.065677 0.053158
0 0.418435 0.378044 0.061471 0.047507
0 0.550345 0.588164 0.063885 0.044349
0 0.599138 0.413965 0.056063 0.038906
0 0.584355 0.275856 0.046515 0.036960
0 0.401892 0.473102 0.066953 0.043145
0 0.551220 0.545309 0.063168 0.048848
0 0.406111 0.505098 0.047483 0.042266
0 0.640868 0.676549 0.054453 0.048073
0 0.606152 0.475156 0.055352 0.038659
0 0.603329 0.442705 0.054045 0.041660
0 0.721322 0.387734 0.054362 0.037240
0 0.548678 0.629515 0.061341 0.047454
0 0.701165 0.308473 0.047895 0.032728
0 0.380334 0.911800 0.086884 0.063496
0 0.671602 0.966937 0.085339 0.060671
0 0.712135 0.333997 0.054262 0.031680
0 0.591487 0.348864 0.046020 0.036882
0 0.588114 0.307005 0.047834 0.038672
0 0.695241 0.283506 0.044891 0.034408
0 0.689034 0.240081 0.042652 0.037012