0 0.291989 0.603598 0.032884 0.062301
0 0.372023 0.633822 0.072921 0.048273
0 0.781028 0.598711 0.061930 0.045517
0 0.378320 0.591907 0.060104 0.044520
0 0.741714 0.450799 0.062097 0.037777
0 0.541854 0.376301 0.053487 0.038212
0 0.655967 0.820965 0.075980 0.057149
0 0.734752 0.416393 0.054606 0.036383
0 0.369245 0.741696 0.073840 0.053763
0 0.562211 0.543451 0.058949 0.043626
0 0.368222 0.683401 0.069243 0.052616
0 0.653316 0.739135 0.060238 0.050165
0 0.720937 0.359644 0.045358 0.035414
0 0.382940 0.550402 0.064603 0.045857
0 0.576005 0.736206 0.066794 0.051183
0 0.586924 0.950752 0.084191 0.058026
0 0.384248 0.482590 0.057367 0.041893
0 0.701711 0.288096 0.055645 0.031921
0 0.640307 0.595869 0.063286 0.047615
0 0.631330 0.552665 0.060727 0.041679
0 0.556561 0.506085 0.054392 0.041487
0 0.751541 0.488805 0.057925 0.038680
0 0.874639 0.967617 0.087373 0.053193
0 0.706451 0.315671 0.040640 0.035624
0 0.769211 0.557491 0.061899 0.042545
0 0.394046 0.451944 0.056659 0.041023
0 0.398122 0.377844 0.056811 0.042167
0 0.571321 0.819158 0.077037 0.056225
0 0.623800 0.514949 0.056637 0.042646
0 0.603588 0.327284 0.048232 0.040184
0 0.570361 0.886771 0.078957 0.057788
0 0.607337 0.354414 0.051871 0.033630
0 0.402122 0.415624 0.055364 0.040211
0 0.615705 0.477428 0.060851 0.043270
0 0.636751 0.640849 0.055699 0.046291
0 0.372450 0.810812 0.057990 0.054296
0 0.609128 0.410850 0.047398 0.036271
0 0.855518 0.907803 0.084832 0.053380
0 0.550479 0.470029 0.051198 0.035409
0 0.365989 0.873209 0.061459 0.052408
0 0.612342 0.442192 0.053591 0.041432
0 0.838328 0.792054 0.065358 0.049597
0 0.764117 0.514642 0.047353 0.035094
0 0.550991 0.434983 0.053968 0.033737
0 0.798420 0.691992 0.064438 0.047998
0 0.609752 0.386068 0.054267 0.035056
0 0.819724 0.741249 0.061572 0.045640
0 0.364686 0.930629 0.072983 0.057865
0 0.652115 0.881766 0.069815 0.054092
0 0.601402 0.255084 0.039249 0.034104
0 0.567191 0.635842 0.065939 0.043820
0 0.572199 0.682166 0.057592 0.048828
0 0.668186 0.966371 0.060931 0.051332
0 0.644815 0.690304 0.067608 0.050080
0 0.602664 0.303435 0.051749 0.035056
0 0.599326 0.279021 0.051749 0.033804
0 0.595987 0.228315 0.048411 0.037560
0 0.595570 0.207657 0.045907 0.033804
0 0.591814 0.186999 0.046741 0.027544
0 0.697817 0.267127 0.046741 0.027544
0 0.839710 0.854317 0.068443 0.052584