0 0.652995 0.787321 0.071415 0.049186
0 0.853179 0.848047 0.087096 0.055664
0 0.597257 0.971953 0.086519 0.050885
0 0.820629 0.743633 0.075833 0.050091
0 0.465276 0.696758 0.055812 0.090273
0 0.598539 0.905951 0.073902 0.060104
0 0.869019 0.968926 0.086285 0.055768
0 0.683477 0.971543 0.076224 0.048815
0 0.676163 0.910137 0.057960 0.049531
0 0.788290 0.647871 0.074826 0.049193
0 0.577539 0.840537 0.069453 0.055098
0 0.835590 0.792070 0.068038 0.047721
0 0.396528 0.857135 0.061571 0.056055
0 0.781361 0.604574 0.067174 0.048678
0 0.645605 0.733073 0.060534 0.050742
0 0.714781 0.345635 0.045343 0.044251
0 0.800345 0.692995 0.069006 0.052122