0 0.800890 0.727549 0.074931 0.052611
0 0.397914 0.732025 0.073442 0.056185
0 0.399835 0.635609 0.071623 0.050319
0 0.575829 0.833688 0.080773 0.059993
0 0.799473 0.680101 0.071141 0.047467
0 0.583277 0.896279 0.081276 0.060801
0 0.399714 0.788424 0.079462 0.059544
0 0.568787 0.776090 0.074327 0.055814
0 0.766128 0.550413 0.071545 0.044043
0 0.558828 0.727480 0.062057 0.051250
0 0.550747 0.627090 0.064722 0.047721
0 0.609562 0.474502 0.055052 0.037663
0 0.752919 0.515332 0.069180 0.043255
0 0.789347 0.633398 0.064631 0.050872
0 0.748210 0.478076 0.062669 0.043717
0 0.818965 0.779759 0.072721 0.050365
0 0.672153 0.968063 0.079757 0.056413
0 0.400237 0.863418 0.066506 0.060911
0 0.557778 0.674495 0.069280 0.050137
0 0.612420 0.508304 0.057765 0.045020
0 0.579295 0.965785 0.087582 0.057975
0 0.638225 0.721598 0.063142 0.051204
0 0.838609 0.901296 0.071897 0.054753
0 0.625992 0.627627 0.065438 0.050540
0 0.853961 0.965830 0.075299 0.059095
0 0.397756 0.681436 0.054332 0.049199
0 0.776424 0.590091 0.072361 0.048151
0 0.660920 0.900498 0.060521 0.050397
0 0.630098 0.671475 0.062617 0.053353
0 0.599108 0.413167 0.055074 0.038171
0 0.604371 0.441211 0.059306 0.041185
0 0.828837 0.835592 0.070460 0.054818
0 0.408648 0.591201 0.053016 0.044616
0 0.219093 0.719945 0.066111 0.144460
0 0.615755 0.544814 0.061406 0.043848
0 0.643915 0.773877 0.079870 0.061400
0 0.621526 0.583942 0.068190 0.053014
0 0.739946 0.444036 0.055812 0.040859
0 0.707478 0.333464 0.054670 0.036211
0 0.656445 0.839427 0.065998 0.056745
0 0.593841 0.353750 0.045781 0.037018
0 0.594021 0.325778 0.048364 0.036178
0 0.597741 0.382611 0.041576 0.035521
0 0.690315 0.239264 0.040681 0.035430
0 0.728728 0.416950 0.055859 0.039238
0 0.715165 0.361309 0.053056 0.041003