0 0.615636 0.311153 0.038089 0.035961
0 0.410210 0.899138 0.085108 0.058967
0 0.602820 0.414643 0.056603 0.036732
0 0.601078 0.253469 0.039137 0.030121
0 0.739640 0.446426 0.058816 0.038165
0 0.746651 0.477876 0.058184 0.040466
0 0.666335 0.788218 0.066157 0.049582
0 0.586173 0.787237 0.073968 0.048684
0 0.635428 0.583360 0.056373 0.048604
0 0.584905 0.731985 0.067044 0.050513
0 0.811988 0.737106 0.075723 0.051344
0 0.414801 0.536303 0.058552 0.047585
0 0.612242 0.447521 0.053553 0.033459
0 0.407345 0.965223 0.066787 0.061140
0 0.675401 0.842571 0.072841 0.049832
0 0.415318 0.828631 0.059604 0.050755
0 0.752763 0.512254 0.062006 0.047778
0 0.410672 0.663598 0.066810 0.053412
0 0.418620 0.581380 0.059261 0.045072
0 0.414864 0.623322 0.066774 0.046324
0 0.413194 0.714093 0.070112 0.050080
0 0.419872 0.765425 0.060096 0.055088
0 0.261702 0.981921 0.075955 0.034856
0 0.582632 0.909405 0.071782 0.057592
0 0.590144 0.845553 0.070112 0.052584
0 0.578876 0.680914 0.054253 0.048828
0 0.571364 0.635216 0.067608 0.047576
0 0.641059 0.637094 0.063435 0.046324
0 0.650658 0.685922 0.067608 0.048828
0 0.658170 0.734751 0.057592 0.048828
0 0.672776 0.909405 0.083467 0.060096
0 0.682375 0.975135 0.060931 0.046324
0 0.628956 0.548202 0.059261 0.038812
0 0.626452 0.510642 0.045907 0.038812
0 0.616436 0.480594 0.052584 0.038812
0 0.765425 0.553836 0.048411 0.045072
0 0.775441 0.595152 0.075120 0.047576
0 0.790465 0.641476 0.068443 0.047576
0 0.810497 0.684670 0.061765 0.051332
0 0.833450 0.793595 0.065939 0.053836
0 0.845136 0.852439 0.079294 0.056340
0 0.853900 0.913787 0.073451 0.053836
0 0.875601 0.973157 0.086806 0.052384