0 0.852240 0.901016 0.087856 0.058398
0 0.832680 0.838610 0.074588 0.049850
0 0.789978 0.626777 0.073429 0.048776
0 0.373878 0.863353 0.062808 0.057656
0 0.398362 0.385234 0.054779 0.038372
0 0.598032 0.907227 0.075204 0.056380
0 0.699002 0.294697 0.043307 0.036556
0 0.803830 0.678841 0.063694 0.045755
0 0.604985 0.972090 0.087166 0.052188
0 0.680538 0.904642 0.069271 0.055547
0 0.661135 0.845488 0.058581 0.049766
0 0.825486 0.776686 0.066580 0.047070
0 0.824023 0.727051 0.060816 0.045078
0 0.530725 0.379183 0.047457 0.038548
0 0.875998 0.970244 0.072552 0.053783