0 0.386378 0.727366 0.074628 0.056911
0 0.566005 0.790386 0.079159 0.055991
0 0.378336 0.789657 0.067905 0.051160
0 0.825996 0.792034 0.081976 0.056622
0 0.389547 0.549468 0.063127 0.045271
0 0.633041 0.683281 0.069016 0.053328
0 0.392143 0.674117 0.070164 0.053787
0 0.554384 0.733294 0.058072 0.050784
0 0.572269 0.843358 0.072264 0.054894
0 0.790335 0.643901 0.075177 0.047966
0 0.387718 0.507493 0.065201 0.044608
0 0.555147 0.678065 0.066894 0.046518
0 0.768529 0.562897 0.065021 0.043225
0 0.588928 0.174572 0.034939 0.035147
0 0.291581 0.625053 0.031101 0.064855
0 0.619707 0.442747 0.055426 0.043875
0 0.647467 0.788265 0.065064 0.060379
0 0.799829 0.689593 0.071870 0.058764
0 0.621750 0.595200 0.062496 0.058147
0 0.552357 0.547422 0.065992 0.049102
0 0.778790 0.600148 0.067513 0.049295
0 0.818729 0.742525 0.062852 0.056408
0 0.635583 0.732494 0.068747 0.053694
0 0.653800 0.848166 0.079686 0.057374
0 0.634458 0.636584 0.049681 0.045252
0 0.557057 0.632326 0.060244 0.048559
0 0.714216 0.366059 0.057839 0.040110
0 0.553994 0.589445 0.063002 0.050162
0 0.661540 0.911017 0.072554 0.059375
0 0.743316 0.488528 0.052603 0.037967
0 0.387915 0.462996 0.064007 0.055972
0 0.390475 0.627679 0.054190 0.048027
0 0.843432 0.847140 0.087449 0.060793
0 0.613426 0.476521 0.060039 0.039451
0 0.541893 0.411327 0.063140 0.047912
0 0.571212 0.901031 0.078545 0.060592
0 0.546993 0.509871 0.059265 0.046853
0 0.543107 0.477589 0.051781 0.040628
0 0.757886 0.524906 0.060043 0.047844
0 0.701695 0.293592 0.050807 0.038088
0 0.614575 0.511420 0.066322 0.040368
0 0.598561 0.306367 0.039707 0.035260
0 0.622063 0.552779 0.057581 0.051399
0 0.388101 0.588826 0.051273 0.043561
0 0.722814 0.396451 0.056995 0.037154
0 0.686953 0.227039 0.048385 0.030096
0 0.543324 0.443476 0.045574 0.042047
0 0.604358 0.403649 0.058821 0.045158
0 0.387569 0.848013 0.066894 0.056537
0 0.698422 0.270386 0.051291 0.029054
0 0.597538 0.377077 0.055325 0.043022
0 0.594446 0.974326 0.080912 0.047214
0 0.730369 0.423628 0.050080 0.040064
0 0.397336 0.414238 0.058427 0.046324
0 0.389406 0.912535 0.074286 0.056340
0 0.388989 0.972005 0.080128 0.052584
0 0.681958 0.975661 0.078459 0.047376
0 0.694478 0.251477 0.046741 0.031300
0 0.741219 0.458058 0.046741 0.033804
0 0.852230 0.911283 0.071782 0.056340
0 0.867254 0.975661 0.076790 0.047376