0 0.378134 0.790665 0.067834 0.056231
0 0.565531 0.791813 0.079327 0.058293
0 0.388690 0.910926 0.089073 0.060633
0 0.632928 0.680961 0.069177 0.054687
0 0.571913 0.844174 0.072880 0.059490
0 0.390311 0.549614 0.063406 0.043953
0 0.555503 0.678530 0.066941 0.049905
0 0.554087 0.733347 0.057515 0.051222
0 0.646382 0.787123 0.063268 0.055224
0 0.823112 0.790852 0.082645 0.054870
0 0.635771 0.735320 0.068883 0.055720
0 0.386356 0.725970 0.074042 0.059547
0 0.391576 0.674100 0.072552 0.055483
0 0.778995 0.601624 0.067303 0.050702
0 0.769152 0.563314 0.065401 0.042138
0 0.387395 0.590790 0.049930 0.046284
0 0.622491 0.593750 0.061485 0.057275
0 0.555761 0.630667 0.063534 0.054401
0 0.661390 0.907399 0.069275 0.051470
0 0.589437 0.174013 0.034563 0.034478
0 0.553621 0.587686 0.062565 0.045478
0 0.712351 0.364923 0.062457 0.039785
0 0.652841 0.847206 0.079935 0.059294
0 0.604838 0.404007 0.058148 0.042282
0 0.615211 0.508340 0.066408 0.048172
0 0.618993 0.442234 0.057953 0.042484
0 0.552446 0.547485 0.065617 0.045600
0 0.633068 0.637320 0.049657 0.043866
0 0.843959 0.846250 0.088591 0.055458
0 0.634065 0.270117 0.031716 0.045363
0 0.794281 0.645368 0.063370 0.053737
0 0.797517 0.695083 0.069363 0.052126
0 0.622157 0.554345 0.057192 0.047881
0 0.748761 0.492905 0.063375 0.043402
0 0.614000 0.476543 0.062750 0.038122
0 0.818705 0.742015 0.062042 0.053340
0 0.852827 0.910791 0.078934 0.057325
0 0.595164 0.972112 0.081775 0.052797
0 0.758835 0.529151 0.064050 0.049705
0 0.397277 0.410298 0.061648 0.054204
0 0.720742 0.397058 0.051368 0.034653
0 0.698315 0.270036 0.052257 0.038417
0 0.388989 0.627704 0.051749 0.042568
0 0.388989 0.847431 0.060096 0.058844
0 0.575120 0.907527 0.085136 0.068860
0 0.542568 0.511268 0.050080 0.042568
0 0.680706 0.973257 0.072616 0.050080
0 0.694895 0.247095 0.047576 0.032552
0 0.733290 0.428010 0.057592 0.038812
0 0.740802 0.459936 0.050915 0.040064
0 0.868924 0.974409 0.076790 0.049880