0 0.772012 0.543844 0.069690 0.041366
0 0.743333 0.474057 0.058707 0.039900
0 0.737808 0.439418 0.055349 0.040777
0 0.612457 0.567594 0.062038 0.046091
0 0.786916 0.585439 0.063256 0.047250
0 0.797537 0.628128 0.056170 0.047824
0 0.818954 0.726021 0.066552 0.047646
0 0.717026 0.353639 0.051784 0.041778
0 0.563175 0.750498 0.075641 0.046130
0 0.811131 0.671641 0.065593 0.055882
0 0.593057 0.418246 0.055939 0.043073
0 0.733932 0.409933 0.059363 0.033447
0 0.612002 0.526889 0.061776 0.045517
0 0.601542 0.489559 0.062790 0.045891
0 0.630415 0.703087 0.063022 0.045799
0 0.368521 0.717902 0.070051 0.049511
0 0.383227 0.615675 0.068869 0.051216
0 0.841797 0.768772 0.065794 0.043873
0 0.703305 0.325139 0.049126 0.037882
0 0.618333 0.609420 0.066358 0.048102
0 0.851305 0.825489 0.084934 0.051231
0 0.665593 0.914478 0.060333 0.047600
0 0.564701 0.802977 0.069249 0.051347
0 0.905216 0.970776 0.065970 0.053882
0 0.555537 0.688370 0.069394 0.049457
0 0.362242 0.835357 0.075799 0.051885
0 0.365979 0.901091 0.084414 0.060448
0 0.588332 0.387351 0.043760 0.033995
0 0.544448 0.562404 0.063857 0.049221
0 0.380950 0.568211 0.049465 0.047530
0 0.597408 0.456180 0.045569 0.041316
0 0.552826 0.644865 0.062951 0.048093
0 0.385607 0.664392 0.071001 0.050728
0 0.694336 0.296457 0.044851 0.033060
0 0.630720 0.657485 0.050727 0.041850
0 0.866713 0.909994 0.072864 0.057517
0 0.577668 0.862951 0.069786 0.055747
0 0.378271 0.492433 0.059516 0.046760
0 0.386902 0.536934 0.060931 0.047576
0 0.364784 0.774189 0.058427 0.053836
0 0.586806 0.927559 0.061765 0.052584
0 0.638972 0.811749 0.065939 0.053836
0 0.638138 0.756035 0.057592 0.047576