0 0.517385 0.391920 0.057375 0.043611
0 0.656304 0.799737 0.076569 0.057692
0 0.660157 0.859989 0.057505 0.048687
0 0.586412 0.853904 0.073409 0.052534
0 0.653330 0.699188 0.067955 0.051655
0 0.760542 0.522995 0.059846 0.043486
0 0.397601 0.423628 0.057896 0.055088
0 0.654943 0.743530 0.057284 0.049333
0 0.625013 0.525345 0.063000 0.041939
0 0.576792 0.742200 0.076611 0.054900
0 0.845385 0.854552 0.067656 0.049912
0 0.577041 0.791614 0.063852 0.060154
0 0.629278 0.566164 0.061535 0.042655
0 0.667453 0.923057 0.064254 0.053939
0 0.650134 0.651409 0.053084 0.042253
0 0.393476 0.787036 0.052791 0.051929
0 0.861794 0.923213 0.072459 0.056489
0 0.622540 0.487403 0.058908 0.042278
0 0.578896 0.923743 0.080510 0.062242
0 0.773709 0.561069 0.055026 0.043311
0 0.638746 0.607482 0.054480 0.044387
0 0.830266 0.798692 0.077471 0.050400
0 0.808117 0.741153 0.069865 0.049114
0 0.394946 0.847826 0.078668 0.054443
0 0.712200 0.319129 0.046497 0.041736
0 0.801282 0.693697 0.058493 0.049353
0 0.789536 0.652459 0.061954 0.047004
0 0.777093 0.607081 0.065139 0.046394
0 0.605586 0.335362 0.054253 0.043820