0 0.655851 0.840277 0.083385 0.057520
0 0.653010 0.900521 0.082357 0.060182
0 0.563500 0.901927 0.084240 0.059271
0 0.814959 0.781774 0.084110 0.053835
0 0.644017 0.782158 0.070308 0.050163
0 0.560710 0.723197 0.071159 0.055091
0 0.629249 0.634115 0.066918 0.050104
0 0.397101 0.726943 0.076042 0.052402
0 0.567520 0.778330 0.069727 0.056934
0 0.638292 0.730238 0.061480 0.049212
0 0.567433 0.835026 0.070534 0.055339
0 0.576623 0.969622 0.072986 0.054323
0 0.559974 0.672194 0.077517 0.055599
0 0.543123 0.508932 0.059145 0.041771
0 0.551063 0.627279 0.063620 0.049740
0 0.202888 0.736628 0.048555 0.102448
0 0.400605 0.626006 0.064449 0.054004
0 0.752099 0.518958 0.063581 0.042539
0 0.391200 0.846992 0.064345 0.053451
0 0.844314 0.897370 0.071189 0.051198
0 0.547014 0.547012 0.061762 0.042852
0 0.615953 0.551768 0.057088 0.044694
0 0.402400 0.548730 0.064444 0.046536
0 0.726756 0.415394 0.061263 0.042975
0 0.863941 0.969466 0.083672 0.054805
0 0.787185 0.634128 0.063234 0.050990
0 0.398553 0.508073 0.060291 0.047409
0 0.631452 0.679531 0.053468 0.049714
0 0.746354 0.482643 0.063906 0.043633
0 0.663153 0.969984 0.083060 0.054798
0 0.808670 0.726940 0.078433 0.051810
0 0.403038 0.588743 0.060530 0.047292
0 0.551454 0.587965 0.064531 0.046270
0 0.394933 0.785029 0.060742 0.053874
0 0.402674 0.677552 0.055877 0.052448
0 0.779058 0.589365 0.072474 0.051738
0 0.620538 0.593073 0.050234 0.040195
0 0.836771 0.831204 0.084531 0.057448
0 0.614388 0.513971 0.060825 0.045430
0 0.538012 0.441855 0.052266 0.038099
0 0.796126 0.677995 0.058138 0.049844
0 0.739390 0.448060 0.055516 0.038581
0 0.406758 0.440534 0.060217 0.039401
0 0.699195 0.284782 0.048207 0.034095
0 0.766048 0.552217 0.063607 0.044772
0 0.602107 0.475895 0.055707 0.043197
0 0.718134 0.386898 0.047743 0.032988
0 0.406855 0.377005 0.053702 0.037435
0 0.689768 0.239889 0.048164 0.031406
0 0.539399 0.411224 0.054397 0.037227
0 0.598911 0.384945 0.053828 0.037194
0 0.537517 0.473835 0.053290 0.039531
0 0.405206 0.471117 0.048338 0.041777
0 0.408027 0.406999 0.049935 0.040495
0 0.716994 0.359212 0.047227 0.037682
0 0.593398 0.303831 0.049601 0.034733
0 0.540625 0.377559 0.044062 0.039128
0 0.604084 0.413499 0.057977 0.045124
0 0.706430 0.310879 0.053485 0.030820
0 0.602467 0.443118 0.044883 0.036172
0 0.711582 0.334427 0.046549 0.034609
0 0.693394 0.262301 0.046345 0.029538
0 0.577266 0.192816 0.041042 0.027780
0 0.587561 0.253984 0.040590 0.031797
0 0.584896 0.233249 0.048281 0.032474
0 0.597956 0.280843 0.045530 0.032220
0 0.587958 0.351771 0.069813 0.047877
0 0.580043 0.212201 0.043837 0.026250
0 0.596102 0.326563 0.045979 0.029636
0 0.287620 0.746198 0.037587 0.089727