0 0.637493 0.689212 0.072686 0.048359
0 0.769261 0.563613 0.066441 0.044437
0 0.652593 0.788977 0.065166 0.052562
0 0.630113 0.639752 0.068368 0.054771
0 0.571107 0.787012 0.072465 0.052746
0 0.560704 0.676220 0.064844 0.048882
0 0.623770 0.598371 0.061560 0.048889
0 0.657449 0.844380 0.059707 0.049546
0 0.556933 0.630212 0.062827 0.047533
0 0.749332 0.486368 0.060886 0.039312
0 0.613989 0.556127 0.059148 0.045499
0 0.578967 0.841482 0.063085 0.051484
0 0.819982 0.791927 0.067992 0.056972
0 0.407664 0.681701 0.071351 0.054295
0 0.580073 0.903053 0.075376 0.052046
0 0.566113 0.727455 0.070329 0.046913
0 0.603342 0.416340 0.046344 0.039092
0 0.792674 0.685654 0.070800 0.043093
0 0.555748 0.582378 0.057881 0.054685
0 0.731517 0.392677 0.058220 0.038035
0 0.739805 0.454026 0.061728 0.041984
0 0.662128 0.915658 0.057896 0.048861
0 0.644069 0.733617 0.059497 0.051731
0 0.715892 0.317090 0.053791 0.039683
0 0.576169 0.972078 0.088719 0.050563
0 0.410124 0.633334 0.051370 0.050910
0 0.732740 0.422855 0.054079 0.034778
0 0.410557 0.594241 0.058266 0.044589
0 0.601723 0.487081 0.051962 0.048374
0 0.401306 0.849800 0.066302 0.053744
0 0.545599 0.516879 0.061257 0.052322
0 0.599058 0.451805 0.053954 0.041301
0 0.758740 0.521694 0.057728 0.042399
0 0.594866 0.357286 0.047839 0.042539
0 0.404450 0.780844 0.058411 0.057773
0 0.663285 0.978852 0.063299 0.037715
0 0.707583 0.287461 0.052409 0.036951
0 0.397336 0.923803 0.075120 0.061348
0 0.593900 0.388572 0.039229 0.032552
0 0.843049 0.846179 0.066774 0.053836
0 0.842214 0.910657 0.073451 0.057592
0 0.866002 0.973783 0.084302 0.051132
0 0.717014 0.357898 0.043403 0.036308
0 0.690304 0.252103 0.041733 0.035056