0 0.571354 0.900286 0.085043 0.058542
0 0.657730 0.835303 0.077422 0.060710
0 0.568331 0.776523 0.084232 0.060104
0 0.571975 0.834486 0.074774 0.053385
0 0.578943 0.967952 0.088806 0.057493
0 0.397289 0.579665 0.060872 0.049759
0 0.393305 0.725895 0.066046 0.051257
0 0.623494 0.591335 0.069132 0.045677
0 0.542615 0.473232 0.057678 0.043548
0 0.633062 0.676416 0.059266 0.044460
0 0.647637 0.780124 0.064049 0.051146
0 0.594026 0.382367 0.053668 0.039889
0 0.770085 0.592669 0.065577 0.042487
0 0.399364 0.627184 0.070430 0.052780
0 0.563898 0.725456 0.061094 0.048776
0 0.614049 0.509665 0.056884 0.045475
0 0.854941 0.965101 0.084718 0.059460
0 0.395428 0.786702 0.058893 0.055371
0 0.775809 0.631940 0.073433 0.048138
0 0.635380 0.725439 0.068312 0.048249
0 0.542756 0.584915 0.065399 0.046497
0 0.734264 0.446497 0.066359 0.042461
0 0.623683 0.630645 0.062582 0.047760
0 0.672339 0.965778 0.065651 0.055879
0 0.388596 0.848760 0.065430 0.052350
0 0.810449 0.775085 0.063251 0.048529
0 0.845907 0.894906 0.073655 0.056582
0 0.728385 0.412826 0.058741 0.040195
0 0.400514 0.540254 0.050256 0.043737
0 0.798832 0.728174 0.068030 0.052038
0 0.414106 0.374688 0.065512 0.048255
0 0.788346 0.674896 0.072743 0.049102
0 0.660697 0.898669 0.061063 0.052077
0 0.720582 0.384450 0.055625 0.035397
0 0.819572 0.828470 0.072010 0.051940
0 0.758802 0.513480 0.067509 0.049707
0 0.407036 0.470443 0.065825 0.047357
0 0.607483 0.473607 0.059097 0.041667
0 0.558366 0.671419 0.069475 0.052539
0 0.553772 0.627301 0.058646 0.041999
0 0.393151 0.910462 0.083012 0.068880
0 0.605751 0.439811 0.046172 0.041849
0 0.408414 0.436579 0.061081 0.043861
0 0.691254 0.238454 0.039757 0.033770
0 0.694180 0.282907 0.046892 0.036842
0 0.401000 0.507523 0.059475 0.041569
0 0.617400 0.547331 0.052135 0.041016
0 0.596057 0.351966 0.055412 0.040508
0 0.716382 0.358568 0.056263 0.033021
0 0.586480 0.279860 0.048142 0.035632
0 0.708783 0.329333 0.054457 0.042663
0 0.591855 0.325986 0.051784 0.035697
0 0.578082 0.232256 0.048672 0.032337
0 0.581374 0.255508 0.050256 0.033424
0 0.586619 0.301325 0.047101 0.033418