0 0.368858 0.719432 0.068570 0.051269
0 0.638268 0.754669 0.059803 0.049155
0 0.364052 0.768571 0.060616 0.056934
0 0.851487 0.824778 0.084380 0.051292
0 0.629563 0.705083 0.065804 0.047341
0 0.799484 0.627501 0.057081 0.043413
0 0.629912 0.656263 0.049375 0.041402
0 0.868742 0.910668 0.072243 0.049929
0 0.383692 0.616628 0.069286 0.050542
0 0.640000 0.808039 0.059875 0.046441
0 0.578064 0.863106 0.068246 0.054886
0 0.386298 0.669829 0.071734 0.042092
0 0.556828 0.689963 0.068910 0.048336
0 0.820978 0.721400 0.069182 0.050924
0 0.603930 0.490666 0.062188 0.046780
0 0.842138 0.769299 0.063101 0.049421
0 0.554407 0.641790 0.064778 0.046222
0 0.620625 0.612328 0.062790 0.043841
0 0.383742 0.571481 0.054431 0.045852
0 0.566921 0.809322 0.068969 0.050729
0 0.667057 0.917228 0.058746 0.051856
0 0.563586 0.755832 0.073815 0.051357
0 0.813223 0.673507 0.062990 0.047785
0 0.589310 0.930063 0.063435 0.055088
0 0.687800 0.272135 0.045072 0.033804
0 0.691974 0.299679 0.051749 0.031300
0 0.703659 0.328476 0.051749 0.038812