0 0.396450 0.463195 0.061178 0.043425
0 0.652903 0.714988 0.067704 0.048296
0 0.658835 0.771541 0.071003 0.048434
0 0.667391 0.830725 0.075875 0.054988
0 0.401200 0.786315 0.074252 0.053112
0 0.583848 0.805394 0.069601 0.052702
0 0.729085 0.407009 0.054572 0.042835
0 0.665803 0.893727 0.068476 0.054885
0 0.650931 0.663878 0.058796 0.047731
0 0.587125 0.943248 0.081724 0.057215
0 0.568814 0.702169 0.073173 0.052551
0 0.582686 0.870050 0.078782 0.057297
0 0.816495 0.759065 0.073656 0.050406
0 0.597425 0.271188 0.050543 0.038170
0 0.835838 0.819546 0.072479 0.048955
0 0.750739 0.505684 0.064080 0.039871
0 0.849829 0.881195 0.071744 0.051558
0 0.551487 0.474304 0.049259 0.040196
0 0.716967 0.371146 0.058691 0.039961
0 0.404954 0.374045 0.058991 0.045064
0 0.555831 0.519636 0.054917 0.041257
0 0.401489 0.548018 0.063475 0.044188
0 0.395865 0.590000 0.050185 0.044115
0 0.869423 0.934896 0.068148 0.054244
0 0.567692 0.649450 0.065533 0.047245
0 0.613242 0.455048 0.058973 0.037800
0 0.790924 0.637255 0.067358 0.045043
0 0.560513 0.565730 0.059261 0.043820
0 0.559261 0.607046 0.055088 0.046324
0 0.666934 0.959485 0.061765 0.055088
0 0.639390 0.617062 0.063435 0.046324
0 0.629791 0.579502 0.060931 0.043820
0 0.622279 0.536308 0.065939 0.045072
0 0.620192 0.494992 0.055088 0.042568
0 0.616019 0.426132 0.051749 0.040064
0 0.606003 0.391076 0.051749 0.037560
0 0.601412 0.362906 0.040899 0.036308
0 0.603082 0.250225 0.040899 0.031300
0 0.592231 0.225185 0.040899 0.031300
0 0.706998 0.338492 0.043403 0.035056
0 0.770015 0.587014 0.067608 0.046324
0 0.799646 0.682166 0.055088 0.046324