0 0.384488 0.848678 0.079869 0.064110
0 0.391462 0.787187 0.077332 0.059002
0 0.390677 0.911507 0.078724 0.059518
0 0.612791 0.559252 0.059775 0.042075
0 0.671788 0.915116 0.068061 0.055130
0 0.589206 0.911137 0.073203 0.057915
0 0.665348 0.854710 0.078128 0.056268
0 0.790598 0.638754 0.063169 0.049643
0 0.589095 0.851256 0.072320 0.054900
0 0.774506 0.596406 0.061966 0.047579
0 0.631047 0.691899 0.065925 0.047661
0 0.816333 0.740208 0.056771 0.044719
0 0.648125 0.795765 0.065070 0.049161
0 0.801581 0.686548 0.066243 0.052584
0 0.747730 0.471359 0.062926 0.042318
0 0.599954 0.979356 0.082065 0.036702
0 0.687477 0.977087 0.082752 0.040936
0 0.576625 0.786709 0.058756 0.057592
0 0.831439 0.795680 0.075803 0.052998
0 0.616973 0.598412 0.058753 0.044734
0 0.858201 0.908487 0.070383 0.054080
0 0.626680 0.643762 0.068997 0.047582
0 0.770727 0.552067 0.068011 0.047238
0 0.756565 0.515727 0.061122 0.043973
0 0.733774 0.429257 0.054955 0.041307
0 0.637720 0.746645 0.056757 0.047576
0 0.848474 0.849309 0.057592 0.050080
0 0.879774 0.976913 0.076790 0.044872