0 0.378583 0.795072 0.070213 0.055260
0 0.762771 0.534502 0.070308 0.050436
0 0.778210 0.581475 0.067747 0.046335
0 0.373872 0.729535 0.069462 0.058392
0 0.789553 0.625833 0.067925 0.050924
0 0.668974 0.788210 0.063286 0.053242
0 0.823273 0.722132 0.060773 0.049277
0 0.403470 0.382822 0.057921 0.042402
0 0.660816 0.838796 0.059540 0.049857
0 0.579065 0.217741 0.044935 0.036732
0 0.664470 0.681911 0.075382 0.050892
0 0.825039 0.769437 0.066155 0.048249
0 0.754377 0.497194 0.060681 0.043268
0 0.582253 0.673324 0.073785 0.050358
0 0.833381 0.832630 0.075321 0.051901
0 0.582530 0.726087 0.073602 0.049518
0 0.377016 0.678678 0.070699 0.051914
0 0.803689 0.674382 0.064705 0.053424
0 0.740152 0.464593 0.056536 0.040775
0 0.661432 0.734408 0.074497 0.054622
0 0.567023 0.578564 0.065443 0.046478
0 0.597459 0.904613 0.075247 0.056074
0 0.648077 0.637813 0.064575 0.049414
0 0.720061 0.369658 0.052734 0.037051
0 0.724295 0.401035 0.055143 0.040417
0 0.637355 0.594320 0.065699 0.046829
0 0.546170 0.464261 0.048945 0.042090
0 0.372975 0.859674 0.064258 0.058034
0 0.628466 0.551361 0.060595 0.046732
0 0.393500 0.588050 0.059570 0.045579
0 0.394735 0.436338 0.062847 0.049199
0 0.602938 0.447660 0.058073 0.047402
0 0.566261 0.536315 0.050525 0.043828
0 0.595145 0.347070 0.053346 0.040924
0 0.622513 0.510114 0.056319 0.046296
0 0.681400 0.900771 0.072070 0.056673
0 0.880608 0.965492 0.062769 0.058691
0 0.697951 0.291120 0.042786 0.038997
0 0.386313 0.475042 0.048121 0.042598
0 0.590373 0.313854 0.049497 0.036745
0 0.605747 0.406383 0.058229 0.046217
0 0.542567 0.424743 0.048902 0.038704
0 0.688268 0.970693 0.083568 0.055475
0 0.688279 0.259251 0.050100 0.036120
0 0.378952 0.935664 0.086350 0.062357
0 0.587808 0.289111 0.042431 0.031178
0 0.713322 0.342448 0.055273 0.037148
0 0.602339 0.377839 0.050755 0.038542
0 0.578132 0.633848 0.066931 0.037096