0 0.210289 0.826204 0.093832 0.063503
0 0.309358 0.609115 0.072708 0.048503
0 0.381131 0.768154 0.076957 0.059850
0 0.640308 0.723441 0.074418 0.055762
0 0.388646 0.901370 0.075894 0.060723
0 0.776007 0.579134 0.069887 0.046966
0 0.660404 0.826475 0.078533 0.058822
0 0.631651 0.616143 0.063329 0.051569
0 0.641628 0.674652 0.072995 0.050762
0 0.858576 0.971514 0.080399 0.052025
0 0.846461 0.903984 0.073572 0.054896
0 0.762732 0.537936 0.062617 0.046771
0 0.224351 0.720872 0.068859 0.049987
0 0.379859 0.712627 0.075838 0.060332
0 0.386545 0.836826 0.069175 0.052350
0 0.387639 0.961592 0.092179 0.070007
0 0.381931 0.622096 0.063524 0.047852
0 0.733225 0.434170 0.057578 0.045801
0 0.393116 0.450049 0.048368 0.042077
0 0.651632 0.777188 0.057439 0.044766
0 0.552615 0.582051 0.051202 0.044245
0 0.667192 0.890872 0.063507 0.053880
0 0.379171 0.574528 0.073264 0.056126
0 0.213700 0.767214 0.065734 0.052174
0 0.803203 0.674785 0.078333 0.052760
0 0.532255 0.399580 0.051280 0.041921
0 0.398991 0.413910 0.053112 0.040007
0 0.381484 0.533262 0.064488 0.043698
0 0.580488 0.970710 0.090317 0.055326
0 0.678281 0.962031 0.080642 0.057630
0 0.387552 0.487305 0.048108 0.043958
0 0.558138 0.677155 0.069783 0.050547
0 0.541934 0.540101 0.065560 0.048926
0 0.574073 0.829512 0.079987 0.060013
0 0.828377 0.837972 0.066363 0.048535
0 0.539501 0.499857 0.058455 0.044049
0 0.574310 0.773076 0.078125 0.056217
0 0.754737 0.499535 0.054336 0.045579
0 0.557697 0.726445 0.067834 0.049792
0 0.812654 0.730570 0.060612 0.053861
0 0.606213 0.495794 0.055360 0.045534
0 0.577539 0.898747 0.072561 0.058079
0 0.825258 0.778454 0.068043 0.054004
0 0.380562 0.663997 0.061775 0.049128
0 0.784948 0.619066 0.057925 0.049590
0 0.602641 0.430863 0.054327 0.039303
0 0.702220 0.315452 0.046714 0.037728
0 0.621554 0.570381 0.054948 0.048809
0 0.609705 0.533564 0.060043 0.045957
0 0.535454 0.432887 0.051871 0.042155
0 0.549095 0.624694 0.067478 0.055417
0 0.601415 0.399782 0.053889 0.039850
0 0.536803 0.467708 0.049874 0.038919
0 0.400666 0.381914 0.044041 0.038307
0 0.722763 0.399290 0.055638 0.040820
0 0.709501 0.343815 0.054653 0.034245
0 0.671569 0.212738 0.048824 0.037493
0 0.712954 0.371143 0.052261 0.036947
0 0.589813 0.356563 0.042899 0.044531
0 0.581569 0.234414 0.047713 0.032227
0 0.691769 0.286582 0.045247 0.034049
0 0.586411 0.284033 0.048264 0.035553
0 0.687105 0.264632 0.050321 0.029902
0 0.607263 0.462334 0.049466 0.040788
0 0.586250 0.259154 0.047274 0.038008
0 0.594334 0.334320 0.053980 0.041986
0 0.678372 0.237441 0.040634 0.034844
0 0.590102 0.308285 0.050360 0.037090