0 0.368277 0.669395 0.072448 0.050690
0 0.764802 0.525977 0.069786 0.044424
0 0.372323 0.768923 0.067894 0.054806
0 0.795503 0.713242 0.071731 0.051333
0 0.371060 0.720632 0.061742 0.051209
0 0.820292 0.766193 0.077789 0.060277
0 0.369931 0.825777 0.061309 0.052771
0 0.398520 0.303677 0.041362 0.036371
0 0.550692 0.662570 0.063352 0.047530
0 0.770617 0.568805 0.069986 0.046585
0 0.735669 0.415671 0.063787 0.043197
0 0.746124 0.450151 0.058169 0.045169
0 0.381525 0.492051 0.059325 0.052737
0 0.561233 0.760414 0.077875 0.055308
0 0.784323 0.610320 0.074059 0.050216
0 0.562753 0.709675 0.071014 0.050639
0 0.792928 0.657168 0.060569 0.048693
0 0.625520 0.660049 0.063918 0.051363
0 0.545759 0.614021 0.063241 0.048758
0 0.374823 0.616646 0.055286 0.049130
0 0.610131 0.491926 0.056854 0.044964
0 0.565826 0.218089 0.046680 0.040479
0 0.533123 0.495648 0.047882 0.046384
0 0.754499 0.486577 0.059307 0.043996
0 0.724662 0.388046 0.061527 0.040904
0 0.567524 0.813515 0.068526 0.053616
0 0.377600 0.568282 0.067203 0.061756
0 0.617328 0.611347 0.064119 0.048211
0 0.380644 0.534764 0.060389 0.044544
0 0.600849 0.456410 0.058719 0.047116
0 0.716319 0.358189 0.057561 0.033458
0 0.265384 0.424331 0.038206 0.112723
0 0.384180 0.460368 0.052631 0.039400
0 0.648741 0.818692 0.064414 0.048950
0 0.642625 0.759525 0.074848 0.052471
0 0.702860 0.333128 0.052198 0.037073
0 0.656199 0.877982 0.060161 0.053743
0 0.634633 0.709088 0.054259 0.042923
0 0.595868 0.419775 0.048370 0.042253
0 0.660466 0.154904 0.042546 0.036220
0 0.608678 0.528522 0.062013 0.048424
0 0.849377 0.941921 0.077797 0.056038
0 0.823769 0.816872 0.071245 0.049898
0 0.611359 0.572030 0.054745 0.043618
0 0.593349 0.395218 0.042001 0.039291
0 0.835755 0.877902 0.071874 0.052154
0 0.688309 0.243251 0.043687 0.031808
0 0.584169 0.359447 0.040880 0.036842
0 0.568376 0.307520 0.054954 0.039407
0 0.691875 0.271537 0.047351 0.033468
0 0.699978 0.303533 0.052603 0.030578
0 0.573769 0.874167 0.084104 0.062965
0 0.585554 0.954477 0.082632 0.067608
0 0.669020 0.951347 0.079294 0.063852
0 0.532552 0.458058 0.045072 0.043820
0 0.573451 0.330354 0.045072 0.038812