0 0.378025 0.929616 0.084679 0.062148
0 0.646643 0.784020 0.064006 0.051230
0 0.392279 0.726126 0.070955 0.056667
0 0.395454 0.678340 0.070742 0.051276
0 0.396426 0.804059 0.078537 0.058900
0 0.398763 0.632256 0.062517 0.048262
0 0.822370 0.743535 0.069852 0.049193
0 0.600792 0.487686 0.063702 0.047350
0 0.619154 0.618512 0.069661 0.049993
0 0.613672 0.572041 0.065321 0.048210
0 0.398043 0.547881 0.062986 0.045879
0 0.384965 0.863369 0.071997 0.057624
0 0.535801 0.515755 0.063746 0.044206
0 0.540844 0.555020 0.060352 0.044583
0 0.641096 0.730902 0.070221 0.054954
0 0.396749 0.509336 0.059497 0.043021
0 0.583602 0.379092 0.055564 0.044577
0 0.394123 0.589222 0.068299 0.046230
0 0.590564 0.915283 0.076814 0.056764
0 0.840137 0.795602 0.064622 0.047142
0 0.551217 0.642588 0.069319 0.050632
0 0.563943 0.686257 0.068112 0.050859
0 0.605362 0.530348 0.058129 0.044655
0 0.574221 0.844629 0.069154 0.057982
0 0.570111 0.789056 0.075577 0.058086
0 0.876081 0.969922 0.084141 0.053698
0 0.737721 0.445335 0.063377 0.042689
0 0.848587 0.842770 0.081810 0.053105
0 0.790959 0.636758 0.074844 0.055000
0 0.855126 0.901989 0.072014 0.053470
0 0.393056 0.442012 0.055634 0.038294
0 0.652489 0.843760 0.070560 0.056908
0 0.704601 0.316904 0.058490 0.040775
0 0.528084 0.440752 0.047626 0.038418
0 0.805927 0.694818 0.065490 0.051068
0 0.402639 0.399421 0.044306 0.040937
0 0.724017 0.409977 0.060369 0.044785
0 0.633023 0.675684 0.073181 0.055703
0 0.599907 0.349824 0.055621 0.038932
0 0.546591 0.598011 0.066246 0.047598
0 0.665898 0.902080 0.064314 0.055970
0 0.594770 0.972660 0.070530 0.048470
0 0.776617 0.594958 0.060291 0.045501
0 0.671257 0.974531 0.063121 0.045508
0 0.576046 0.731989 0.063307 0.051556
0 0.762535 0.520348 0.052500 0.046986
0 0.531207 0.476768 0.049783 0.040970
0 0.394740 0.473672 0.045720 0.037526
0 0.713364 0.347083 0.053958 0.040872
0 0.592326 0.268577 0.046328 0.033704
0 0.595614 0.316725 0.039162 0.037747
0 0.592001 0.422285 0.052943 0.038385
0 0.589136 0.241911 0.046267 0.034368
0 0.525514 0.408574 0.042452 0.037578
0 0.721439 0.381019 0.058477 0.036855
0 0.594364 0.451930 0.051306 0.041921
0 0.694885 0.288571 0.041159 0.034212
0 0.683216 0.238809 0.052622 0.035638
0 0.584162 0.216497 0.045929 0.033633
0 0.595085 0.293750 0.041931 0.031680
0 0.582982 0.194528 0.041910 0.030723
0 0.698620 0.263040 0.039722 0.032031
0 0.679831 0.215622 0.039418 0.027611