0 0.654835 0.846124 0.067668 0.057365
0 0.625022 0.636615 0.061028 0.048081
0 0.652538 0.788548 0.075743 0.053628
0 0.776209 0.594632 0.066409 0.056126
0 0.788481 0.639264 0.063155 0.055894
0 0.637055 0.683710 0.056960 0.047995
0 0.803126 0.684387 0.058225 0.051420
0 0.693028 0.233366 0.039878 0.036572
0 0.668854 0.908568 0.060300 0.053644
0 0.808753 0.741281 0.066591 0.054871
0 0.641445 0.732524 0.060995 0.049524
0 0.584997 0.973331 0.087082 0.047464
0 0.360384 0.809008 0.078912 0.061821
0 0.359082 0.755951 0.054838 0.051127
0 0.764689 0.548951 0.060293 0.048583
0 0.831479 0.790662 0.061533 0.052014
0 0.573653 0.166440 0.040198 0.029050
0 0.853551 0.843289 0.093125 0.056073
0 0.866512 0.973935 0.084200 0.046927
0 0.854143 0.908764 0.069947 0.052183
0 0.666409 0.980298 0.066823 0.033860
0 0.400395 0.474081 0.058452 0.043192
0 0.400785 0.436323 0.057385 0.041981
0 0.406967 0.386221 0.057680 0.043310
0 0.583050 0.906901 0.074286 0.056340