0 0.590213 0.972139 0.088533 0.048509
0 0.395896 0.791406 0.065386 0.052044
0 0.681157 0.966732 0.075690 0.055924
0 0.551764 0.581296 0.065777 0.045286
0 0.398092 0.727005 0.075681 0.053490
0 0.578218 0.843991 0.073624 0.058906
0 0.666923 0.901439 0.061649 0.054284
0 0.397118 0.623148 0.075304 0.059746
0 0.397196 0.676315 0.074531 0.056576
0 0.400241 0.576182 0.068216 0.047376
0 0.659711 0.843633 0.077565 0.056758
0 0.647029 0.788057 0.066003 0.053913
0 0.639707 0.732565 0.073650 0.055026
0 0.587691 0.384098 0.052309 0.036842
0 0.772628 0.598353 0.068650 0.047214
0 0.629768 0.641182 0.051940 0.042389
0 0.636163 0.683805 0.054462 0.051543
0 0.542083 0.499388 0.053394 0.043372
0 0.528184 0.387816 0.055872 0.041387
0 0.402587 0.534775 0.057543 0.044238
0 0.805132 0.735560 0.068754 0.050560
0 0.560065 0.675905 0.068377 0.050703
0 0.762107 0.555703 0.067444 0.049805
0 0.837500 0.839007 0.086884 0.059824
0 0.615098 0.558174 0.063772 0.046934
0 0.575807 0.786494 0.071259 0.053652
0 0.623637 0.598551 0.062639 0.047415
0 0.799080 0.682666 0.058247 0.050293
0 0.387448 0.847884 0.083637 0.062187
0 0.598032 0.441133 0.057643 0.042305
0 0.738366 0.455638 0.056914 0.041693
0 0.849748 0.964850 0.085026 0.061263
0 0.579651 0.903685 0.075430 0.060937
0 0.782387 0.639766 0.066024 0.049492
0 0.604345 0.474528 0.054601 0.046191
0 0.843707 0.904245 0.076658 0.058203
0 0.538628 0.461846 0.053134 0.045762
0 0.605154 0.511071 0.059206 0.047845
0 0.534889 0.429202 0.053372 0.036908
0 0.813292 0.784212 0.065681 0.049440
0 0.560738 0.724870 0.074028 0.055013
0 0.691636 0.264775 0.053325 0.033145
0 0.604464 0.355309 0.056272 0.039694
0 0.749807 0.518753 0.061020 0.044889
0 0.385473 0.916637 0.088385 0.065020
0 0.733717 0.421016 0.053641 0.042318
0 0.593461 0.266725 0.049605 0.038437
0 0.723001 0.392350 0.055664 0.039622
0 0.714911 0.363994 0.053633 0.035306
0 0.598251 0.327705 0.051658 0.034056
0 0.597424 0.300238 0.042539 0.036517
0 0.703819 0.315120 0.049991 0.032637
0 0.581645 0.217490 0.046545 0.032350
0 0.697700 0.289766 0.042613 0.030430
0 0.407745 0.471400 0.055959 0.039336
0 0.586393 0.241237 0.047743 0.034062
0 0.685799 0.241211 0.039722 0.028841
0 0.403073 0.437051 0.047882 0.042279
0 0.710506 0.339772 0.050204 0.033203
0 0.679123 0.220905 0.038837 0.028320