0 0.212841 0.768626 0.047279 0.110404
0 0.043752 0.936647 0.086966 0.060339
0 0.276521 0.754095 0.039336 0.095885
0 0.403969 0.384287 0.058043 0.044785
0 0.396573 0.491966 0.061428 0.044388
0 0.544234 0.485609 0.061905 0.047689
0 0.393216 0.849691 0.081172 0.059069
0 0.635404 0.671090 0.068377 0.049408
0 0.391235 0.916572 0.086324 0.060866
0 0.557912 0.671875 0.069983 0.051836
0 0.391656 0.784538 0.073737 0.056940
0 0.387658 0.669199 0.070951 0.049779
0 0.650994 0.784785 0.069679 0.053854
0 0.572782 0.723005 0.071120 0.052311
0 0.588359 0.906992 0.076597 0.059049
0 0.547632 0.576038 0.061063 0.044837
0 0.393049 0.571178 0.061706 0.045820
0 0.602331 0.431367 0.055469 0.040221
0 0.826309 0.784336 0.077496 0.054753
0 0.778607 0.586149 0.069878 0.047676
0 0.610831 0.498786 0.054119 0.043835
0 0.396378 0.722383 0.068277 0.053073
0 0.582817 0.843633 0.074696 0.059518
0 0.620970 0.580260 0.066471 0.046328
0 0.571973 0.780716 0.067730 0.052057
0 0.838926 0.840384 0.077227 0.053841
0 0.643941 0.722682 0.060382 0.048867
0 0.800729 0.680472 0.075009 0.051322
0 0.391927 0.620016 0.063958 0.049290
0 0.659614 0.844688 0.064896 0.055560
0 0.545879 0.532298 0.054553 0.042591
0 0.741291 0.457572 0.066393 0.047214
0 0.813084 0.727767 0.069588 0.050534
0 0.587975 0.368913 0.051619 0.035391
0 0.766797 0.543613 0.061085 0.044818
0 0.402465 0.457614 0.044514 0.037884
0 0.402982 0.424837 0.051918 0.038451
0 0.850801 0.902002 0.071836 0.059460
0 0.624559 0.625592 0.062062 0.046732
0 0.553526 0.621709 0.059536 0.047376
0 0.717817 0.389515 0.057361 0.040814
0 0.787289 0.634883 0.066515 0.047760
0 0.752435 0.500820 0.059418 0.044518
0 0.876762 0.972292 0.086918 0.052227
0 0.594551 0.399674 0.054935 0.034935
0 0.617415 0.539202 0.058398 0.042741
0 0.255885 0.588499 0.035885 0.070085
0 0.593529 0.973034 0.079219 0.051146
0 0.608737 0.466038 0.044523 0.035736
0 0.661107 0.905387 0.058845 0.051777
0 0.707856 0.333799 0.048116 0.032220
0 0.708811 0.360384 0.047604 0.033464
0 0.692862 0.276937 0.042374 0.035645
0 0.701057 0.305645 0.041480 0.034401
0 0.673021 0.969674 0.063759 0.055911
0 0.600035 0.341745 0.053359 0.036563
0 0.537174 0.450645 0.054497 0.038789
0 0.527758 0.385635 0.045178 0.036439
0 0.537274 0.415020 0.044028 0.036992
0 0.601434 0.313896 0.052270 0.037637
0 0.727587 0.424134 0.048611 0.035964
0 0.582941 0.213916 0.041862 0.030059
0 0.586749 0.239141 0.044661 0.032305
0 0.679872 0.224219 0.046480 0.036328
0 0.600015 0.283831 0.048485 0.037207
0 0.682732 0.249411 0.039058 0.033092
0 0.589800 0.261243 0.035295 0.025391