0 0.565833 0.784046 0.072127 0.053743
0 0.791293 0.678477 0.076918 0.050924
0 0.639358 0.724105 0.074063 0.057897
0 0.389507 0.784124 0.069865 0.054889
0 0.564334 0.724945 0.061150 0.051074
0 0.834618 0.834274 0.072717 0.056491
0 0.550360 0.628747 0.064427 0.052819
0 0.545328 0.584469 0.071098 0.053040
0 0.398030 0.631471 0.067917 0.048346
0 0.627986 0.674375 0.074601 0.056536
0 0.805829 0.724723 0.060937 0.050801
0 0.648503 0.835882 0.079618 0.062767
0 0.407003 0.545859 0.064457 0.050104
0 0.748288 0.513304 0.063494 0.045605
0 0.391421 0.844564 0.082574 0.059974
0 0.396172 0.677673 0.070486 0.057728
0 0.570286 0.840094 0.076042 0.057598
0 0.623405 0.628369 0.058129 0.045319
0 0.579789 0.965329 0.090430 0.061960
0 0.415571 0.375397 0.060161 0.045794
0 0.659742 0.893685 0.080690 0.062917
0 0.643631 0.779489 0.058147 0.049238
0 0.576990 0.897767 0.081220 0.062187
0 0.763553 0.552093 0.064171 0.048743
0 0.613620 0.510550 0.056953 0.043444
0 0.551788 0.676113 0.068663 0.055130
0 0.809167 0.778672 0.064097 0.052031
0 0.608372 0.473551 0.056415 0.045853
0 0.597988 0.357738 0.053338 0.038939
0 0.743941 0.477666 0.060286 0.041270
0 0.620677 0.586510 0.060208 0.048984
0 0.847743 0.895479 0.074115 0.059408
0 0.669481 0.960807 0.080100 0.063607
0 0.860987 0.962897 0.075734 0.061354
0 0.709618 0.336826 0.051927 0.036100
0 0.392784 0.903874 0.082096 0.064753
0 0.694779 0.262845 0.046476 0.036576
0 0.545158 0.510436 0.059405 0.042904
0 0.535234 0.408766 0.047101 0.039837
0 0.777899 0.629717 0.078785 0.055306
0 0.730742 0.387607 0.050382 0.037090
0 0.737498 0.446299 0.057044 0.040397
0 0.542138 0.470462 0.062435 0.045755
0 0.540228 0.439502 0.050022 0.038132
0 0.598203 0.410924 0.053299 0.039870
0 0.603954 0.442620 0.056858 0.040150
0 0.770454 0.591605 0.060629 0.044785
0 0.617502 0.547611 0.057409 0.043750
0 0.404460 0.504072 0.063129 0.046309
0 0.731951 0.418053 0.058694 0.038203
0 0.549520 0.547178 0.061897 0.042676
0 0.403077 0.472074 0.055712 0.036139
0 0.690115 0.237526 0.041359 0.032539
0 0.593062 0.381227 0.043867 0.034798