0 0.661120 0.880104 0.074549 0.054388
0 0.390616 0.750706 0.073646 0.059460
0 0.874770 0.969095 0.086875 0.055508
0 0.736222 0.431006 0.057010 0.039967
0 0.809848 0.674922 0.077986 0.050755
0 0.564301 0.827028 0.071484 0.060384
0 0.389342 0.802406 0.063077 0.053809
0 0.756382 0.500859 0.063989 0.041198
0 0.564366 0.701465 0.073429 0.062409
0 0.817951 0.726562 0.074792 0.049961
0 0.864325 0.894401 0.090655 0.055313
0 0.777821 0.584831 0.069575 0.049414
0 0.842834 0.838942 0.081710 0.050996
0 0.833958 0.780189 0.069115 0.054609
0 0.794494 0.629362 0.062209 0.047604
0 0.569579 0.758639 0.077465 0.056784
0 0.388355 0.592054 0.067743 0.049199
0 0.744618 0.466237 0.059141 0.038828
0 0.670851 0.951637 0.062101 0.051582
0 0.626773 0.628818 0.056975 0.045632
0 0.577778 0.882982 0.075104 0.057591
0 0.546732 0.604974 0.057830 0.044245
0 0.386120 0.635368 0.066276 0.051217
0 0.638787 0.722874 0.052895 0.043197
0 0.649694 0.771152 0.066263 0.054961
0 0.655117 0.822988 0.065217 0.052057
0 0.590085 0.956315 0.084457 0.060456
0 0.381658 0.692471 0.079757 0.061673
0 0.393103 0.473431 0.059036 0.041810
0 0.764349 0.539268 0.062040 0.048965
0 0.553225 0.647555 0.072040 0.053118
0 0.394792 0.544092 0.062283 0.052910
0 0.377105 0.923001 0.077561 0.060195
0 0.618338 0.587604 0.060911 0.048255
0 0.632865 0.673503 0.066415 0.049440
0 0.378683 0.854860 0.064579 0.057754
0 0.719957 0.363503 0.059974 0.040625
0 0.712305 0.335117 0.056780 0.036862
0 0.730638 0.395609 0.057318 0.040540
0 0.595334 0.315511 0.040469 0.039941
0 0.618040 0.507826 0.061454 0.045391
0 0.594980 0.350439 0.051671 0.037467
0 0.547849 0.522588 0.059405 0.044460
0 0.625039 0.548812 0.063099 0.046634
0 0.599353 0.411963 0.057561 0.041660
0 0.542563 0.445846 0.051723 0.039128
0 0.544674 0.481615 0.053229 0.041849
0 0.609672 0.471995 0.052582 0.040319
0 0.395859 0.508079 0.061319 0.041419
0 0.537880 0.415251 0.042157 0.036569
0 0.590668 0.382233 0.057387 0.036497
0 0.610035 0.442132 0.045790 0.036595
0 0.691022 0.238307 0.040412 0.035937
0 0.695339 0.269635 0.051163 0.031888
0 0.702682 0.292731 0.048819 0.031764
0 0.706172 0.312090 0.043472 0.028451