0 0.652693 0.900355 0.082921 0.060527
0 0.655990 0.840462 0.083950 0.057396
0 0.643984 0.782116 0.070260 0.049766
0 0.396263 0.726663 0.078229 0.053249
0 0.814618 0.781979 0.084106 0.053581
0 0.563353 0.901725 0.084562 0.059349
0 0.560718 0.723063 0.070951 0.055033
0 0.576267 0.969440 0.073698 0.054831
0 0.629423 0.634137 0.067578 0.050111
0 0.638414 0.730352 0.061515 0.049036
0 0.567394 0.778063 0.069674 0.055137
0 0.844453 0.897116 0.071337 0.050716
0 0.567070 0.834984 0.071050 0.054759
0 0.203099 0.736546 0.049253 0.102689
0 0.559818 0.672445 0.077630 0.055566
0 0.551057 0.627018 0.063494 0.048763
0 0.543242 0.509258 0.058576 0.042318
0 0.400940 0.625664 0.064154 0.053542
0 0.401775 0.548669 0.063203 0.046139
0 0.390883 0.846094 0.065135 0.055286
0 0.751801 0.519170 0.063307 0.042884
0 0.546680 0.547161 0.061398 0.042383
0 0.808429 0.727109 0.078021 0.050378
0 0.616452 0.551855 0.057036 0.044740
0 0.631155 0.679684 0.054375 0.048952
0 0.863837 0.969245 0.083689 0.055104
0 0.662964 0.969746 0.083385 0.055365
0 0.726745 0.415830 0.060885 0.043509
0 0.402732 0.677812 0.055864 0.052370
0 0.394546 0.784876 0.061905 0.054271
0 0.787218 0.634209 0.063767 0.051048
0 0.837051 0.832077 0.084779 0.056823
0 0.398453 0.508040 0.060204 0.046602
0 0.620816 0.593763 0.049549 0.039427
0 0.778898 0.589479 0.073134 0.052070
0 0.551495 0.587949 0.063850 0.046953
0 0.746380 0.483047 0.064167 0.044010
0 0.795981 0.677695 0.057830 0.047682
0 0.403051 0.588747 0.059965 0.047246
0 0.680779 0.214395 0.043581 0.032826
0 0.614362 0.513783 0.061102 0.045326
0 0.537550 0.441963 0.050898 0.037988
0 0.406612 0.440967 0.060933 0.039889
0 0.739197 0.448551 0.055955 0.039499
0 0.406988 0.376973 0.053976 0.037435
0 0.766005 0.552350 0.064510 0.044544
0 0.699056 0.284880 0.048763 0.034785
0 0.536823 0.473854 0.053125 0.040833
0 0.539095 0.412214 0.055655 0.038633
0 0.689559 0.240296 0.048720 0.031348
0 0.718184 0.387106 0.048277 0.033236
0 0.602086 0.476465 0.056298 0.042096
0 0.717116 0.359753 0.047513 0.038451
0 0.405326 0.471253 0.048108 0.041634
0 0.599000 0.384925 0.053485 0.037298
0 0.407576 0.407217 0.050161 0.039030
0 0.602619 0.443662 0.044648 0.036790
0 0.540738 0.377673 0.044453 0.040176
0 0.593513 0.304017 0.049718 0.035117
0 0.603947 0.412868 0.057287 0.044850
0 0.711615 0.334704 0.046406 0.034303
0 0.706267 0.310960 0.053498 0.031139
0 0.693247 0.262311 0.046007 0.029206
0 0.584147 0.233203 0.049692 0.032747
0 0.579896 0.210452 0.046111 0.030475
0 0.587459 0.255270 0.041853 0.031986
0 0.597676 0.281110 0.046957 0.032480
0 0.588573 0.351152 0.068966 0.047097
0 0.597856 0.326533 0.048385 0.029785
0 0.287161 0.746012 0.036833 0.082488