0 0.810569 0.737538 0.080759 0.052562
0 0.790034 0.646807 0.069940 0.048906
0 0.806396 0.688844 0.074696 0.045362
0 0.765929 0.516297 0.069962 0.043526
0 0.570133 0.729768 0.067691 0.049507
0 0.754144 0.477366 0.057705 0.044171
0 0.817208 0.788933 0.061174 0.049227
0 0.650261 0.787815 0.062831 0.049386
0 0.774820 0.555918 0.067015 0.044354
0 0.838920 0.847200 0.071280 0.050277
0 0.652075 0.847256 0.077065 0.053895
0 0.569614 0.681385 0.065822 0.046711
0 0.543432 0.379945 0.053333 0.037181
0 0.401353 0.443906 0.051210 0.040412
0 0.724176 0.368113 0.061605 0.045020
0 0.640209 0.734932 0.054383 0.041647
0 0.736381 0.405622 0.051574 0.039309
0 0.643835 0.688017 0.069611 0.051074
0 0.747482 0.438153 0.058152 0.038797
0 0.857745 0.908218 0.089120 0.060280
0 0.331132 0.901071 0.062206 0.058786
0 0.696604 0.260704 0.044159 0.032225
0 0.570436 0.167237 0.042755 0.028084
0 0.698893 0.291543 0.047927 0.036304
0 0.334966 0.844770 0.066496 0.052306
0 0.710627 0.340758 0.047831 0.033026
0 0.560018 0.628032 0.048567 0.043223
0 0.599821 0.382993 0.049064 0.041958
0 0.615163 0.481773 0.058470 0.036163
0 0.626378 0.560944 0.061953 0.044770
0 0.579680 0.227735 0.044299 0.031391
0 0.618758 0.515891 0.058731 0.048054
0 0.670331 0.147278 0.039946 0.030733
0 0.679890 0.191629 0.044201 0.034300
0 0.595408 0.355918 0.046229 0.032755
0 0.393518 0.628552 0.052141 0.045509
0 0.402014 0.514706 0.053771 0.039992
0 0.682935 0.217668 0.043322 0.031795
0 0.631961 0.637483 0.061368 0.052076
0 0.590630 0.971807 0.088958 0.050059
0 0.576585 0.850804 0.068034 0.054602
0 0.590730 0.280002 0.046185 0.038531
0 0.390984 0.682342 0.057110 0.048090
0 0.592809 0.301366 0.043874 0.034636
0 0.415698 0.385442 0.058427 0.046324
0 0.399005 0.553210 0.050080 0.038812
0 0.396084 0.593900 0.067608 0.045072
0 0.315121 0.680914 0.070947 0.048828
0 0.388989 0.732873 0.070112 0.047576
0 0.338074 0.777319 0.065104 0.051332
0 0.551749 0.513146 0.058427 0.038812
0 0.553001 0.549454 0.054253 0.036308
0 0.560513 0.592022 0.050915 0.046324
0 0.580963 0.910031 0.070112 0.056340
0 0.661091 0.911283 0.070112 0.056340
0 0.673611 0.975761 0.060096 0.045072
0 0.629374 0.604542 0.050080 0.036308
0 0.608924 0.447416 0.052584 0.037560
0 0.606003 0.415490 0.051749 0.038812
0 0.590979 0.330354 0.038395 0.028796
0 0.575538 0.184495 0.032552 0.027544
0 0.580128 0.210787 0.041733 0.030048
0 0.586806 0.260241 0.048411 0.028796
0 0.863081 0.977539 0.073451 0.043620
0 0.707415 0.318460 0.049245 0.030048
0 0.674028 0.171349 0.042568 0.023788