0 0.356194 0.701643 0.072882 0.052337
0 0.654074 0.844476 0.067046 0.052063
0 0.775132 0.596170 0.064052 0.050863
0 0.743704 0.472511 0.063473 0.038923
0 0.752488 0.509298 0.067187 0.041221
0 0.356155 0.650979 0.071754 0.053107
0 0.625241 0.633267 0.062427 0.050015
0 0.667707 0.904023 0.060984 0.051521
0 0.761997 0.544517 0.063396 0.044786
0 0.359225 0.754024 0.055005 0.051651
0 0.567887 0.841604 0.072705 0.060778
0 0.619454 0.587806 0.058358 0.051864
0 0.358773 0.806149 0.074619 0.055961
0 0.636402 0.681743 0.059552 0.046154
0 0.639742 0.729491 0.060714 0.050672
0 0.786820 0.642046 0.066868 0.048963
0 0.725028 0.412195 0.057031 0.042224
0 0.802555 0.684157 0.056533 0.045926
0 0.544901 0.537190 0.066428 0.048412
0 0.584850 0.972800 0.088481 0.048637
0 0.551752 0.581955 0.063662 0.047342
0 0.808443 0.736776 0.066652 0.052452
0 0.566174 0.779247 0.055567 0.058709
0 0.618570 0.549676 0.056023 0.043378
0 0.607914 0.483108 0.052935 0.040083
0 0.554810 0.668302 0.062264 0.051573
0 0.566071 0.726279 0.069174 0.050338
0 0.542106 0.499512 0.048205 0.040744
0 0.651074 0.783785 0.073954 0.048984
0 0.602356 0.442902 0.055705 0.045337
0 0.848358 0.837035 0.082865 0.064345
0 0.589851 0.386951 0.059013 0.038075
0 0.712412 0.346713 0.051704 0.040444
0 0.364264 0.607814 0.051430 0.040128
0 0.549746 0.623560 0.063266 0.049694
0 0.370327 0.565310 0.066190 0.047468
0 0.400443 0.473111 0.059247 0.045332
0 0.701447 0.295878 0.051097 0.029282
0 0.693371 0.235307 0.042279 0.030260
0 0.832972 0.785934 0.067107 0.044140
0 0.853600 0.906971 0.071235 0.055923
0 0.597615 0.409198 0.051105 0.036246
0 0.400121 0.435020 0.058944 0.043580
0 0.707423 0.319922 0.049862 0.034508
0 0.865992 0.971367 0.087781 0.052129
0 0.530473 0.386955 0.045922 0.035578
0 0.374149 0.516486 0.062897 0.044854
0 0.587594 0.299279 0.045241 0.036415
0 0.718856 0.377710 0.050147 0.034491
0 0.668758 0.979929 0.061222 0.035752
0 0.585994 0.324053 0.041687 0.035137
0 0.683721 0.185597 0.040251 0.036608
0 0.406694 0.384190 0.058668 0.043957
0 0.613749 0.513854 0.057225 0.041152
0 0.580128 0.907527 0.071782 0.057592
0 0.528379 0.357272 0.053419 0.033804
0 0.591814 0.356646 0.048411 0.032552
0 0.589727 0.279647 0.035891 0.031300
0 0.583467 0.256485 0.040064 0.030048
0 0.581798 0.230819 0.043403 0.033804
0 0.580546 0.215795 0.045907 0.031300
0 0.574286 0.191381 0.043403 0.030048
0 0.686548 0.212039 0.042568 0.026292