0 0.383984 0.716885 0.062160 0.050600
0 0.379955 0.660491 0.071815 0.058945
0 0.389162 0.765191 0.070013 0.055859
0 0.817146 0.765214 0.082834 0.052795
0 0.387070 0.830654 0.062906 0.051752
0 0.777373 0.575560 0.073136 0.047328
0 0.785567 0.620827 0.070767 0.048741
0 0.745384 0.480083 0.061540 0.042204
0 0.765975 0.522399 0.062428 0.045672
0 0.799064 0.714145 0.075586 0.054202
0 0.379544 0.618496 0.058267 0.045101
0 0.552512 0.712382 0.076741 0.053606
0 0.836836 0.825785 0.074899 0.058162
0 0.582603 0.271156 0.036623 0.037710
0 0.796499 0.666704 0.070535 0.050830
0 0.383064 0.572430 0.066342 0.056344
0 0.565504 0.758387 0.073615 0.053641
0 0.739842 0.443077 0.059281 0.042002
0 0.411424 0.357479 0.058661 0.043471
0 0.384431 0.536455 0.067062 0.044042
0 0.632531 0.718135 0.067810 0.051782
0 0.568919 0.817983 0.072308 0.059074
0 0.627612 0.666869 0.062778 0.049420
0 0.734122 0.406814 0.065077 0.044667
0 0.841940 0.882692 0.074375 0.057483
0 0.617882 0.584238 0.066146 0.050534
0 0.616949 0.627529 0.059946 0.048667
0 0.389863 0.498246 0.048602 0.041777
0 0.651649 0.818357 0.077061 0.060785
0 0.612425 0.536947 0.057229 0.051714
0 0.551472 0.659292 0.051110 0.049462
0 0.657174 0.886793 0.068002 0.054281
0 0.709701 0.348481 0.052227 0.039519
0 0.646215 0.766384 0.055887 0.046798
0 0.721332 0.374318 0.052968 0.041067
0 0.591729 0.343279 0.052947 0.041903
0 0.604089 0.498078 0.055983 0.048812
0 0.555077 0.612465 0.050486 0.048126
0 0.604058 0.429868 0.055639 0.046364
0 0.540280 0.564706 0.057100 0.047434
0 0.603082 0.464318 0.050915 0.045072
0 0.696403 0.288383 0.041455 0.040202
0 0.598058 0.394399 0.050206 0.036253
0 0.536708 0.486639 0.060925 0.041321
0 0.594414 0.367189 0.053227 0.046521
0 0.689651 0.261145 0.046988 0.028375
0 0.661119 0.130921 0.038450 0.034328
0 0.575774 0.881388 0.069130 0.053152
0 0.853917 0.957201 0.077790 0.056498
0 0.539229 0.527544 0.048411 0.043820
0 0.579711 0.960111 0.085971 0.060096
0 0.573868 0.143179 0.045907 0.041316