0 0.573088 0.726595 0.074753 0.051706
0 0.567444 0.838923 0.072092 0.055150
0 0.658746 0.838857 0.073012 0.053392
0 0.567949 0.781012 0.069154 0.054486
0 0.646226 0.774372 0.071549 0.054538
0 0.802654 0.727852 0.080846 0.051172
0 0.788615 0.633613 0.070608 0.048880
0 0.637602 0.677090 0.059336 0.047409
0 0.587350 0.972048 0.085560 0.050905
0 0.780614 0.587005 0.069970 0.054753
0 0.848767 0.896357 0.072873 0.053965
0 0.746556 0.479824 0.059831 0.043398
0 0.395263 0.725726 0.070247 0.058040
0 0.663090 0.902100 0.066832 0.056829
0 0.644149 0.723389 0.061858 0.052520
0 0.854900 0.964362 0.086892 0.056836
0 0.575608 0.897015 0.069106 0.055762
0 0.567964 0.676556 0.068064 0.050247
0 0.562270 0.628763 0.050451 0.044961
0 0.618392 0.547988 0.058503 0.048086
0 0.384290 0.839684 0.084240 0.070671
0 0.602287 0.383669 0.041606 0.040840
0 0.830773 0.834219 0.091745 0.060729
0 0.819878 0.775286 0.061415 0.054427
0 0.628292 0.628454 0.053806 0.051165
0 0.399525 0.673851 0.061011 0.053418
0 0.387181 0.618991 0.065369 0.051784
0 0.752016 0.520700 0.064449 0.045879
0 0.208238 0.757415 0.067172 0.153033
0 0.378479 0.919258 0.076176 0.060495
0 0.801445 0.679622 0.061997 0.049466
0 0.626061 0.589652 0.063095 0.045072
0 0.616628 0.509974 0.061814 0.043542
0 0.392081 0.777262 0.060664 0.057936
0 0.684529 0.971149 0.075959 0.053496