0 0.569199 0.903561 0.084978 0.062279
0 0.642700 0.782832 0.074852 0.055221
0 0.668359 0.967887 0.084410 0.056491
0 0.566908 0.839587 0.074579 0.056582
0 0.643092 0.727721 0.060534 0.047083
0 0.790686 0.634762 0.062734 0.050280
0 0.804342 0.680599 0.080673 0.050104
0 0.627214 0.633216 0.059687 0.047448
0 0.399232 0.633770 0.067656 0.052552
0 0.580386 0.969063 0.087517 0.055872
0 0.746139 0.484255 0.061984 0.042793
0 0.639199 0.682321 0.050977 0.045046
0 0.853257 0.967653 0.084848 0.057819
0 0.620362 0.589323 0.054388 0.044492
0 0.811497 0.727539 0.072370 0.052370
0 0.826823 0.778503 0.069245 0.050599
0 0.844160 0.895075 0.087079 0.062259
0 0.659284 0.898200 0.066224 0.059590
0 0.834006 0.833675 0.074375 0.054915
0 0.691196 0.241559 0.039891 0.034798
0 0.378800 0.859255 0.062635 0.058158