0 0.865128 0.895329 0.089423 0.054772
0 0.736977 0.431605 0.057296 0.039525
0 0.841717 0.840280 0.083459 0.051406
0 0.875028 0.969404 0.086124 0.055436
0 0.797292 0.629873 0.062396 0.043717
0 0.810822 0.675739 0.078060 0.049759
0 0.544996 0.482572 0.051363 0.039805
0 0.390590 0.804499 0.061484 0.052135
0 0.392240 0.751839 0.071354 0.056504
0 0.780030 0.583721 0.070981 0.045189
0 0.378674 0.855335 0.063563 0.056868
0 0.388717 0.593613 0.066003 0.046159
0 0.756949 0.502126 0.064436 0.042598
0 0.589438 0.957995 0.084136 0.063008
0 0.745903 0.466689 0.059175 0.039264
0 0.382020 0.693083 0.079102 0.061152
0 0.564646 0.826663 0.070829 0.056139
0 0.820265 0.728171 0.077891 0.049362
0 0.577906 0.885059 0.072296 0.057214
0 0.661311 0.881598 0.075321 0.056908
0 0.379941 0.934326 0.080013 0.062129
0 0.385831 0.636022 0.065951 0.050143
0 0.570566 0.761051 0.073650 0.054785
0 0.394987 0.466934 0.058915 0.047461
0 0.564757 0.705101 0.072109 0.051647
0 0.766187 0.539079 0.060734 0.044408
0 0.547105 0.607109 0.057135 0.042565
0 0.617689 0.509268 0.060334 0.044121
0 0.590740 0.381947 0.056315 0.036628
0 0.547595 0.523919 0.059687 0.041133
0 0.553776 0.651354 0.070408 0.050482
0 0.650488 0.773190 0.066506 0.052083
0 0.731782 0.398236 0.056480 0.039674
0 0.627860 0.630798 0.057387 0.043027
0 0.836549 0.780944 0.072943 0.052747
0 0.671157 0.954277 0.063320 0.055352
0 0.599859 0.412894 0.058407 0.042754
0 0.657222 0.825407 0.068698 0.053158
0 0.712888 0.338187 0.054839 0.037754
0 0.639707 0.724268 0.055004 0.042051
0 0.634657 0.674372 0.065113 0.047441
0 0.618359 0.591195 0.060807 0.045150
0 0.624536 0.550573 0.063837 0.046471
0 0.609542 0.475007 0.053416 0.041120
0 0.398092 0.509629 0.065890 0.043620
0 0.690532 0.240212 0.039379 0.035098
0 0.547385 0.560456 0.049449 0.043255
0 0.395115 0.546855 0.061471 0.048464
0 0.720942 0.368031 0.058655 0.036960
0 0.610610 0.443402 0.045221 0.037129