0 0.801341 0.689457 0.077349 0.047744
0 0.773650 0.574152 0.054922 0.043025
0 0.785494 0.643535 0.065535 0.052977
0 0.844354 0.847249 0.087533 0.048464
0 0.747858 0.464307 0.058876 0.045053
0 0.848785 0.904704 0.073032 0.055333
0 0.815463 0.740616 0.071259 0.051085
0 0.756247 0.500445 0.056552 0.046389
0 0.824041 0.793291 0.070726 0.050519
0 0.390866 0.555728 0.063651 0.046081
0 0.643883 0.735906 0.061830 0.048822
0 0.652887 0.787550 0.060144 0.050078
0 0.743114 0.425135 0.056464 0.043136
0 0.402203 0.482437 0.054821 0.041062
0 0.727553 0.368611 0.054104 0.033276
0 0.595648 0.321380 0.051320 0.041411
0 0.608931 0.451421 0.053754 0.037888
0 0.566814 0.731475 0.068152 0.049276
0 0.616502 0.419635 0.053816 0.040609
0 0.570488 0.789545 0.077834 0.054911
0 0.628595 0.599581 0.065701 0.048876
0 0.706634 0.313453 0.054147 0.030051
0 0.659597 0.843480 0.071900 0.053927
0 0.867766 0.974262 0.082795 0.046259
0 0.565567 0.678715 0.066725 0.047429
0 0.353892 0.733273 0.055480 0.050407
0 0.698540 0.265340 0.049309 0.035192
0 0.579127 0.215511 0.032330 0.033241
0 0.354319 0.787798 0.078124 0.055636
0 0.633756 0.682960 0.053902 0.046727
0 0.731050 0.397021 0.056429 0.042399
0 0.630088 0.642823 0.050202 0.038245
0 0.593195 0.353502 0.045648 0.035084
0 0.619072 0.518081 0.059495 0.039765
0 0.382927 0.635617 0.068780 0.051216
0 0.590522 0.288988 0.037639 0.031400
0 0.573573 0.189071 0.033766 0.034555
0 0.377690 0.685139 0.066271 0.051406
0 0.689592 0.233917 0.042085 0.033451
0 0.623391 0.558422 0.058224 0.046902
0 0.585822 0.261695 0.037023 0.030897
0 0.555787 0.586130 0.061166 0.045927
0 0.678905 0.194233 0.041157 0.033396
0 0.570752 0.844915 0.069723 0.056364
0 0.675513 0.973803 0.076695 0.047972
0 0.687079 0.214134 0.039219 0.025777
0 0.701768 0.289663 0.050524 0.037560
0 0.551700 0.473136 0.055351 0.038382
0 0.666253 0.906816 0.057714 0.052255
0 0.419037 0.346630 0.055088 0.036308
0 0.414864 0.387320 0.058427 0.045072
0 0.376469 0.856195 0.080128 0.056340
0 0.551332 0.513146 0.045907 0.038812
0 0.554253 0.548828 0.065104 0.042568
0 0.580963 0.910031 0.073451 0.051332
0 0.583050 0.974409 0.084302 0.049880
0 0.594735 0.387320 0.050915 0.037560