0 0.571332 0.899508 0.085078 0.058210
0 0.657658 0.834648 0.078016 0.060990
0 0.397042 0.579818 0.061072 0.049128
0 0.568296 0.776208 0.083737 0.060488
0 0.623362 0.590436 0.068572 0.045508
0 0.393023 0.725391 0.065803 0.050729
0 0.571834 0.834248 0.074371 0.053757
0 0.579457 0.967507 0.087986 0.058542
0 0.563746 0.724902 0.060712 0.048034
0 0.769950 0.591491 0.065464 0.041901
0 0.613971 0.508861 0.056979 0.045156
0 0.632815 0.676800 0.058485 0.046621
0 0.399136 0.625042 0.069575 0.047181
0 0.732867 0.445104 0.063754 0.041276
0 0.542342 0.473239 0.058468 0.041842
0 0.775907 0.630439 0.073524 0.050605
0 0.648340 0.778525 0.062652 0.051908
0 0.541908 0.584512 0.063928 0.047422
0 0.395334 0.786162 0.058498 0.055059
0 0.635326 0.725355 0.068394 0.049121
0 0.727852 0.411908 0.056528 0.038815
0 0.788281 0.674521 0.073108 0.050059
0 0.593852 0.381250 0.053034 0.038711
0 0.623418 0.630052 0.062799 0.049466
0 0.388494 0.848867 0.065616 0.052826
0 0.585890 0.280345 0.049349 0.037904
0 0.720197 0.384089 0.054865 0.035091
0 0.799019 0.728275 0.068620 0.054128
0 0.810803 0.773617 0.063724 0.049277
0 0.400247 0.539508 0.049575 0.042754
0 0.406717 0.469551 0.065595 0.047357
0 0.758533 0.511325 0.067439 0.046634
0 0.672431 0.964928 0.065356 0.056315
0 0.758006 0.551676 0.064848 0.047155
0 0.845592 0.894805 0.073164 0.058529
0 0.660924 0.899157 0.061510 0.053952
0 0.819412 0.826068 0.072227 0.054609
0 0.553255 0.627321 0.058516 0.042129
0 0.596324 0.411442 0.049627 0.038809
0 0.413307 0.374150 0.064583 0.048678
0 0.557776 0.670563 0.068945 0.052285
0 0.748772 0.478229 0.055165 0.042943
0 0.607120 0.473789 0.059466 0.040833
0 0.401925 0.506549 0.055907 0.040117
0 0.693084 0.281611 0.045143 0.035801
0 0.715883 0.357373 0.056523 0.032728
0 0.605178 0.439424 0.044983 0.041113
0 0.391984 0.910534 0.084818 0.066654
0 0.406951 0.435036 0.062261 0.044251
0 0.690658 0.237451 0.038728 0.033913
0 0.616879 0.546517 0.050460 0.041432
0 0.591769 0.324414 0.051723 0.036055
0 0.577046 0.231276 0.049093 0.033099
0 0.596489 0.350752 0.053767 0.039251
0 0.708394 0.328656 0.053802 0.042207
0 0.702923 0.308522 0.050117 0.032526
0 0.580247 0.254671 0.048776 0.034173