0 0.356240 0.651716 0.071163 0.052292
0 0.358723 0.754443 0.055170 0.050967
0 0.359420 0.805890 0.074856 0.057302
0 0.639789 0.730371 0.062807 0.052501
0 0.370216 0.561737 0.065839 0.049819
0 0.774823 0.592898 0.063001 0.050579
0 0.745416 0.470978 0.064872 0.039632
0 0.655146 0.845993 0.065311 0.055478
0 0.802921 0.683083 0.056593 0.048930
0 0.785650 0.640103 0.064516 0.043985
0 0.762274 0.544730 0.062855 0.044652
0 0.752633 0.508118 0.066358 0.039616
0 0.568180 0.837932 0.072678 0.052991
0 0.723665 0.411392 0.053168 0.041117
0 0.808924 0.734501 0.065438 0.042286
0 0.651254 0.783310 0.074119 0.049068
0 0.636172 0.681195 0.060423 0.045244
0 0.848660 0.840008 0.082261 0.056519
0 0.570025 0.778518 0.071156 0.049379
0 0.625021 0.634292 0.062017 0.049904
0 0.620569 0.587293 0.057254 0.049130
0 0.554756 0.667876 0.059654 0.047046
0 0.832273 0.788563 0.064654 0.050350
0 0.667000 0.902748 0.056797 0.049171
0 0.551529 0.581176 0.063083 0.044588
0 0.374190 0.516083 0.062782 0.045875
0 0.584992 0.972013 0.088010 0.050014
0 0.602334 0.444186 0.055029 0.037737
0 0.565716 0.725199 0.068306 0.050530
0 0.401183 0.471648 0.058250 0.045568
0 0.619551 0.549611 0.058230 0.043326
0 0.382012 0.875593 0.079059 0.060113
0 0.712201 0.345110 0.050319 0.039130
0 0.853774 0.907154 0.070271 0.053750
0 0.544688 0.537878 0.067337 0.046086
0 0.406660 0.384006 0.058618 0.043861
0 0.400237 0.434973 0.058311 0.041984
0 0.591008 0.356175 0.048509 0.038519
0 0.707559 0.319700 0.047352 0.032695
0 0.718349 0.380388 0.055759 0.040516
0 0.542000 0.498129 0.048784 0.041722
0 0.866800 0.971787 0.085761 0.050260
0 0.580928 0.898680 0.070380 0.058624
0 0.612038 0.512284 0.058224 0.045147
0 0.549219 0.625471 0.064216 0.051582
0 0.540778 0.466722 0.051715 0.036176
0 0.609177 0.485144 0.054842 0.051423
0 0.692428 0.232200 0.039156 0.032810
0 0.700639 0.294475 0.054451 0.029655
0 0.575184 0.194020 0.043275 0.029066
0 0.669438 0.980669 0.060096 0.037360
0 0.587223 0.328476 0.037560 0.035056
0 0.588892 0.283403 0.037560 0.035056
0 0.582215 0.256485 0.035891 0.033804
0 0.580128 0.218299 0.048411 0.035056
0 0.686966 0.210161 0.038395 0.028796
0 0.697817 0.270883 0.051749 0.035056