0 0.395254 0.665762 0.070673 0.051211
0 0.394976 0.773906 0.072478 0.057083
0 0.655122 0.783893 0.077535 0.053359
0 0.830662 0.841777 0.079119 0.050977
0 0.407715 0.836201 0.082296 0.053978
0 0.778019 0.593359 0.073060 0.045651
0 0.558066 0.668525 0.071411 0.050384
0 0.643422 0.720693 0.072261 0.051165
0 0.813759 0.784766 0.070477 0.052031
0 0.583121 0.968340 0.086901 0.056706
0 0.638574 0.671182 0.068416 0.050710
0 0.574551 0.772061 0.083112 0.063535
0 0.572702 0.900059 0.075082 0.055977
0 0.655597 0.844928 0.076419 0.057982
0 0.405512 0.378955 0.059332 0.045488
0 0.765736 0.555498 0.067487 0.044173
0 0.660796 0.901497 0.062591 0.055104
0 0.799803 0.683411 0.069397 0.048555
0 0.792678 0.636436 0.076189 0.051712
0 0.667053 0.969443 0.062491 0.050944
0 0.625712 0.579434 0.056085 0.043919
0 0.546118 0.541227 0.055473 0.041803
0 0.396471 0.715124 0.053229 0.049740
0 0.553175 0.581100 0.063937 0.046276
0 0.752530 0.514479 0.055547 0.047227
0 0.844902 0.906120 0.074918 0.054115
0 0.813290 0.731165 0.061562 0.052318
0 0.740358 0.453353 0.060369 0.045091
0 0.555017 0.624492 0.065877 0.048424
0 0.572528 0.834395 0.071089 0.057682
0 0.563034 0.715234 0.075200 0.052721
0 0.731730 0.419242 0.055647 0.040306
0 0.860332 0.963060 0.069727 0.054115
0 0.580571 0.201852 0.042322 0.032702
0 0.630339 0.620775 0.052491 0.050156