0 0.368890 0.741580 0.074089 0.054758
0 0.601935 0.251004 0.038680 0.035491
0 0.368441 0.683953 0.069884 0.053733
0 0.373844 0.634194 0.070153 0.048165
0 0.378519 0.592416 0.059458 0.044261
0 0.655987 0.820773 0.075977 0.057326
0 0.653420 0.738803 0.059379 0.049775
0 0.741786 0.451277 0.060599 0.038268
0 0.571444 0.818871 0.075706 0.055381
0 0.382607 0.549278 0.063207 0.048946
0 0.372594 0.809739 0.058827 0.049836
0 0.728921 0.384385 0.059652 0.039202
0 0.734151 0.416335 0.054302 0.038098
0 0.857205 0.920286 0.085725 0.053538
0 0.586886 0.950796 0.083805 0.057786
0 0.366123 0.873643 0.062139 0.052940
0 0.575676 0.735639 0.065887 0.049247
0 0.398124 0.378261 0.057204 0.043225
0 0.603528 0.300474 0.051691 0.036646
0 0.365489 0.931113 0.074495 0.055894
0 0.387272 0.512279 0.049138 0.036383
0 0.571495 0.886230 0.076217 0.056366
0 0.401866 0.415786 0.053420 0.036815
0 0.721658 0.358712 0.046573 0.033283
0 0.838202 0.791652 0.065533 0.048199
0 0.750789 0.489073 0.057544 0.036805
0 0.819777 0.740363 0.060390 0.045801
0 0.391346 0.448378 0.053329 0.033798
0 0.840158 0.854422 0.071153 0.053715
0 0.629525 0.552250 0.056614 0.039669
0 0.643546 0.686175 0.063236 0.047940
0 0.383022 0.484171 0.056509 0.041673
0 0.607246 0.354802 0.050933 0.039996
0 0.603590 0.321962 0.047605 0.034928
0 0.904345 0.977830 0.064864 0.041689
0 0.624053 0.514361 0.055459 0.041122
0 0.570947 0.679662 0.060096 0.051332
0 0.568026 0.636468 0.064269 0.042568
0 0.565939 0.585136 0.053419 0.045072
0 0.562600 0.545072 0.061765 0.042568
0 0.555505 0.507512 0.055923 0.037560
0 0.550080 0.471204 0.051749 0.042568
0 0.550497 0.439904 0.054253 0.040064
0 0.549663 0.406726 0.052584 0.036308
0 0.654414 0.884365 0.070112 0.055088
0 0.668186 0.968875 0.059261 0.053836
0 0.638138 0.643980 0.057592 0.047576
0 0.641059 0.596404 0.063435 0.047576
0 0.616019 0.481220 0.065104 0.040064
0 0.614767 0.447416 0.055923 0.040064
0 0.610176 0.411108 0.050080 0.040064
0 0.610594 0.384816 0.057592 0.040064
0 0.762921 0.522536 0.050080 0.042568
0 0.768346 0.559470 0.062600 0.043820
0 0.781283 0.602038 0.060096 0.043820
0 0.795473 0.648362 0.061765 0.048828
0 0.799646 0.695312 0.065104 0.050080