0 0.855030 0.961309 0.083681 0.060260
0 0.781421 0.635885 0.073503 0.048750
0 0.764850 0.547126 0.066610 0.042272
0 0.574071 0.769788 0.076415 0.053561
0 0.796760 0.685176 0.058503 0.045169
0 0.575738 0.824430 0.071623 0.054564
0 0.555189 0.576074 0.060447 0.044141
0 0.716727 0.369766 0.051528 0.039531
0 0.377489 0.949495 0.086072 0.066087
0 0.832611 0.783278 0.068286 0.054733
0 0.659510 0.774850 0.074002 0.057201
0 0.567042 0.669001 0.061228 0.045384
0 0.583496 0.884219 0.070213 0.057956
0 0.551602 0.498105 0.059427 0.043060
0 0.388928 0.756055 0.075894 0.057956
0 0.642754 0.675228 0.067374 0.049076
0 0.774240 0.588457 0.071363 0.048620
0 0.755612 0.510820 0.066241 0.040833
0 0.845252 0.837028 0.078264 0.053301
0 0.596389 0.957204 0.093038 0.070814
0 0.852025 0.894766 0.072062 0.053438
0 0.623605 0.549785 0.061298 0.045117
0 0.657550 0.832448 0.075751 0.057096
0 0.562511 0.620397 0.062522 0.048086
0 0.388223 0.882194 0.064926 0.059128
0 0.378828 0.821396 0.077179 0.058079
0 0.390651 0.647581 0.069479 0.054668
0 0.403837 0.403405 0.054531 0.042721
0 0.397240 0.563457 0.066146 0.049323
0 0.571602 0.716445 0.063090 0.050482
0 0.667402 0.891621 0.060082 0.052708
0 0.617062 0.510221 0.057474 0.042995
0 0.602769 0.317021 0.038854 0.038418
0 0.395655 0.703060 0.073941 0.052826
0 0.807001 0.735527 0.069705 0.054258
0 0.404238 0.367256 0.057070 0.041712
0 0.746050 0.465710 0.057214 0.040573
0 0.398696 0.527168 0.048355 0.039518
0 0.636111 0.631937 0.063212 0.045020
0 0.602203 0.406517 0.051141 0.042852
0 0.653661 0.720993 0.059640 0.048913
0 0.728155 0.400840 0.054227 0.040755
0 0.550417 0.535697 0.050799 0.041940
0 0.741691 0.431943 0.048424 0.041621
0 0.701502 0.290697 0.048108 0.034544
0 0.606113 0.441273 0.055013 0.040241
0 0.624694 0.590407 0.059744 0.045775
0 0.397157 0.605518 0.051102 0.045501
0 0.600436 0.353415 0.052582 0.035501
0 0.610549 0.475143 0.055074 0.039583
0 0.713429 0.341973 0.045017 0.032578
0 0.600349 0.378415 0.047964 0.033470
0 0.708390 0.316061 0.054696 0.037552
0 0.677420 0.976377 0.059345 0.047246