0 0.368456 0.669931 0.072431 0.050626
0 0.372759 0.770489 0.068654 0.055058
0 0.795907 0.713800 0.071905 0.049896
0 0.765140 0.526986 0.070199 0.045790
0 0.371321 0.721449 0.061645 0.051753
0 0.819814 0.766544 0.076637 0.057742
0 0.371435 0.826171 0.063397 0.053759
0 0.398789 0.304549 0.041053 0.036190
0 0.736036 0.416155 0.064780 0.043159
0 0.381712 0.494150 0.059442 0.049546
0 0.792888 0.657997 0.059274 0.047422
0 0.550820 0.662179 0.063707 0.047074
0 0.746600 0.449290 0.057914 0.041903
0 0.770560 0.569407 0.069324 0.046232
0 0.377129 0.572685 0.065987 0.053990
0 0.546433 0.615998 0.064243 0.048785
0 0.374895 0.617395 0.055479 0.047824
0 0.610687 0.492254 0.057218 0.042761
0 0.625504 0.660962 0.063941 0.051738
0 0.724977 0.385432 0.062735 0.042727
0 0.561083 0.761132 0.077571 0.057001
0 0.562848 0.709913 0.070572 0.050037
0 0.785146 0.609282 0.075108 0.048498
0 0.565677 0.219444 0.049886 0.042369
0 0.572912 0.264292 0.045170 0.041989
0 0.382557 0.534100 0.057560 0.039395
0 0.617557 0.612382 0.065540 0.046552
0 0.753940 0.484755 0.058494 0.048581
0 0.601418 0.457815 0.060133 0.047106
0 0.265339 0.424647 0.038285 0.111665
0 0.659286 0.152900 0.040718 0.031449
0 0.582633 0.360211 0.045049 0.039967
0 0.384778 0.460634 0.051472 0.037817
0 0.718394 0.361907 0.054510 0.040810
0 0.534439 0.496477 0.045507 0.040530
0 0.656110 0.880548 0.060396 0.049993
0 0.648659 0.820008 0.063029 0.052781
0 0.637312 0.711008 0.058973 0.046868
0 0.849447 0.943031 0.077117 0.054978
0 0.823725 0.817685 0.069424 0.048194
0 0.610270 0.529997 0.063619 0.047440
0 0.643046 0.761017 0.073195 0.049324
0 0.688277 0.244014 0.043487 0.033612
0 0.596704 0.422405 0.049358 0.040049
0 0.566871 0.815379 0.069406 0.055238
0 0.612274 0.571320 0.056273 0.042483
0 0.572915 0.331606 0.035653 0.043820
0 0.592185 0.392487 0.039108 0.032770
0 0.703117 0.334315 0.050665 0.033394
0 0.836415 0.877970 0.071984 0.053412
0 0.575584 0.872067 0.081180 0.056551
0 0.692150 0.273112 0.047323 0.033812
0 0.702954 0.303202 0.048167 0.027997
0 0.534221 0.458684 0.046741 0.040064
0 0.587640 0.951973 0.080128 0.057592
0 0.671107 0.953851 0.078459 0.061348
0 0.569695 0.304688 0.055923 0.030048