0 0.398396 0.787227 0.078841 0.057344
0 0.541591 0.429076 0.060768 0.045521
0 0.400365 0.721589 0.068924 0.052435
0 0.393279 0.665788 0.077348 0.058984
0 0.795686 0.635736 0.070356 0.047135
0 0.396951 0.615911 0.067383 0.050664
0 0.391007 0.843239 0.061684 0.054004
0 0.294104 0.607656 0.031272 0.064805
0 0.395202 0.497214 0.059510 0.043151
0 0.557791 0.542324 0.058828 0.042591
0 0.381578 0.963346 0.084857 0.064688
0 0.769993 0.547656 0.068346 0.045052
0 0.625629 0.545192 0.061033 0.046660
0 0.571832 0.675716 0.069375 0.050951
0 0.655825 0.781628 0.073437 0.054870
0 0.246565 0.610186 0.037357 0.078743
0 0.564677 0.624941 0.064180 0.046589
0 0.674362 0.244424 0.050642 0.036673
0 0.594043 0.970313 0.085065 0.056497
0 0.850423 0.894665 0.074232 0.056686
0 0.625306 0.585632 0.056202 0.043971
0 0.386408 0.896546 0.064293 0.055879
0 0.840690 0.832747 0.070295 0.051263
0 0.571293 0.727373 0.064583 0.049915
0 0.800213 0.682826 0.067726 0.048828
0 0.556120 0.503695 0.058073 0.042454
0 0.650076 0.727376 0.062721 0.049674
0 0.408383 0.384378 0.058572 0.045957
0 0.392016 0.458971 0.057574 0.040156
0 0.748843 0.476784 0.062478 0.044362
0 0.589885 0.318519 0.048702 0.036309
0 0.734978 0.435973 0.059696 0.044316
0 0.589562 0.900830 0.077934 0.059928
0 0.581599 0.262451 0.047027 0.035033
0 0.399282 0.575869 0.064874 0.044564
0 0.781810 0.590505 0.058785 0.048405
0 0.562780 0.581146 0.049214 0.044388
0 0.585165 0.833971 0.069644 0.054688
0 0.572769 0.780016 0.077344 0.055684
0 0.629996 0.625651 0.062300 0.049427
0 0.641361 0.674437 0.054891 0.051387
0 0.597980 0.375837 0.056775 0.037832
0 0.624360 0.506100 0.063234 0.046940
0 0.811970 0.731263 0.072873 0.051263
0 0.832066 0.777406 0.065720 0.054694
0 0.705130 0.346592 0.052813 0.038483
0 0.872849 0.954313 0.089544 0.060436
0 0.666374 0.898229 0.060464 0.053477
0 0.552645 0.467630 0.047305 0.039922
0 0.662053 0.840257 0.062630 0.052441
0 0.397144 0.536299 0.049497 0.041543
0 0.679026 0.273473 0.046949 0.034759
0 0.690948 0.297077 0.052461 0.037474
0 0.405553 0.423750 0.044084 0.039583
0 0.758570 0.514395 0.063407 0.040091
0 0.720401 0.404121 0.052843 0.039440
0 0.606135 0.404971 0.050230 0.037598
0 0.611441 0.435791 0.053377 0.039629
0 0.669329 0.971423 0.063963 0.056895
0 0.617376 0.467767 0.051966 0.045872
0 0.714095 0.376403 0.051150 0.035866
0 0.583631 0.289912 0.038902 0.035618
0 0.699533 0.322122 0.050386 0.033477