0 0.831239 0.792803 0.074633 0.051181
0 0.637390 0.737936 0.059080 0.046204
0 0.647570 0.791553 0.065753 0.050783
0 0.399423 0.786400 0.060603 0.052015
0 0.801126 0.684890 0.071403 0.045885
0 0.664933 0.851851 0.078465 0.056029
0 0.777954 0.587347 0.075269 0.048940
0 0.790045 0.634828 0.062595 0.053361
0 0.770021 0.546947 0.065949 0.041322
0 0.385170 0.843761 0.078181 0.056447
0 0.625044 0.640959 0.067342 0.046475
0 0.631029 0.687395 0.065807 0.047512
0 0.588777 0.849687 0.072386 0.054332
0 0.670107 0.912076 0.069753 0.055543
0 0.400163 0.732929 0.057191 0.046110
0 0.816109 0.737530 0.052958 0.048277
0 0.397752 0.633682 0.068816 0.049306
0 0.612402 0.554389 0.059626 0.042520
0 0.751653 0.507918 0.062600 0.044260
0 0.526205 0.403244 0.054118 0.039835
0 0.397640 0.390822 0.064044 0.048084
0 0.391586 0.681330 0.066529 0.050334
0 0.845257 0.842250 0.065815 0.053507
0 0.543574 0.588612 0.068806 0.046029
0 0.586988 0.908085 0.078136 0.058847
0 0.615756 0.594097 0.059940 0.049479
0 0.608449 0.514905 0.058305 0.041808
0 0.741816 0.469331 0.047935 0.043810
0 0.700514 0.312574 0.051362 0.033301
0 0.856683 0.906298 0.075351 0.050917
0 0.576228 0.780400 0.065550 0.051298
0 0.396845 0.591798 0.049417 0.038330
0 0.569398 0.722930 0.055731 0.048970
0 0.717682 0.362512 0.058607 0.040661
0 0.391945 0.907517 0.074720 0.052029
0 0.398229 0.555370 0.067348 0.045229
0 0.694724 0.264255 0.050572 0.036824
0 0.606528 0.414912 0.055708 0.040161
0 0.555617 0.671406 0.061629 0.045770
0 0.539267 0.437116 0.054491 0.038422
0 0.726877 0.393850 0.049980 0.040929
0 0.602199 0.977245 0.083144 0.040455
0 0.551567 0.629123 0.064738 0.047242
0 0.393756 0.512030 0.067962 0.046051
0 0.603195 0.477271 0.055032 0.040685
0 0.603667 0.309546 0.036771 0.037090
0 0.394832 0.438026 0.045072 0.043820
0 0.396918 0.471830 0.062600 0.036308
0 0.689470 0.977539 0.078459 0.043620
0 0.537560 0.546950 0.058427 0.038812
0 0.545072 0.509390 0.061765 0.043820
0 0.538395 0.471204 0.045072 0.037560
0 0.598908 0.444286 0.047576 0.041316
0 0.588475 0.382312 0.053419 0.040064
0 0.601412 0.356646 0.045907 0.038812
0 0.595152 0.223307 0.045072 0.035056
0 0.697399 0.290915 0.050915 0.030048
0 0.732038 0.431766 0.056757 0.041316
0 0.881026 0.975035 0.072616 0.048628