0 0.654069 0.839671 0.084640 0.057441
0 0.401461 0.630273 0.068555 0.053151
0 0.399416 0.724313 0.056359 0.046842
0 0.557337 0.722926 0.075326 0.051842
0 0.598446 0.410843 0.056701 0.042454
0 0.402179 0.544049 0.061033 0.050417
0 0.768496 0.590511 0.071593 0.047012
0 0.611280 0.509801 0.056788 0.046686
0 0.404661 0.679671 0.055859 0.048535
0 0.569911 0.840387 0.074110 0.058040
0 0.549553 0.546299 0.052344 0.041921
0 0.798546 0.677191 0.063984 0.051074
0 0.402760 0.590837 0.069071 0.047793
0 0.644868 0.782269 0.071324 0.054746
0 0.743084 0.477917 0.066671 0.046237
0 0.581259 0.969694 0.088186 0.054896
0 0.761439 0.548249 0.069388 0.048125
0 0.387049 0.781517 0.057387 0.054727
0 0.549766 0.586709 0.056267 0.046022
0 0.639058 0.717074 0.072665 0.056595
0 0.404301 0.407754 0.044635 0.043490
0 0.805384 0.721576 0.068207 0.053581
0 0.782168 0.632546 0.069015 0.051159
0 0.823800 0.773936 0.083494 0.059056
0 0.716039 0.358005 0.052982 0.039251
0 0.844972 0.896162 0.075447 0.057637
0 0.755026 0.514844 0.055208 0.038112
0 0.728783 0.418389 0.057244 0.038040
0 0.667702 0.973291 0.064023 0.047923
0 0.613531 0.546169 0.055135 0.041322
0 0.575477 0.899961 0.072604 0.062904
0 0.830263 0.834844 0.074266 0.057708
0 0.563340 0.778353 0.075109 0.056784
0 0.552585 0.627227 0.051610 0.047747
0 0.859868 0.964928 0.076688 0.059310
0 0.389475 0.838118 0.087040 0.063203
0 0.664158 0.906136 0.063759 0.051478
0 0.554240 0.674486 0.071753 0.053424
0 0.384594 0.904548 0.073537 0.061556
0 0.626181 0.631006 0.067318 0.050892
0 0.603234 0.445326 0.056649 0.041302
0 0.709115 0.330625 0.057578 0.039414
0 0.725297 0.389033 0.058850 0.036400
0 0.622435 0.586654 0.068151 0.048190
0 0.397910 0.470492 0.060569 0.039160
0 0.401664 0.504860 0.064023 0.044746
0 0.540549 0.509417 0.055629 0.044772
0 0.603830 0.474066 0.056246 0.042923
0 0.737984 0.445023 0.049119 0.037702
0 0.594451 0.381048 0.054049 0.036862
0 0.595744 0.328737 0.047270 0.034076
0 0.539076 0.472152 0.060174 0.043066
0 0.594201 0.352005 0.052222 0.038919
0 0.690697 0.239613 0.039214 0.035566
0 0.696630 0.282201 0.046350 0.036810
0 0.538633 0.441937 0.056406 0.038848
0 0.701947 0.308747 0.050334 0.032832