0 0.372732 0.769308 0.069878 0.053332
0 0.370755 0.825784 0.063979 0.052601
0 0.368547 0.670199 0.072499 0.052327
0 0.371653 0.721394 0.061934 0.051419
0 0.574015 0.267622 0.037586 0.030890
0 0.745817 0.451095 0.058073 0.040534
0 0.374859 0.617458 0.054394 0.047333
0 0.789540 0.658710 0.055210 0.045712
0 0.771768 0.569284 0.069474 0.043487
0 0.355428 0.879930 0.087527 0.070603
0 0.754118 0.488020 0.058320 0.041704
0 0.377334 0.575239 0.066918 0.046293
0 0.687801 0.244054 0.043594 0.036764
0 0.782404 0.610338 0.076686 0.053450
0 0.763005 0.529757 0.056385 0.047013
0 0.607687 0.531602 0.060792 0.047479
0 0.795138 0.714047 0.071423 0.047831
0 0.610215 0.492828 0.057020 0.045672
0 0.598773 0.456319 0.051371 0.042658
0 0.561536 0.760582 0.075827 0.052775
0 0.531185 0.496303 0.045727 0.040960
0 0.563660 0.710592 0.067636 0.047717
0 0.597714 0.421024 0.047302 0.032976
0 0.616413 0.613073 0.064887 0.045829
0 0.624985 0.661474 0.064008 0.048607
0 0.545489 0.619566 0.060931 0.046324
0 0.550915 0.664638 0.066774 0.051332
0 0.568860 0.815505 0.064269 0.050080
0 0.576790 0.879983 0.083467 0.058844
0 0.586388 0.950095 0.080963 0.061348
0 0.635634 0.714093 0.052584 0.042568
0 0.643980 0.767929 0.077624 0.052584
0 0.648988 0.823643 0.060931 0.053836
0 0.655248 0.881235 0.061765 0.053836
0 0.670690 0.950721 0.079294 0.052584
0 0.821347 0.762921 0.078459 0.055088
0 0.822599 0.822391 0.067608 0.053836
0 0.834702 0.884991 0.071782 0.056340
0 0.846805 0.943835 0.077624 0.058844
0 0.612263 0.573868 0.055923 0.037560