0 0.387327 0.731563 0.080877 0.061949
0 0.383767 0.679899 0.071428 0.052811
0 0.640596 0.734222 0.071153 0.055656
0 0.386966 0.632203 0.066188 0.051385
0 0.649938 0.787423 0.080466 0.064616
0 0.809760 0.743715 0.077502 0.053688
0 0.820499 0.792917 0.074250 0.056641
0 0.568826 0.785264 0.061921 0.058669
0 0.659200 0.847509 0.068593 0.054791
0 0.633716 0.687070 0.062435 0.049465
0 0.573358 0.844323 0.073710 0.059443
0 0.565120 0.733836 0.069994 0.050494
0 0.557107 0.640993 0.066074 0.046609
0 0.396582 0.547784 0.066764 0.049437
0 0.748887 0.491523 0.064647 0.043007
0 0.389489 0.785452 0.056975 0.050206
0 0.548930 0.516339 0.060104 0.044087
0 0.632706 0.642673 0.058226 0.049619
0 0.550831 0.554737 0.062046 0.049705
0 0.789246 0.647670 0.070894 0.049750
0 0.753886 0.527328 0.061756 0.041170
0 0.621484 0.557956 0.067308 0.051447
0 0.764969 0.563640 0.067511 0.050903
0 0.554822 0.592940 0.048425 0.046487
0 0.732438 0.421790 0.055962 0.036973
0 0.403352 0.475691 0.058722 0.042922
0 0.794966 0.697782 0.062780 0.047508
0 0.557365 0.683742 0.053333 0.049140
0 0.741182 0.453450 0.057767 0.041620
0 0.398137 0.510845 0.048160 0.039589
0 0.395628 0.583034 0.057813 0.053216
0 0.628782 0.601438 0.064476 0.047015
0 0.666522 0.911491 0.062016 0.053375
0 0.605332 0.416671 0.052286 0.038326
0 0.541611 0.380651 0.042275 0.040170
0 0.834748 0.843571 0.068900 0.051665
0 0.602111 0.382743 0.047473 0.038760
0 0.549436 0.413957 0.054566 0.038614
0 0.612541 0.451104 0.055961 0.041898
0 0.614617 0.515122 0.056755 0.041967
0 0.720291 0.371941 0.051914 0.041310
0 0.532680 0.351582 0.041653 0.035690
0 0.408520 0.373636 0.046039 0.040398
0 0.854165 0.912561 0.069582 0.056393
0 0.869320 0.975816 0.084343 0.042677
0 0.389141 0.849822 0.081493 0.056115
0 0.580681 0.184716 0.047305 0.030490
0 0.712232 0.340699 0.056518 0.037408
0 0.612258 0.485059 0.052490 0.038721
0 0.584593 0.973560 0.088165 0.048154
0 0.405707 0.406741 0.040966 0.041190
0 0.587173 0.241781 0.043120 0.031555
0 0.593915 0.333121 0.052614 0.034330
0 0.598800 0.360671 0.057809 0.029334
0 0.398620 0.439084 0.044038 0.043720
0 0.594332 0.261168 0.040035 0.029447
0 0.388231 0.917281 0.084983 0.055815
0 0.599535 0.311093 0.044653 0.034765
0 0.578241 0.160022 0.045508 0.028678
0 0.224094 0.706298 0.039302 0.079424
0 0.415281 0.342248 0.040899 0.030048
0 0.580963 0.908779 0.065104 0.053836
0 0.677367 0.983799 0.062600 0.031100
0 0.598074 0.286533 0.049245 0.026292
0 0.590144 0.219551 0.038395 0.025040
0 0.572199 0.145057 0.042568 0.023788
0 0.707833 0.317834 0.051749 0.026292
0 0.700321 0.297801 0.053419 0.026292
0 0.691974 0.272761 0.050080 0.026292
0 0.689887 0.250225 0.042568 0.026292
0 0.687800 0.229567 0.041733 0.025040
0 0.676532 0.208909 0.049245 0.023788
0 0.673611 0.187625 0.045072 0.026292
0 0.671942 0.162585 0.046741 0.031300