0 0.413396 0.456625 0.063508 0.046375
0 0.406879 0.901621 0.077900 0.057000
0 0.414861 0.619160 0.065202 0.049059
0 0.685220 0.260815 0.038173 0.032815
0 0.406218 0.962722 0.064807 0.059280
0 0.559997 0.503148 0.060235 0.043922
0 0.417788 0.577997 0.059978 0.047108
0 0.556514 0.467801 0.049421 0.037707
0 0.615886 0.310857 0.037697 0.037149
0 0.704460 0.301331 0.054802 0.034449
0 0.611018 0.353124 0.052299 0.038483
0 0.413515 0.497797 0.059120 0.035793
0 0.740033 0.445557 0.056634 0.037498
0 0.747383 0.477590 0.059665 0.041747
0 0.595000 0.382001 0.055645 0.035419
0 0.416486 0.828418 0.061187 0.051362
0 0.566166 0.546200 0.057575 0.039997
0 0.415890 0.535934 0.050265 0.038066
0 0.419460 0.764076 0.058283 0.051431
0 0.715255 0.326052 0.051399 0.030473
0 0.602474 0.413762 0.056117 0.037710
0 0.635214 0.581609 0.055018 0.049097
0 0.413700 0.709803 0.067833 0.048551
0 0.624571 0.509380 0.047109 0.033996
0 0.626358 0.542288 0.049375 0.032104
0 0.612740 0.443146 0.053586 0.041419
0 0.728562 0.410219 0.057893 0.038272
0 0.601351 0.252270 0.038332 0.032086
0 0.410829 0.660873 0.068372 0.050513
0 0.715885 0.354703 0.047902 0.031375
0 0.572154 0.586312 0.066432 0.045568
0 0.617879 0.475269 0.051717 0.040063
0 0.751900 0.511687 0.059614 0.044592
0 0.570947 0.634590 0.063435 0.043820
0 0.580546 0.680914 0.052584 0.046324
0 0.585136 0.734751 0.068443 0.048828
0 0.585554 0.788587 0.077624 0.053836
0 0.590562 0.844301 0.069278 0.055088
0 0.582215 0.908153 0.067608 0.055088
0 0.600160 0.971279 0.078459 0.056140
0 0.682792 0.975135 0.063435 0.043820
0 0.676741 0.843675 0.067191 0.053836
0 0.667351 0.789839 0.065939 0.048828
0 0.656500 0.734125 0.060931 0.050080
0 0.640224 0.637720 0.061765 0.045072
0 0.649823 0.685296 0.069278 0.045072
0 0.765425 0.551332 0.048411 0.045072
0 0.774189 0.593900 0.070947 0.047576
0 0.790882 0.642102 0.067608 0.046324
0 0.809245 0.684670 0.059261 0.053836
0 0.810914 0.740385 0.074286 0.057592
0 0.832616 0.794847 0.070947 0.046324
0 0.843049 0.851187 0.080128 0.056340
0 0.855152 0.912535 0.072616 0.048828
0 0.877270 0.972631 0.093483 0.048828
0 0.725361 0.384190 0.057592 0.036308