0 0.399612 0.574160 0.066280 0.048815
0 0.830527 0.841787 0.079970 0.052051
0 0.408470 0.896660 0.076306 0.058568
0 0.395388 0.773486 0.074266 0.057559
0 0.777845 0.592497 0.073034 0.046296
0 0.799785 0.682158 0.068303 0.049655
0 0.573600 0.770957 0.083286 0.065208
0 0.819290 0.784880 0.081602 0.052103
0 0.845675 0.905736 0.074449 0.054375
0 0.793602 0.635420 0.075009 0.052116
0 0.407487 0.836055 0.081840 0.056367
0 0.572852 0.900527 0.076189 0.060781
0 0.656220 0.783796 0.077752 0.056393
0 0.812491 0.728610 0.061137 0.052480
0 0.557715 0.667044 0.071740 0.049154
0 0.583678 0.365713 0.055907 0.044512
0 0.582706 0.969701 0.086688 0.060599
0 0.540868 0.465163 0.053012 0.041758
0 0.399559 0.619876 0.069961 0.049401
0 0.660825 0.902438 0.062656 0.055488
0 0.741265 0.452617 0.061445 0.046810
0 0.766910 0.554281 0.070556 0.044069
0 0.404961 0.453724 0.049957 0.040286
0 0.401070 0.529993 0.059657 0.044857
0 0.589859 0.403050 0.056602 0.041361
0 0.402908 0.491562 0.059965 0.043828
0 0.613314 0.538096 0.055777 0.044277
0 0.394902 0.663753 0.071332 0.054382
0 0.404894 0.375924 0.056793 0.045339
0 0.609058 0.498958 0.055590 0.044297
0 0.857268 0.961663 0.071376 0.053665
0 0.756317 0.512985 0.063824 0.046270
0 0.642648 0.722656 0.069661 0.053503
0 0.404889 0.417878 0.044102 0.039961
0 0.572342 0.834766 0.070577 0.058971
0 0.551749 0.580973 0.063924 0.045189
0 0.731704 0.420459 0.057487 0.040046
0 0.638453 0.671735 0.067452 0.051230
0 0.554353 0.624349 0.066918 0.046797
0 0.546046 0.540534 0.057222 0.042878
0 0.395790 0.715456 0.055590 0.052565
0 0.562461 0.715228 0.073906 0.053646
0 0.544314 0.502588 0.050391 0.041022
0 0.656536 0.845505 0.073845 0.057663
0 0.631055 0.621644 0.055842 0.050020
0 0.625714 0.578281 0.057695 0.042630
0 0.671463 0.970635 0.068984 0.056712
0 0.603244 0.464906 0.046810 0.040540
0 0.705720 0.311048 0.042630 0.033099
0 0.677316 0.217777 0.046567 0.033171
0 0.722799 0.391520 0.055399 0.035592
0 0.714416 0.339508 0.047799 0.032194
0 0.597012 0.328678 0.042930 0.038477
0 0.597057 0.435046 0.053134 0.040990
0 0.692101 0.264111 0.052578 0.035618
0 0.592977 0.299772 0.040295 0.036914
0 0.721419 0.362975 0.046120 0.033555
0 0.703631 0.287591 0.046098 0.033164
0 0.685877 0.240358 0.048767 0.028464