0 0.395602 0.614186 0.063866 0.049177
0 0.404979 0.666306 0.070233 0.053186
0 0.301098 0.839153 0.086306 0.057739
0 0.396036 0.889682 0.064506 0.058927
0 0.400924 0.772703 0.055471 0.046140
0 0.705450 0.341871 0.051506 0.036806
0 0.407700 0.959296 0.074792 0.055639
0 0.598952 0.361487 0.040464 0.037305
0 0.881199 0.959189 0.089219 0.056455
0 0.401042 0.522435 0.065465 0.052847
0 0.599008 0.292212 0.051113 0.039975
0 0.782273 0.628319 0.069668 0.044869
0 0.744596 0.463402 0.058238 0.039771
0 0.699069 0.312826 0.042568 0.038812
0 0.751968 0.497776 0.062552 0.042531
0 0.604031 0.319943 0.039948 0.036207
0 0.765963 0.535086 0.053562 0.045197
0 0.685350 0.264686 0.046635 0.032677
0 0.589310 0.203901 0.046741 0.031300
0 0.560703 0.595346 0.061237 0.045499
0 0.595119 0.246393 0.038461 0.036156
0 0.730743 0.427330 0.054339 0.042461
0 0.620224 0.520079 0.064805 0.047292
0 0.685387 0.221887 0.041894 0.031554
0 0.829074 0.788163 0.067282 0.050774
0 0.584054 0.885159 0.078831 0.057911
0 0.729534 0.392660 0.041733 0.036895
0 0.402209 0.482954 0.061282 0.041829
0 0.803002 0.724879 0.055122 0.051044
0 0.614077 0.475541 0.049880 0.039184
0 0.412332 0.449248 0.053342 0.037533
0 0.548885 0.442056 0.053730 0.036238
0 0.792914 0.675243 0.063010 0.050364
0 0.623425 0.561175 0.058135 0.045523
0 0.607983 0.445922 0.047559 0.031354
0 0.776004 0.580422 0.057884 0.049492
0 0.553160 0.477670 0.057043 0.041237
0 0.555629 0.512559 0.052695 0.041275
0 0.644928 0.699254 0.062374 0.052214
0 0.844799 0.842843 0.064461 0.049921
0 0.641742 0.648815 0.067077 0.047229
0 0.634960 0.605518 0.060610 0.049382
0 0.610639 0.414763 0.040649 0.032458
0 0.590979 0.966371 0.090144 0.063852
0 0.574703 0.697191 0.065939 0.048828
0 0.576790 0.751653 0.073451 0.052584
0 0.584719 0.805489 0.069278 0.052584
0 0.664847 0.897511 0.059261 0.051332
0 0.676950 0.965745 0.071782 0.060096
0 0.663178 0.813001 0.072616 0.057592
0 0.657752 0.757913 0.060096 0.050080
0 0.555923 0.552584 0.058427 0.045072
0 0.540481 0.407978 0.049245 0.033804
0 0.542985 0.377304 0.042568 0.035056
0 0.593900 0.227063 0.047576 0.037560
0 0.685296 0.244591 0.048411 0.027544
0 0.698234 0.290289 0.045907 0.031300
0 0.855569 0.901893 0.060096 0.050080