0 0.795229 0.712264 0.071117 0.048631
0 0.763830 0.525181 0.069686 0.044390
0 0.373765 0.768222 0.070567 0.053512
0 0.770211 0.568037 0.068789 0.044759
0 0.817843 0.761235 0.073519 0.050204
0 0.624830 0.659442 0.064746 0.051372
0 0.735361 0.414053 0.064067 0.043694
0 0.367893 0.669023 0.072254 0.050476
0 0.745865 0.448555 0.057335 0.043056
0 0.791798 0.655785 0.059862 0.045931
0 0.371004 0.720933 0.060396 0.051067
0 0.561404 0.759293 0.078057 0.053298
0 0.783247 0.609524 0.076101 0.049294
0 0.648083 0.818452 0.066199 0.048992
0 0.568277 0.813045 0.068005 0.057393
0 0.727272 0.383662 0.068927 0.042371
0 0.607770 0.490754 0.064658 0.043611
0 0.754062 0.482880 0.058646 0.051218
0 0.562682 0.708510 0.069835 0.050478
0 0.717123 0.357281 0.055307 0.032534
0 0.848280 0.941437 0.078012 0.056127
0 0.377387 0.826023 0.077597 0.053385
0 0.573621 0.266671 0.037513 0.029825
0 0.550632 0.660916 0.062780 0.044731
0 0.823852 0.822317 0.070112 0.056488
0 0.617481 0.610915 0.065754 0.046175
0 0.654800 0.876350 0.058616 0.052100
0 0.641165 0.758858 0.069438 0.047533
0 0.835942 0.878505 0.074385 0.051856
0 0.566038 0.219002 0.044754 0.039353
0 0.634808 0.709819 0.054937 0.042467
0 0.596420 0.419575 0.050503 0.037202
0 0.374260 0.615529 0.054985 0.048210
0 0.381485 0.496582 0.058793 0.041641
0 0.612374 0.572609 0.057203 0.044710
0 0.575423 0.874287 0.080733 0.062725
0 0.545354 0.612989 0.061974 0.045988
0 0.593310 0.395543 0.042079 0.041146
0 0.692047 0.271163 0.046958 0.035535
0 0.377636 0.571270 0.066161 0.048989
0 0.687225 0.243233 0.041731 0.028820
0 0.383446 0.532752 0.058914 0.039580
0 0.600888 0.455656 0.060310 0.046119
0 0.708374 0.334684 0.051440 0.037937
0 0.609091 0.529174 0.063266 0.046086
0 0.529631 0.500626 0.045907 0.033804
0 0.531717 0.461188 0.045072 0.042568
0 0.584719 0.951973 0.082632 0.070112
0 0.669438 0.951347 0.078459 0.061348
0 0.584302 0.364158 0.045072 0.033804
0 0.573868 0.332858 0.045907 0.043820
0 0.569695 0.306566 0.054253 0.031300
0 0.704077 0.304061 0.047576 0.038812
0 0.660256 0.154447 0.045072 0.032552