0 0.650697 0.806149 0.072921 0.053332
0 0.394793 0.861697 0.064516 0.055043
0 0.645217 0.750770 0.065073 0.051845
0 0.617879 0.558184 0.059668 0.045914
0 0.383508 0.916562 0.054778 0.051140
0 0.401646 0.804584 0.077750 0.061716
0 0.666311 0.924128 0.057338 0.053998
0 0.636886 0.696565 0.058427 0.055088
0 0.407519 0.745730 0.056422 0.054413
0 0.658796 0.864392 0.063431 0.048781
0 0.838222 0.835341 0.079675 0.055380
0 0.850755 0.904563 0.073674 0.051419
0 0.540452 0.407549 0.053745 0.039821
0 0.586477 0.876553 0.073450 0.061967
0 0.794443 0.672612 0.063528 0.050174
0 0.594736 0.980089 0.082630 0.033696
0 0.623885 0.649631 0.061058 0.051299
0 0.826107 0.775639 0.077961 0.054692
0 0.800510 0.718072 0.076044 0.048330
0 0.862847 0.972097 0.085193 0.050254
0 0.408186 0.697191 0.070112 0.046324
0 0.133163 0.953851 0.094318 0.076372
0 0.676950 0.980769 0.070112 0.035056
0 0.622696 0.600160 0.070112 0.052584
0 0.785039 0.630834 0.069278 0.046324
0 0.767303 0.575120 0.059679 0.047576
0 0.758121 0.537560 0.063017 0.037560
0 0.757913 0.503130 0.053419 0.038812
0 0.709085 0.340996 0.047576 0.042568