0 0.825727 0.792309 0.082339 0.056637
0 0.768373 0.562790 0.064530 0.042234
0 0.378213 0.790394 0.067514 0.052113
0 0.790232 0.644612 0.075600 0.048175
0 0.386275 0.727707 0.075261 0.057725
0 0.389939 0.549047 0.062226 0.043844
0 0.633307 0.681479 0.068992 0.053086
0 0.819066 0.741616 0.062179 0.053425
0 0.748604 0.491798 0.062456 0.046157
0 0.778587 0.602348 0.068236 0.052138
0 0.589386 0.174996 0.035358 0.034671
0 0.799303 0.690406 0.071701 0.059888
0 0.619860 0.443845 0.056356 0.045315
0 0.712986 0.364417 0.060422 0.043778
0 0.843783 0.848866 0.087166 0.063558
0 0.388129 0.508343 0.064144 0.040352
0 0.543990 0.513830 0.061271 0.047693
0 0.572220 0.844233 0.072198 0.056500
0 0.622341 0.594691 0.063139 0.054158
0 0.554164 0.735057 0.057030 0.054235
0 0.542112 0.411076 0.062879 0.047743
0 0.634342 0.636380 0.049540 0.044380
0 0.613134 0.477442 0.059651 0.041243
0 0.647636 0.787544 0.064760 0.057004
0 0.554966 0.678344 0.066112 0.045496
0 0.614785 0.511928 0.065904 0.041383
0 0.635731 0.733157 0.068410 0.053468
0 0.600084 0.307489 0.039127 0.033547
0 0.723403 0.396414 0.056547 0.039880
0 0.654091 0.847449 0.080775 0.056304
0 0.606470 0.404750 0.060831 0.044877
0 0.387271 0.848415 0.067508 0.057317
0 0.703751 0.298086 0.054905 0.034372
0 0.392017 0.675898 0.069888 0.050374
0 0.731621 0.424880 0.055923 0.045072
0 0.544105 0.480514 0.052850 0.041566
0 0.659526 0.911363 0.069904 0.061188
0 0.699203 0.270388 0.050646 0.036570
0 0.571255 0.782630 0.056162 0.050545
0 0.687319 0.228083 0.047449 0.030513
0 0.554151 0.589996 0.062548 0.043976
0 0.740779 0.455443 0.052629 0.036086
0 0.621962 0.554002 0.057812 0.047063
0 0.571727 0.901948 0.078992 0.061778
0 0.544291 0.442948 0.046743 0.041626
0 0.850561 0.914413 0.075120 0.062600
0 0.557428 0.632672 0.059400 0.047985
0 0.389428 0.911867 0.088345 0.068938
0 0.600293 0.378253 0.054823 0.041963
0 0.396939 0.414291 0.055881 0.053943
0 0.594448 0.974338 0.080957 0.047038
0 0.868880 0.975236 0.084055 0.045295
0 0.388154 0.970753 0.075120 0.055088
0 0.682375 0.975661 0.080963 0.047376
0 0.693643 0.247721 0.045072 0.023788