0 0.612358 0.373583 0.041958 0.039398
0 0.405241 0.373746 0.058507 0.047401
0 0.398715 0.733119 0.064938 0.050039
0 0.401025 0.843413 0.064591 0.051165
0 0.762695 0.540005 0.067572 0.045132
0 0.815924 0.759716 0.075271 0.052381
0 0.790630 0.637328 0.068962 0.045721
0 0.611097 0.456973 0.054236 0.039407
0 0.798565 0.679377 0.062739 0.048821
0 0.399191 0.682667 0.052178 0.048227
0 0.567452 0.649736 0.064267 0.048099
0 0.617708 0.494576 0.055971 0.044118
0 0.600106 0.250749 0.038503 0.032347
0 0.623091 0.533641 0.060071 0.042784
0 0.647023 0.662682 0.056686 0.046113
0 0.401219 0.788059 0.072878 0.054722
0 0.770885 0.586203 0.070506 0.046671
0 0.652915 0.713686 0.066331 0.045688
0 0.559170 0.605174 0.051797 0.046684
0 0.397557 0.635446 0.068296 0.049359
0 0.743328 0.469283 0.055494 0.036426
0 0.637539 0.613110 0.060915 0.048923
0 0.849928 0.880619 0.070977 0.048445
0 0.627854 0.573480 0.054940 0.039858
0 0.835722 0.819394 0.074147 0.050728
0 0.730369 0.409856 0.058427 0.040064
0 0.741219 0.442408 0.048411 0.037560
0 0.750401 0.504382 0.066774 0.038812
0 0.869341 0.942583 0.074286 0.063852
0 0.659422 0.776693 0.075120 0.052584
0 0.667351 0.834285 0.072616 0.057592
0 0.665264 0.896885 0.071782 0.057592
0 0.666516 0.958233 0.065939 0.057592
0 0.567191 0.701573 0.072616 0.050080
0 0.570947 0.751027 0.068443 0.051332
0 0.580963 0.806741 0.075120 0.057592
0 0.582632 0.874349 0.080128 0.062600