0 0.774468 0.583883 0.073633 0.047402
0 0.653375 0.903187 0.078329 0.060215
0 0.825942 0.775068 0.070391 0.053079
0 0.390753 0.752809 0.073815 0.061816
0 0.576786 0.969108 0.087096 0.055026
0 0.558092 0.718047 0.068485 0.054427
0 0.643622 0.831644 0.073563 0.055736
0 0.787684 0.631296 0.071931 0.051367
0 0.562891 0.772350 0.067378 0.053372
0 0.563286 0.826045 0.071788 0.055618
0 0.666617 0.967318 0.088746 0.057812
0 0.629527 0.724183 0.069401 0.054421
0 0.849514 0.894170 0.071181 0.054303
0 0.388735 0.808216 0.078034 0.056133
0 0.714542 0.358203 0.054553 0.038620
0 0.757832 0.502253 0.066437 0.043151
0 0.653854 0.385094 0.042335 0.054759
0 0.546335 0.471758 0.059414 0.039948
0 0.813236 0.720641 0.076393 0.056777
0 0.723435 0.390016 0.058286 0.039447
0 0.571823 0.894199 0.072031 0.062630
0 0.799833 0.674935 0.058841 0.049427
0 0.390471 0.699502 0.056220 0.051673
0 0.550356 0.664010 0.073776 0.052266
0 0.829054 0.829648 0.063594 0.051693
0 0.540315 0.435426 0.053303 0.040632
0 0.623483 0.673470 0.061862 0.046628
0 0.545725 0.572445 0.049418 0.044473
0 0.396382 0.564453 0.068529 0.046419
0 0.764920 0.539355 0.062852 0.047682
0 0.638060 0.773434 0.058212 0.051152
0 0.601217 0.452064 0.056046 0.044010
0 0.745449 0.464570 0.063355 0.046159
0 0.710480 0.330778 0.057001 0.037663
0 0.398520 0.518968 0.061536 0.050124
0 0.732166 0.432510 0.057830 0.039434
0 0.617155 0.630205 0.057730 0.046322
0 0.393900 0.649157 0.053859 0.050775
0 0.387934 0.923288 0.085825 0.064297
0 0.865254 0.964082 0.078885 0.062852
0 0.396222 0.606035 0.068668 0.049961
0 0.543118 0.535638 0.060056 0.041484
0 0.410469 0.410508 0.056762 0.039935
0 0.402361 0.481839 0.064505 0.044824
0 0.613142 0.547109 0.061380 0.044023
0 0.400046 0.442308 0.052452 0.042728
0 0.541753 0.375807 0.041701 0.039779
0 0.608003 0.583187 0.054002 0.048887
0 0.693694 0.260293 0.055825 0.038750
0 0.593394 0.353340 0.046571 0.036315
0 0.595330 0.385120 0.042101 0.044785
0 0.592374 0.271888 0.050660 0.038437
0 0.418893 0.374889 0.059132 0.046628
0 0.539073 0.405706 0.049301 0.035358
0 0.385456 0.858844 0.076814 0.065853
0 0.701953 0.308874 0.053377 0.033372
0 0.699974 0.286198 0.052760 0.031393
0 0.550299 0.504154 0.048785 0.038828
0 0.589249 0.246266 0.049193 0.034863
0 0.589826 0.296396 0.044444 0.033079
0 0.594030 0.321383 0.045803 0.038835
0 0.690356 0.235579 0.041849 0.028242