0 0.830567 0.791182 0.072689 0.050343
0 0.778164 0.590285 0.074559 0.052578
0 0.525569 0.402397 0.054168 0.037289
0 0.767844 0.546597 0.073465 0.048077
0 0.802893 0.682636 0.073266 0.045384
0 0.637634 0.738060 0.059798 0.047410
0 0.788287 0.637333 0.065758 0.055862
0 0.591522 0.412220 0.058379 0.040831
0 0.603697 0.306864 0.037472 0.038509
0 0.647637 0.791462 0.065149 0.047855
0 0.587223 0.198267 0.044237 0.037560
0 0.630710 0.688115 0.065510 0.047543
0 0.544209 0.587072 0.068790 0.045662
0 0.604214 0.478190 0.056211 0.038924
0 0.608428 0.516098 0.057391 0.042520
0 0.626193 0.640158 0.066031 0.046710
0 0.611174 0.555280 0.058533 0.042577
0 0.755115 0.507824 0.067856 0.046952
0 0.398242 0.633395 0.067872 0.047859
0 0.601534 0.353294 0.042827 0.029740
0 0.537164 0.437224 0.059279 0.037667
0 0.816339 0.737881 0.056757 0.055088
0 0.566257 0.725782 0.060550 0.048494
0 0.396367 0.507657 0.065335 0.044062
0 0.395482 0.434940 0.043055 0.040207
0 0.556650 0.671601 0.061294 0.041354
0 0.616201 0.593638 0.059362 0.045369
0 0.399803 0.786321 0.060612 0.051240
0 0.700559 0.312337 0.054611 0.035332
0 0.538652 0.470906 0.049566 0.035652
0 0.397193 0.476208 0.060382 0.042577
0 0.398741 0.391712 0.062907 0.046304
0 0.665019 0.852403 0.077180 0.057170
0 0.589908 0.376874 0.057304 0.038831
0 0.726905 0.394222 0.045560 0.036990
0 0.587619 0.846183 0.071669 0.048095
0 0.694365 0.264215 0.048896 0.032912
0 0.555923 0.628330 0.060096 0.053836
0 0.675292 0.209127 0.047093 0.031004
0 0.544081 0.506363 0.061453 0.052378
0 0.847527 0.841722 0.062565 0.053763
0 0.857826 0.904926 0.072787 0.051251
0 0.747897 0.469952 0.063435 0.045072
0 0.671622 0.911935 0.065561 0.054926
0 0.386045 0.844378 0.080506 0.058060
0 0.398936 0.555410 0.068868 0.048901
0 0.729860 0.426201 0.054071 0.044933
0 0.391462 0.686834 0.071845 0.052013
0 0.391493 0.911909 0.076790 0.065104
0 0.588892 0.914413 0.069278 0.060096
0 0.689887 0.976913 0.085971 0.044872
0 0.578876 0.785457 0.059261 0.055088
0 0.593483 0.223933 0.046741 0.038812
0 0.696982 0.284655 0.053419 0.027544
0 0.878522 0.971379 0.070947 0.053836