0 0.595816 0.911423 0.076363 0.056270
0 0.653507 0.782217 0.069957 0.048600
0 0.646849 0.726211 0.067839 0.047474
0 0.636369 0.673493 0.064327 0.048379
0 0.834358 0.787852 0.082899 0.052852
0 0.807778 0.676234 0.075382 0.049108
0 0.848066 0.850111 0.078928 0.051146
0 0.577917 0.844007 0.067578 0.054863
0 0.570122 0.727995 0.074531 0.048125
0 0.820571 0.730645 0.059084 0.044987
0 0.669063 0.914163 0.060938 0.051009
0 0.410304 0.381829 0.058038 0.044479
0 0.860048 0.912298 0.071233 0.051992
0 0.591719 0.972900 0.071910 0.048770
0 0.790115 0.630387 0.065681 0.047246
0 0.573212 0.785885 0.061623 0.053060
0 0.777289 0.579808 0.074015 0.052585
0 0.873665 0.976130 0.085178 0.045033
0 0.629505 0.624297 0.050868 0.045195
0 0.587752 0.214561 0.042188 0.032533
0 0.669690 0.978428 0.063329 0.040007