0 0.388474 0.735518 0.076940 0.053418
0 0.380519 0.791146 0.074614 0.058451
0 0.834201 0.783890 0.083759 0.053301
0 0.384538 0.851748 0.072496 0.056986
0 0.395918 0.677549 0.071185 0.051400
0 0.400193 0.631517 0.060786 0.044896
0 0.595790 0.910254 0.072396 0.056172
0 0.404870 0.460990 0.051918 0.039596
0 0.379781 0.908831 0.077348 0.060202
0 0.847817 0.844876 0.081311 0.054010
0 0.400119 0.499023 0.058260 0.045482
0 0.399972 0.544303 0.065195 0.049479
0 0.860043 0.907695 0.071563 0.051406
0 0.330345 0.631462 0.054345 0.046400
0 0.622502 0.580524 0.063199 0.046790
0 0.326751 0.586227 0.068754 0.047936
0 0.400970 0.587484 0.065968 0.043561
0 0.653277 0.780101 0.071484 0.053913
0 0.776593 0.577139 0.076163 0.055332
0 0.550100 0.502780 0.054696 0.043555
0 0.622604 0.539460 0.064236 0.047383
0 0.668626 0.912982 0.061237 0.057435
0 0.551860 0.438512 0.057522 0.040241
0 0.763950 0.535472 0.071780 0.049147
0 0.646367 0.722536 0.070061 0.049980
0 0.807346 0.672233 0.077114 0.056497
0 0.577739 0.841732 0.068845 0.059701
0 0.744160 0.459756 0.063112 0.045163
0 0.207897 0.766081 0.041402 0.079883
0 0.821152 0.728044 0.061185 0.049863
0 0.557103 0.623844 0.064466 0.049785
0 0.635946 0.670830 0.065043 0.051074
0 0.592055 0.971081 0.070664 0.050573
0 0.790430 0.627044 0.069922 0.052865
0 0.572370 0.784385 0.062439 0.054590
0 0.564692 0.670898 0.065590 0.051211
0 0.633555 0.623258 0.066571 0.050189
0 0.611239 0.470618 0.061150 0.041458
0 0.873184 0.970492 0.086220 0.053092
0 0.553787 0.579772 0.064466 0.047513
0 0.662296 0.834163 0.079757 0.059512
0 0.614907 0.435999 0.054640 0.042910
0 0.669939 0.976273 0.063220 0.043314
0 0.543982 0.372041 0.051220 0.037025
0 0.552363 0.540599 0.059701 0.042187
0 0.545104 0.469681 0.055182 0.040990
0 0.617331 0.505156 0.052648 0.038763
0 0.751000 0.497526 0.069232 0.046042
0 0.408889 0.414577 0.054931 0.039635
0 0.545428 0.404512 0.050230 0.039440
0 0.410059 0.378887 0.056072 0.043802
0 0.607376 0.325859 0.053155 0.039753
0 0.606198 0.403949 0.050026 0.041374
0 0.735467 0.420742 0.045725 0.043255
0 0.330360 0.545296 0.055807 0.041400
0 0.592914 0.226318 0.049570 0.036842
0 0.694607 0.253564 0.051680 0.033171
0 0.603720 0.299720 0.051623 0.032943
0 0.595875 0.253128 0.047270 0.033301
0 0.699186 0.279854 0.049006 0.030033
0 0.601115 0.275856 0.045573 0.031426
0 0.606352 0.353626 0.050516 0.037995
0 0.707240 0.304277 0.045807 0.036185
0 0.728859 0.390472 0.048420 0.035931
0 0.690710 0.227552 0.040543 0.031146
0 0.718214 0.364974 0.043398 0.037826
0 0.681239 0.204001 0.046879 0.039863
0 0.299199 0.869619 0.081619 0.059212
0 0.588245 0.207024 0.045477 0.023247