0 0.833702 0.783688 0.082292 0.053392
0 0.380822 0.790960 0.073503 0.057780
0 0.388453 0.734779 0.076558 0.054297
0 0.385369 0.852588 0.071979 0.054915
0 0.400451 0.587171 0.066667 0.045436
0 0.595098 0.909717 0.073494 0.055566
0 0.400326 0.631185 0.060451 0.045182
0 0.399891 0.543522 0.065078 0.047891
0 0.395736 0.677184 0.071819 0.052858
0 0.380030 0.909193 0.077352 0.058203
0 0.652986 0.779258 0.071528 0.053633
0 0.668637 0.912012 0.060981 0.054414
0 0.847791 0.844756 0.079931 0.053444
0 0.859740 0.907246 0.071649 0.051367
0 0.400195 0.498350 0.058299 0.045410
0 0.646356 0.722399 0.069787 0.050098
0 0.404694 0.461143 0.051723 0.039850
0 0.622834 0.579990 0.063368 0.045475
0 0.636016 0.669964 0.063880 0.050645
0 0.622743 0.539723 0.063168 0.047285
0 0.592053 0.970931 0.071736 0.051680
0 0.330456 0.631104 0.053351 0.046934
0 0.763327 0.535690 0.070551 0.049609
0 0.564735 0.671322 0.065425 0.050247
0 0.872656 0.970667 0.086927 0.053678
0 0.543481 0.372529 0.051076 0.037715
0 0.777201 0.576149 0.077023 0.054030
0 0.744158 0.459600 0.062856 0.044004
0 0.556968 0.623236 0.064874 0.048919
0 0.208205 0.766165 0.041593 0.079727
0 0.820849 0.727546 0.061063 0.049232
0 0.550085 0.503255 0.055386 0.042266
0 0.661997 0.832591 0.079566 0.058372
0 0.807179 0.671810 0.076788 0.056615
0 0.669503 0.976175 0.062270 0.043613
0 0.572934 0.783577 0.062370 0.052793
0 0.577747 0.841107 0.068872 0.058776
0 0.790122 0.627132 0.070182 0.054993
0 0.326866 0.585745 0.067995 0.047663
0 0.552070 0.540492 0.060373 0.040944
0 0.553242 0.580007 0.065538 0.046185
0 0.633644 0.622526 0.065690 0.049766
0 0.615280 0.437054 0.055326 0.043027
0 0.750879 0.498024 0.070039 0.046022
0 0.611567 0.471139 0.062144 0.042292
0 0.601864 0.301074 0.049188 0.036237
0 0.606747 0.350488 0.049701 0.038359
0 0.409714 0.414606 0.053750 0.039212
0 0.409950 0.378770 0.056289 0.043581
0 0.694902 0.253372 0.050247 0.032799
0 0.735747 0.421077 0.046233 0.044264
0 0.545480 0.470511 0.054397 0.041986
0 0.607300 0.404753 0.051311 0.042148
0 0.592834 0.226719 0.048837 0.035260
0 0.617830 0.505430 0.052925 0.039219
0 0.551871 0.439492 0.056571 0.040404
0 0.596139 0.253193 0.047140 0.033926
0 0.600911 0.275579 0.043828 0.030859
0 0.698650 0.280677 0.047040 0.030651
0 0.729737 0.388747 0.046168 0.037194
0 0.690729 0.227699 0.040078 0.030814
0 0.682157 0.203704 0.048290 0.039570
0 0.708687 0.306904 0.048355 0.038366
0 0.330514 0.546182 0.054909 0.042676
0 0.719204 0.364766 0.044362 0.037682
0 0.299781 0.869414 0.079874 0.058333
0 0.586487 0.204756 0.039822 0.025892