0 0.649716 0.775563 0.074970 0.055514
0 0.577999 0.831341 0.071563 0.055156
0 0.648553 0.723109 0.065065 0.050892
0 0.642159 0.670215 0.072834 0.052018
0 0.371912 0.769482 0.077504 0.060892
0 0.780605 0.586025 0.071819 0.047611
0 0.789972 0.632956 0.072374 0.050469
0 0.382027 0.710807 0.078568 0.051797
0 0.633322 0.573698 0.061402 0.045495
0 0.657177 0.833903 0.063129 0.051400
0 0.765239 0.544896 0.064245 0.044818
0 0.754931 0.505355 0.059253 0.044434
0 0.363707 0.829186 0.077092 0.060964
0 0.743019 0.469801 0.048763 0.043561
0 0.577956 0.971247 0.087387 0.050996
0 0.567719 0.666406 0.070152 0.047708
0 0.794308 0.678206 0.069102 0.048184
0 0.585243 0.283529 0.047734 0.034935
0 0.235992 0.697282 0.061836 0.047962
0 0.573422 0.717913 0.066819 0.052702
0 0.568338 0.773431 0.072700 0.053372
0 0.732530 0.433304 0.062578 0.044694
0 0.354963 0.974580 0.083546 0.046387
0 0.568184 0.620137 0.059214 0.044089
0 0.393045 0.624678 0.069900 0.049850
0 0.402480 0.384801 0.057912 0.043965
0 0.663500 0.893171 0.060907 0.051094
0 0.385616 0.540326 0.068472 0.045508
0 0.835104 0.829850 0.070660 0.051419
0 0.560569 0.569557 0.055182 0.041302
0 0.588741 0.893678 0.090226 0.066497
0 0.809477 0.724805 0.065508 0.053581
0 0.850065 0.900003 0.071337 0.055124
0 0.874284 0.965996 0.091302 0.060130
0 0.365050 0.910342 0.076749 0.058848
0 0.714941 0.367386 0.054371 0.041100
0 0.552324 0.499434 0.058268 0.043737
0 0.635503 0.617770 0.068967 0.048379
0 0.671445 0.968057 0.084505 0.059434
0 0.720493 0.401735 0.051680 0.036465
0 0.811573 0.775016 0.061680 0.048301
0 0.700816 0.317705 0.052300 0.032637
0 0.378346 0.576663 0.052622 0.045579
0 0.548691 0.425964 0.043867 0.041237
0 0.703140 0.343451 0.050872 0.034023
0 0.548038 0.463187 0.051780 0.037780
0 0.592919 0.331201 0.055135 0.045931
0 0.616237 0.491305 0.054271 0.047025
0 0.608142 0.457637 0.056910 0.042018
0 0.688251 0.263441 0.050729 0.036595
0 0.690777 0.290986 0.043594 0.035449
0 0.605779 0.424899 0.051289 0.036374
0 0.599657 0.364544 0.052292 0.040495
0 0.604308 0.395511 0.044640 0.037949
0 0.682155 0.240635 0.048720 0.031478