0 0.571367 0.900794 0.085043 0.058854
0 0.579275 0.968024 0.089210 0.057507
0 0.568344 0.777142 0.084188 0.060156
0 0.762990 0.552917 0.063715 0.046081
0 0.571931 0.835456 0.074349 0.054544
0 0.397300 0.580111 0.061615 0.050612
0 0.547700 0.545674 0.056267 0.042715
0 0.623388 0.591071 0.069119 0.045553
0 0.393038 0.725618 0.066111 0.051797
0 0.614143 0.509990 0.057044 0.046517
0 0.651222 0.835713 0.064431 0.056048
0 0.769989 0.593141 0.066289 0.043145
0 0.785783 0.630384 0.074015 0.049583
0 0.395375 0.787230 0.059119 0.055814
0 0.750082 0.513981 0.054618 0.043001
0 0.623479 0.631742 0.063468 0.050397
0 0.648125 0.781175 0.064201 0.052949
0 0.855456 0.964967 0.084115 0.059948
0 0.399364 0.625254 0.069779 0.048320
0 0.810671 0.774261 0.062661 0.047350
0 0.388479 0.848643 0.065872 0.052454
0 0.733318 0.445938 0.064857 0.039440
0 0.564549 0.726351 0.062908 0.048118
0 0.845922 0.895283 0.074162 0.053978
0 0.633008 0.678252 0.059714 0.047949
0 0.719928 0.385618 0.056159 0.036380
0 0.407129 0.470521 0.066133 0.047708
0 0.672320 0.965723 0.064909 0.055911
0 0.728073 0.413685 0.057856 0.039388
0 0.788800 0.677187 0.075508 0.054570
0 0.400905 0.540703 0.050074 0.043802
0 0.645111 0.260560 0.029909 0.068294
0 0.635228 0.725954 0.069067 0.049316
0 0.739525 0.480755 0.062556 0.039427
0 0.660506 0.898506 0.061732 0.050540
0 0.799214 0.729297 0.069063 0.054414
0 0.817591 0.828903 0.068403 0.050775
0 0.549414 0.587246 0.067431 0.049206
0 0.397192 0.672640 0.073003 0.060020
0 0.393487 0.911553 0.079709 0.068861
0 0.599533 0.410690 0.058320 0.043503
0 0.596842 0.350957 0.055161 0.041159
0 0.607450 0.475182 0.059553 0.041953
0 0.691005 0.238278 0.039353 0.035879
0 0.553826 0.631019 0.059970 0.047962
0 0.694310 0.283568 0.046988 0.038971
0 0.708043 0.328831 0.056432 0.045788
0 0.545030 0.414163 0.043733 0.038066
0 0.616823 0.548105 0.052517 0.042969
0 0.545059 0.507266 0.057253 0.043997
0 0.605881 0.443636 0.053733 0.039121
0 0.716424 0.359587 0.056641 0.033105
0 0.594970 0.382327 0.054714 0.039186
0 0.586118 0.281266 0.049371 0.037389
0 0.581168 0.255378 0.049262 0.035599
0 0.542398 0.472933 0.058381 0.041608
0 0.402036 0.509538 0.056866 0.041602
0 0.586131 0.304157 0.047938 0.039147