0 0.654345 0.845828 0.066619 0.051769
0 0.356309 0.702343 0.073272 0.052337
0 0.667225 0.904155 0.057916 0.049980
0 0.356445 0.651284 0.071234 0.052125
0 0.775469 0.595784 0.065047 0.050091
0 0.762298 0.543840 0.063564 0.043069
0 0.786741 0.644014 0.067376 0.048083
0 0.567893 0.839874 0.072968 0.054743
0 0.359265 0.754324 0.055212 0.053437
0 0.625298 0.634212 0.061947 0.050987
0 0.619863 0.588761 0.059495 0.050509
0 0.584776 0.972889 0.087775 0.048864
0 0.632891 0.680288 0.065293 0.042392
0 0.752453 0.508799 0.067107 0.041342
0 0.370262 0.565724 0.068317 0.046767
0 0.374834 0.517698 0.062243 0.045537
0 0.802495 0.685773 0.056843 0.044958
0 0.619667 0.550193 0.059318 0.042848
0 0.744863 0.471089 0.067163 0.044362
0 0.644585 0.782840 0.060717 0.048515
0 0.638403 0.729863 0.057192 0.047529
0 0.724227 0.411963 0.055509 0.042395
0 0.566080 0.779536 0.055819 0.056375
0 0.400552 0.473930 0.056737 0.046350
0 0.566120 0.726820 0.068146 0.050579
0 0.808309 0.737143 0.066109 0.049482
0 0.551381 0.580436 0.063950 0.047167
0 0.613967 0.511551 0.056731 0.043677
0 0.740302 0.437569 0.060095 0.040907
0 0.365037 0.609096 0.050400 0.040510
0 0.554636 0.668487 0.063038 0.048317
0 0.400745 0.435765 0.058735 0.044443
0 0.832884 0.787486 0.066693 0.045305
0 0.712513 0.346262 0.050582 0.041525
0 0.668693 0.979783 0.061360 0.035385
0 0.602315 0.443126 0.055969 0.043098
0 0.545010 0.536608 0.065463 0.043948
0 0.598234 0.410603 0.054657 0.037297
0 0.849352 0.839305 0.084216 0.058869
0 0.590193 0.381120 0.056660 0.041436
0 0.689862 0.210993 0.042618 0.030888
0 0.531782 0.420802 0.046613 0.038168
0 0.608913 0.477677 0.053143 0.037099
0 0.542228 0.500807 0.049541 0.038963
0 0.718146 0.378018 0.048282 0.035209
0 0.853083 0.906411 0.071884 0.052375
0 0.541972 0.465392 0.047332 0.032963
0 0.701227 0.296914 0.050607 0.029402
0 0.548828 0.622598 0.059261 0.049025
0 0.707887 0.318396 0.047672 0.031648
0 0.358524 0.809245 0.069278 0.056340
0 0.353933 0.873097 0.063435 0.053836
0 0.407352 0.386694 0.061765 0.045072
0 0.581380 0.908153 0.075955 0.063852
0 0.530883 0.389824 0.045072 0.031300
0 0.526292 0.359776 0.049245 0.033804
0 0.590979 0.356020 0.048411 0.036308
0 0.586388 0.326598 0.040899 0.032552
0 0.586388 0.302809 0.044237 0.035056
0 0.587640 0.278395 0.040064 0.036308
0 0.580963 0.252103 0.036725 0.028796
0 0.580963 0.233323 0.038395 0.031300
0 0.579294 0.214543 0.043403 0.033804
0 0.578459 0.194511 0.041733 0.026292
0 0.574286 0.169471 0.035056 0.028796
0 0.693643 0.237079 0.040064 0.033804
0 0.866002 0.972218 0.085971 0.054262