0 0.810797 0.736260 0.081090 0.050817
0 0.790334 0.645183 0.068979 0.051308
0 0.838755 0.848232 0.070320 0.049351
0 0.806252 0.689128 0.074982 0.046918
0 0.753275 0.478936 0.059990 0.042761
0 0.766993 0.515162 0.070279 0.043573
0 0.569905 0.728977 0.068180 0.049779
0 0.650343 0.787048 0.062421 0.048816
0 0.775721 0.553855 0.066865 0.050053
0 0.543553 0.379236 0.053724 0.037659
0 0.651403 0.846475 0.076992 0.052813
0 0.856450 0.906343 0.088656 0.058021
0 0.816711 0.788902 0.060990 0.053010
0 0.401828 0.443403 0.050859 0.040676
0 0.331234 0.900675 0.063706 0.059382
0 0.643663 0.688177 0.068651 0.051669
0 0.334720 0.965659 0.066113 0.058530
0 0.568552 0.680695 0.065920 0.046340
0 0.640217 0.734302 0.053728 0.041337
0 0.725073 0.369893 0.060670 0.035258
0 0.335608 0.844099 0.067234 0.053872
0 0.575181 0.847459 0.071486 0.054329
0 0.553364 0.548546 0.054319 0.044154
0 0.395920 0.590358 0.066986 0.049996
0 0.658802 0.908091 0.063191 0.051383
0 0.553212 0.512384 0.057154 0.038325
0 0.561381 0.591834 0.050422 0.044435
0 0.779618 0.597948 0.063461 0.045148
0 0.415959 0.382893 0.057284 0.045677
0 0.590567 0.971917 0.087298 0.050947
0 0.735738 0.405030 0.053226 0.038776
0 0.747079 0.438328 0.058375 0.039960
0 0.315060 0.679029 0.074981 0.048255
0 0.592815 0.301309 0.046407 0.044318
0 0.595322 0.356714 0.051409 0.036445
0 0.388108 0.728018 0.072685 0.056012
0 0.607144 0.413612 0.049467 0.035056
0 0.618574 0.513254 0.058883 0.050785
0 0.613085 0.476378 0.054800 0.040974
0 0.625022 0.560341 0.059739 0.043536
0 0.392057 0.681537 0.058034 0.048967
0 0.631447 0.635468 0.060566 0.051918
0 0.708131 0.319939 0.049483 0.038015
0 0.696789 0.261550 0.043788 0.036422
0 0.581238 0.908281 0.070587 0.059559
0 0.672704 0.971299 0.064002 0.050807
0 0.578515 0.227923 0.043292 0.034271
0 0.400257 0.546950 0.047576 0.038812
0 0.591071 0.278173 0.046556 0.034610
0 0.630134 0.599616 0.043919 0.035189
0 0.400674 0.514398 0.055088 0.043820
0 0.339744 0.777319 0.060096 0.056340
0 0.609342 0.448042 0.053419 0.046324
0 0.591396 0.326598 0.042568 0.036308
0 0.586806 0.255859 0.046741 0.032552
0 0.578459 0.208909 0.040064 0.028796
0 0.576372 0.185121 0.034221 0.026292
0 0.570112 0.165089 0.040064 0.026292
0 0.668603 0.151943 0.045072 0.032552
0 0.671524 0.170723 0.040899 0.025040
0 0.680706 0.190129 0.045907 0.031300
0 0.683210 0.216421 0.042568 0.036308
0 0.712006 0.344126 0.050080 0.028796
0 0.861412 0.975035 0.073451 0.048628