0 0.570720 0.789688 0.072281 0.052937
0 0.811099 0.743167 0.074272 0.050464
0 0.636223 0.688701 0.073676 0.053230
0 0.790125 0.644663 0.063869 0.047657
0 0.576919 0.846623 0.065425 0.057217
0 0.580160 0.905719 0.075855 0.055311
0 0.657185 0.845896 0.058390 0.053436
0 0.622667 0.599713 0.059863 0.047943
0 0.651211 0.787729 0.064198 0.049980
0 0.796306 0.688538 0.079103 0.052956
0 0.689489 0.250617 0.041850 0.035419
0 0.629538 0.641777 0.068159 0.052269
0 0.615221 0.559195 0.059671 0.046612
0 0.841808 0.848574 0.069933 0.052730
0 0.820060 0.793513 0.069052 0.050016
0 0.644930 0.734488 0.058533 0.048659
0 0.731318 0.396930 0.058806 0.052790
0 0.577551 0.973147 0.089578 0.047637
0 0.767926 0.568111 0.069037 0.047815
0 0.660944 0.914025 0.059412 0.054418
0 0.780312 0.604113 0.062868 0.049144
0 0.573681 0.173457 0.041394 0.031615
0 0.841104 0.912102 0.072332 0.057978
0 0.662525 0.979580 0.065014 0.035530
0 0.401934 0.844230 0.069263 0.057734
0 0.865463 0.974740 0.083067 0.044899
0 0.566969 0.734765 0.078419 0.047543