0 0.397569 0.628932 0.061875 0.046576
0 0.841107 0.901849 0.081207 0.058047
0 0.651949 0.839287 0.072439 0.054095
0 0.694062 0.970583 0.079800 0.052194
0 0.840495 0.841390 0.085582 0.057207
0 0.571806 0.839502 0.073950 0.055553
0 0.553040 0.676781 0.072895 0.051530
0 0.661595 0.901663 0.061871 0.055527
0 0.559321 0.723503 0.069674 0.053034
0 0.643147 0.729189 0.073776 0.055111
0 0.397648 0.675527 0.064097 0.050625
0 0.400558 0.537344 0.060647 0.050547
0 0.564909 0.782334 0.070547 0.053275
0 0.650239 0.782412 0.075773 0.054421
0 0.777667 0.595094 0.069206 0.045085
0 0.402795 0.845527 0.065104 0.055221
0 0.784926 0.634837 0.068177 0.047943
0 0.868320 0.967689 0.088186 0.057617
0 0.809145 0.728444 0.060703 0.050911
0 0.578047 0.900479 0.070573 0.058171
0 0.247274 0.630081 0.035174 0.076803
0 0.611656 0.471683 0.054970 0.046087
0 0.586330 0.969141 0.062461 0.053464
0 0.608752 0.513389 0.057148 0.044681
0 0.395514 0.728613 0.080916 0.057214
0 0.400171 0.584414 0.064883 0.050352
0 0.551105 0.546237 0.062513 0.043620
0 0.824436 0.784281 0.076233 0.058861
0 0.552398 0.583649 0.053928 0.044837
0 0.799339 0.683207 0.075641 0.051731
0 0.402928 0.378971 0.058077 0.046354
0 0.549876 0.624160 0.061150 0.051458
0 0.618539 0.552181 0.054041 0.042930
0 0.748594 0.514535 0.065156 0.049447
0 0.767187 0.556263 0.066780 0.042331
0 0.399594 0.467083 0.058954 0.042383
0 0.624939 0.589854 0.057821 0.045410
0 0.721589 0.390371 0.057656 0.038112
0 0.740059 0.448945 0.053390 0.040807
0 0.579696 0.210469 0.040816 0.032617
0 0.617509 0.442135 0.055833 0.042240
0 0.633828 0.675465 0.068021 0.058262
0 0.603900 0.383848 0.052513 0.037891
0 0.727960 0.419271 0.054835 0.042734
0 0.715130 0.359925 0.049870 0.037507
0 0.743066 0.481852 0.062487 0.042311
0 0.397454 0.501022 0.062600 0.042812
0 0.550039 0.469557 0.058585 0.042044
0 0.547493 0.504098 0.055438 0.045241
0 0.628372 0.631641 0.061840 0.045924
0 0.612680 0.411136 0.043520 0.036204
0 0.394976 0.914885 0.084736 0.060972
0 0.542630 0.409870 0.053090 0.042083
0 0.398915 0.433415 0.048351 0.038288
0 0.406547 0.784189 0.063095 0.057155
0 0.599314 0.329274 0.041528 0.040345
0 0.709260 0.332764 0.056905 0.037324
0 0.549481 0.434232 0.045438 0.038385
0 0.702669 0.306185 0.054661 0.035573
0 0.686372 0.240579 0.045677 0.029453
0 0.597433 0.355098 0.050386 0.033398
0 0.696849 0.285462 0.047821 0.030768
0 0.693125 0.262337 0.048003 0.035247