0 0.801431 0.689650 0.077111 0.046128
0 0.773292 0.574693 0.054930 0.043398
0 0.402018 0.482722 0.055101 0.042092
0 0.390868 0.555697 0.063864 0.046256
0 0.573421 0.189826 0.033433 0.033885
0 0.787936 0.645433 0.069549 0.051247
0 0.755960 0.502606 0.056375 0.041959
0 0.747944 0.465586 0.060301 0.040702
0 0.705119 0.315618 0.053412 0.039131
0 0.823519 0.794405 0.072182 0.050791
0 0.849342 0.906538 0.072949 0.056671
0 0.698246 0.264442 0.048063 0.032676
0 0.689603 0.237198 0.040608 0.029968
0 0.678935 0.192332 0.041441 0.031083
0 0.847195 0.845884 0.092337 0.054372
0 0.595831 0.323437 0.051249 0.037963
0 0.744111 0.425924 0.054010 0.040169
0 0.726310 0.367596 0.051887 0.030095
0 0.689993 0.214210 0.035840 0.023727
0 0.420706 0.346004 0.055088 0.037560
0 0.416116 0.384190 0.054253 0.046324
0 0.383564 0.635216 0.064269 0.050080
0 0.378138 0.689678 0.070112 0.053836
0 0.353516 0.789839 0.072616 0.053836
0 0.377721 0.856821 0.084302 0.057592
0 0.551332 0.476212 0.059261 0.040064
0 0.551332 0.510642 0.049245 0.041316
0 0.554253 0.547576 0.065104 0.042568
0 0.556757 0.592648 0.061765 0.042568
0 0.564269 0.682166 0.065104 0.048828
0 0.565939 0.734125 0.066774 0.052584
0 0.568860 0.789213 0.075955 0.052584
0 0.572199 0.846805 0.067608 0.050080
0 0.577624 0.910031 0.076790 0.056340
0 0.583050 0.974509 0.085971 0.047576
0 0.667768 0.910031 0.061765 0.053836
0 0.675698 0.978165 0.082632 0.042368
0 0.659422 0.843675 0.071782 0.058844
0 0.653162 0.791091 0.067608 0.046324
0 0.642728 0.739133 0.065104 0.050080
0 0.631460 0.647736 0.054253 0.037560
0 0.629791 0.602664 0.067608 0.045072
0 0.625618 0.560722 0.062600 0.036308
0 0.620192 0.518780 0.058427 0.045072
0 0.611846 0.454302 0.055088 0.041316
0 0.616019 0.419246 0.055088 0.041316
0 0.596822 0.386068 0.053419 0.037560
0 0.592648 0.353516 0.043403 0.037560
0 0.593066 0.292167 0.044237 0.030048
0 0.703659 0.290289 0.050080 0.033804
0 0.734125 0.399214 0.054253 0.031300
0 0.817174 0.743515 0.070112 0.051332
0 0.868089 0.975661 0.073451 0.047376