0 0.386901 0.730011 0.081050 0.063506
0 0.383497 0.680087 0.071716 0.052598
0 0.386005 0.632690 0.067469 0.051259
0 0.551554 0.553709 0.060983 0.051898
0 0.549686 0.515211 0.061207 0.045183
0 0.808270 0.741927 0.077615 0.052388
0 0.640265 0.734128 0.071045 0.053674
0 0.820380 0.792627 0.073715 0.054733
0 0.649635 0.790192 0.078000 0.057047
0 0.633704 0.686540 0.060733 0.047860
0 0.622085 0.556615 0.066327 0.048125
0 0.401049 0.509017 0.062781 0.043804
0 0.390419 0.781047 0.054002 0.044380
0 0.754578 0.526141 0.063235 0.037894
0 0.397068 0.546650 0.066990 0.050175
0 0.573321 0.839188 0.072366 0.048934
0 0.632598 0.640662 0.057195 0.047145
0 0.602219 0.385552 0.048278 0.040883
0 0.780999 0.598529 0.068699 0.049305
0 0.606233 0.418754 0.053153 0.042526
0 0.749532 0.489787 0.064220 0.042453
0 0.543863 0.477709 0.047230 0.042819
0 0.659571 0.843715 0.067938 0.048082
0 0.541385 0.378646 0.041933 0.038295
0 0.568821 0.783956 0.061746 0.059058
0 0.833197 0.842809 0.065635 0.050846
0 0.788229 0.646748 0.070732 0.049192
0 0.797339 0.695468 0.068732 0.049109
0 0.559035 0.638411 0.065529 0.049885
0 0.611534 0.484689 0.054273 0.038822
0 0.616381 0.516458 0.060448 0.044214
0 0.727019 0.394672 0.058703 0.035704
0 0.394583 0.585440 0.058924 0.045679
0 0.549447 0.413241 0.056482 0.038012
0 0.403916 0.475482 0.057412 0.040709
0 0.731861 0.418641 0.054862 0.037473
0 0.741653 0.451709 0.058119 0.038430
0 0.565121 0.732872 0.068276 0.048872
0 0.763410 0.559172 0.064733 0.036212
0 0.627919 0.600927 0.063378 0.048054
0 0.609190 0.450546 0.057061 0.043820
0 0.558316 0.683354 0.052722 0.046407
0 0.594953 0.332232 0.048809 0.037560
0 0.666766 0.911183 0.060267 0.051433
0 0.391076 0.845553 0.079294 0.055088
0 0.389406 0.925055 0.079294 0.061348
0 0.396918 0.436774 0.045907 0.041316
0 0.406517 0.407352 0.046741 0.035056
0 0.406934 0.372922 0.047576 0.036308
0 0.416533 0.343500 0.041733 0.030048
0 0.532552 0.351012 0.040064 0.035056
0 0.581798 0.908779 0.068443 0.056340
0 0.676950 0.982021 0.063435 0.032552
0 0.599326 0.360402 0.051749 0.033804
0 0.600578 0.307192 0.045907 0.035056
0 0.585554 0.975135 0.085971 0.046324
0 0.597656 0.285281 0.043403 0.033804
0 0.596404 0.263997 0.035891 0.028796
0 0.589727 0.242713 0.045907 0.036308
0 0.588475 0.217673 0.036725 0.031300
0 0.580546 0.183869 0.044237 0.038812
0 0.576790 0.160081 0.046741 0.028796
0 0.575955 0.142553 0.041733 0.026292
0 0.854734 0.913161 0.071782 0.052584
0 0.869758 0.977539 0.085136 0.043620
0 0.723691 0.367914 0.048411 0.033804
0 0.713258 0.342874 0.054253 0.033804
0 0.706998 0.318460 0.051749 0.030048
0 0.701155 0.295923 0.050080 0.030048
0 0.691139 0.271509 0.051749 0.031300
0 0.690304 0.245843 0.045072 0.027544
0 0.686548 0.226437 0.040899 0.023788
0 0.675698 0.207031 0.044237 0.027544
0 0.672359 0.185747 0.044237 0.027544
0 0.671107 0.161333 0.048411 0.033804