0 0.389462 0.755518 0.081198 0.054382
0 0.398971 0.417318 0.061901 0.042591
0 0.380304 0.961289 0.083958 0.064089
0 0.390193 0.480251 0.066046 0.045176
0 0.856528 0.900850 0.071563 0.050749
0 0.836222 0.832747 0.071003 0.051758
0 0.380113 0.883773 0.088915 0.064225
0 0.742096 0.437067 0.061641 0.040072
0 0.537717 0.378874 0.040304 0.035664
0 0.392311 0.810254 0.061732 0.053828
0 0.389191 0.652217 0.064831 0.049759
0 0.592088 0.961312 0.084436 0.059460
0 0.388613 0.565257 0.060638 0.046335
0 0.389262 0.520146 0.063516 0.045853
0 0.580286 0.823115 0.070148 0.054082
0 0.833433 0.770439 0.082196 0.054108
0 0.571552 0.755690 0.072617 0.056393
0 0.589850 0.887035 0.077565 0.060801
0 0.724245 0.375609 0.056641 0.036543
0 0.662951 0.835348 0.075521 0.055944
0 0.869399 0.964551 0.065673 0.051094
0 0.390237 0.609277 0.067114 0.044844
0 0.603053 0.302611 0.050056 0.041758
0 0.643190 0.711416 0.070260 0.052129
0 0.650558 0.764408 0.068815 0.052461
0 0.560349 0.699463 0.070812 0.050697
0 0.385438 0.698623 0.053550 0.048223
0 0.780304 0.622868 0.072040 0.045983
0 0.817893 0.716468 0.066480 0.047493
0 0.557461 0.640921 0.059965 0.049277
0 0.752826 0.478877 0.057821 0.039160
0 0.544169 0.515322 0.053885 0.042116
0 0.543008 0.446217 0.054809 0.041380
0 0.597875 0.396930 0.056662 0.038275
0 0.636209 0.661523 0.065074 0.046628
0 0.627619 0.615726 0.055082 0.044408
0 0.792782 0.668333 0.061519 0.046680
0 0.618214 0.573978 0.059640 0.044102
0 0.548789 0.554762 0.063142 0.042520
0 0.595074 0.365238 0.051432 0.037116
0 0.712711 0.345846 0.042504 0.035990
0 0.607372 0.459922 0.054327 0.038633
0 0.669262 0.967637 0.060964 0.052578
0 0.670870 0.897946 0.063016 0.060306
0 0.733874 0.406240 0.046411 0.035501
0 0.605399 0.427594 0.054010 0.037663
0 0.542131 0.414053 0.045486 0.037103
0 0.611105 0.493727 0.054076 0.044421
0 0.614861 0.535700 0.058507 0.040788
0 0.757159 0.514854 0.059457 0.040228
0 0.769902 0.584616 0.066115 0.043125
0 0.760803 0.549092 0.064479 0.042871
0 0.602428 0.264469 0.037322 0.035697
0 0.698904 0.290231 0.052192 0.036283
0 0.704544 0.317718 0.044653 0.036035
0 0.681851 0.221003 0.039015 0.030885
0 0.593657 0.219183 0.041376 0.028796
0 0.683711 0.245508 0.047865 0.028372
0 0.594455 0.240176 0.045577 0.032031
0 0.687194 0.267367 0.048694 0.029251