0 0.851862 0.895778 0.087613 0.059850
0 0.373255 0.727594 0.070668 0.056165
0 0.403735 0.382383 0.057513 0.042630
0 0.778572 0.580908 0.067552 0.046712
0 0.763262 0.534310 0.070985 0.051081
0 0.584931 0.841771 0.081597 0.056641
0 0.789668 0.625352 0.068181 0.052526
0 0.384891 0.543210 0.062187 0.043789
0 0.582255 0.674137 0.073477 0.052689
0 0.597435 0.902503 0.075069 0.055124
0 0.588789 0.778398 0.085408 0.062643
0 0.220217 0.752259 0.085148 0.057904
0 0.662259 0.838656 0.056541 0.051751
0 0.569232 0.622119 0.063507 0.048483
0 0.376895 0.677933 0.071072 0.051895
0 0.667867 0.787666 0.063555 0.053118
0 0.376450 0.628698 0.070113 0.053411
0 0.378483 0.793773 0.070664 0.053978
0 0.833158 0.832064 0.075352 0.050977
0 0.754792 0.496074 0.060729 0.044076
0 0.823483 0.720143 0.061480 0.048828
0 0.825623 0.768958 0.067122 0.049935
0 0.741895 0.464421 0.059180 0.040039
0 0.804230 0.672894 0.065004 0.052507
0 0.383570 0.584544 0.060221 0.044727
0 0.648383 0.637484 0.064067 0.051738
0 0.384750 0.506097 0.049084 0.038874
0 0.658600 0.684687 0.061714 0.049727
0 0.720540 0.369206 0.054327 0.037565
0 0.724837 0.400365 0.055360 0.041406
0 0.661293 0.734577 0.073394 0.053242
0 0.567593 0.577490 0.065378 0.045475
0 0.581721 0.725221 0.074475 0.049544
0 0.629221 0.550609 0.059536 0.046556
0 0.373262 0.860544 0.064770 0.061243
0 0.638273 0.592734 0.064141 0.045599
0 0.545825 0.463711 0.049722 0.041536
0 0.566912 0.536224 0.050282 0.043620
0 0.394579 0.435166 0.062431 0.047116
0 0.602589 0.448424 0.056784 0.045091
0 0.606018 0.406094 0.058728 0.046536
0 0.623555 0.509906 0.057326 0.046595
0 0.386181 0.471849 0.046658 0.038359
0 0.679501 0.899658 0.068082 0.055540
0 0.534731 0.368278 0.042760 0.037324
0 0.590386 0.314766 0.048715 0.037031
0 0.698225 0.290286 0.044366 0.038750
0 0.579989 0.242067 0.044857 0.034447
0 0.688895 0.259222 0.050525 0.037559
0 0.594123 0.346084 0.051380 0.039577
0 0.580254 0.217012 0.044987 0.036875
0 0.588264 0.288516 0.042474 0.032721
0 0.880677 0.965632 0.062474 0.059987
0 0.542812 0.424421 0.050052 0.039492
0 0.678277 0.233753 0.045104 0.031517
0 0.684403 0.971260 0.073798 0.053900
0 0.602099 0.375550 0.051081 0.038197
0 0.378993 0.935117 0.084462 0.063620
0 0.713355 0.342949 0.054444 0.035026