0 0.547155 0.616572 0.064709 0.049915
0 0.774306 0.583704 0.074010 0.046771
0 0.390738 0.751589 0.072891 0.059753
0 0.563574 0.826540 0.072383 0.054837
0 0.722641 0.389928 0.056810 0.038841
0 0.545265 0.571527 0.050755 0.045762
0 0.558418 0.717318 0.068815 0.053737
0 0.758036 0.502171 0.066332 0.042337
0 0.824887 0.776478 0.072977 0.054049
0 0.714060 0.358398 0.053989 0.036654
0 0.576385 0.970033 0.086181 0.054883
0 0.814444 0.721800 0.076693 0.054720
0 0.629705 0.723965 0.067561 0.052474
0 0.562556 0.771745 0.066120 0.054427
0 0.799599 0.675169 0.058659 0.048138
0 0.745924 0.464528 0.062049 0.044915
0 0.395345 0.605973 0.068503 0.050579
0 0.645187 0.831670 0.077092 0.054759
0 0.623589 0.674398 0.064045 0.049017
0 0.546189 0.473206 0.059488 0.043014
0 0.551793 0.663643 0.071510 0.051074
0 0.390456 0.698682 0.055590 0.049915
0 0.388518 0.808079 0.077973 0.056758
0 0.851617 0.894909 0.074388 0.053971
0 0.543103 0.536035 0.059557 0.044284
0 0.765226 0.540212 0.064479 0.047493
0 0.787786 0.629759 0.072526 0.052500
0 0.393513 0.649440 0.054015 0.050234
0 0.540508 0.435996 0.052240 0.040430
0 0.654989 0.903743 0.082348 0.059857
0 0.386345 0.921462 0.081641 0.063079
0 0.616252 0.506794 0.060187 0.043783
0 0.601534 0.451123 0.055786 0.044447
0 0.866684 0.964906 0.080564 0.058783
0 0.613375 0.546436 0.062209 0.045866
0 0.668362 0.969974 0.091628 0.058646
0 0.399045 0.517891 0.061788 0.048750
0 0.733155 0.432949 0.060243 0.040833
0 0.571502 0.895182 0.071866 0.064635
0 0.828854 0.832178 0.064592 0.048691
0 0.410794 0.410394 0.054401 0.038848
0 0.617541 0.629974 0.059240 0.045560
0 0.395827 0.564512 0.067530 0.047409
0 0.637886 0.772699 0.058186 0.052168
0 0.599477 0.412829 0.056419 0.043965
0 0.419616 0.374336 0.056984 0.044427
0 0.541517 0.376217 0.042409 0.040013
0 0.608420 0.583773 0.053906 0.050241
0 0.403381 0.481309 0.061519 0.044974
0 0.710547 0.332106 0.056458 0.035840
0 0.595931 0.380560 0.042426 0.037109
0 0.549666 0.503512 0.049036 0.036087
0 0.593236 0.352848 0.046697 0.037480
0 0.693995 0.261738 0.055386 0.038633
0 0.400757 0.442536 0.050907 0.044121
0 0.700171 0.287474 0.053763 0.030977
0 0.539601 0.406621 0.049627 0.034063
0 0.703036 0.309883 0.053824 0.032305
0 0.379822 0.857174 0.064028 0.057799
0 0.691808 0.236924 0.044779 0.028809