0 0.765535 0.583147 0.066125 0.042437
0 0.403117 0.749320 0.064897 0.052677
0 0.410849 0.808969 0.076953 0.051975
0 0.780761 0.622170 0.060739 0.049332
0 0.878736 0.949399 0.091102 0.055901
0 0.755316 0.503139 0.064517 0.042126
0 0.793469 0.668292 0.056500 0.044901
0 0.654030 0.825894 0.063320 0.047938
0 0.398576 0.694422 0.068003 0.052778
0 0.538374 0.428233 0.048453 0.040871
0 0.725361 0.404848 0.056757 0.040064
0 0.816130 0.719187 0.074356 0.050314
0 0.416914 0.366474 0.055058 0.036808
0 0.691676 0.262052 0.051661 0.034597
0 0.733991 0.432153 0.048113 0.040532
0 0.656378 0.887966 0.073077 0.054816
0 0.576788 0.884183 0.076343 0.053308
0 0.682173 0.239556 0.044896 0.032755
0 0.716333 0.343782 0.056450 0.034492
0 0.403661 0.415144 0.058765 0.040247
0 0.824142 0.765882 0.076542 0.050838
0 0.576083 0.823116 0.068699 0.054890
0 0.413653 0.868400 0.060086 0.051295
0 0.707082 0.313452 0.053250 0.037560
0 0.753655 0.469750 0.053889 0.037452
0 0.401117 0.937421 0.083417 0.064161
0 0.389327 0.507035 0.064428 0.049126
0 0.631952 0.658832 0.056346 0.046959
0 0.645785 0.763745 0.057441 0.052623
0 0.599996 0.425453 0.045400 0.038918
0 0.638493 0.709436 0.066026 0.047265
0 0.589920 0.955237 0.083925 0.057030
0 0.536836 0.396030 0.052941 0.038672
0 0.393021 0.555732 0.064874 0.044809
0 0.537499 0.492739 0.051053 0.042172
0 0.392233 0.633292 0.065033 0.055248
0 0.601270 0.255390 0.049601 0.037772
0 0.588535 0.365304 0.053539 0.043610
0 0.833646 0.821484 0.069443 0.051999
0 0.850117 0.877739 0.071980 0.049478
0 0.850404 0.878179 0.072000 0.049869
0 0.392632 0.442695 0.044463 0.039489
0 0.548424 0.608221 0.048513 0.041590
0 0.392328 0.475586 0.046741 0.036308
0 0.390241 0.595152 0.054253 0.045072
0 0.569278 0.764799 0.068443 0.053836
0 0.666934 0.953225 0.063435 0.055088
0 0.618523 0.618314 0.061765 0.043820
0 0.561765 0.652744 0.071782 0.055088
0 0.545072 0.573868 0.048411 0.040064
0 0.533387 0.535682 0.055088 0.046324
0 0.612263 0.576372 0.054253 0.042568
0 0.603916 0.535056 0.055923 0.045072
0 0.602664 0.495618 0.055088 0.041316
0 0.604334 0.460562 0.051749 0.043820
0 0.596404 0.399840 0.047576 0.040064
0 0.606003 0.341622 0.051749 0.038812
0 0.602664 0.312200 0.053419 0.037560
0 0.600578 0.284655 0.034221 0.035056
0 0.703659 0.289037 0.048411 0.033804
0 0.716179 0.371044 0.050080 0.037560