0 0.385404 0.658900 0.070845 0.052122
0 0.734942 0.470497 0.059209 0.047801
0 0.386265 0.715426 0.075108 0.055904
0 0.384775 0.771758 0.070650 0.054042
0 0.767724 0.576869 0.072970 0.048839
0 0.752623 0.538702 0.063552 0.042536
0 0.555745 0.711794 0.073266 0.049352
0 0.384677 0.826172 0.068480 0.054430
0 0.782411 0.663196 0.075076 0.054133
0 0.545515 0.571280 0.060120 0.049228
0 0.631682 0.663262 0.070538 0.052556
0 0.555180 0.661343 0.061780 0.050940
0 0.795448 0.715474 0.065646 0.049996
0 0.393788 0.571359 0.064847 0.048009
0 0.386950 0.612403 0.050156 0.047460
0 0.775111 0.621366 0.070354 0.045410
0 0.608933 0.533645 0.052690 0.044935
0 0.558683 0.759260 0.078510 0.057323
0 0.629043 0.713965 0.060282 0.049555
0 0.706181 0.343800 0.056243 0.035818
0 0.816613 0.763502 0.063723 0.049225
0 0.616297 0.577103 0.061537 0.046251
0 0.538251 0.494421 0.059268 0.045901
0 0.624261 0.614240 0.054388 0.050914
0 0.593735 0.426883 0.061811 0.044114
0 0.640769 0.768073 0.069394 0.052357
0 0.731210 0.433723 0.059322 0.036756
0 0.601332 0.465127 0.056315 0.041053
0 0.721444 0.401752 0.053722 0.040701
0 0.549419 0.616768 0.050974 0.045956
0 0.644055 0.821203 0.061932 0.054116
0 0.536069 0.456526 0.057640 0.046285
0 0.816692 0.817016 0.060788 0.051358
0 0.584704 0.370316 0.055843 0.039660
0 0.605072 0.497661 0.060262 0.043529
0 0.717482 0.374811 0.054216 0.036070
0 0.839869 0.878854 0.069106 0.050953
0 0.589374 0.394194 0.046597 0.034730
0 0.401898 0.532363 0.055018 0.043256
0 0.566020 0.817497 0.071209 0.057895
0 0.651656 0.884069 0.060788 0.050462
0 0.700854 0.319264 0.052755 0.031444
0 0.543129 0.530884 0.055574 0.043589
0 0.698658 0.287671 0.042342 0.032435
0 0.536158 0.422620 0.050972 0.042878
0 0.691691 0.264723 0.035563 0.030734
0 0.580342 0.338694 0.044563 0.031920
0 0.688454 0.246899 0.039754 0.027034
0 0.847962 0.947500 0.084116 0.055119
0 0.660564 0.953384 0.066680 0.056336
0 0.565939 0.147561 0.038395 0.033804
0 0.399005 0.461814 0.048411 0.041316
0 0.397753 0.497496 0.059261 0.045072
0 0.381402 0.894584 0.081272 0.060361
0 0.532969 0.395458 0.047576 0.031300
0 0.570112 0.885617 0.071782 0.060096
0 0.572438 0.960643 0.088832 0.054900