0 0.379134 0.935479 0.079327 0.059277
0 0.865256 0.895508 0.088750 0.053646
0 0.390167 0.805036 0.061315 0.052324
0 0.392255 0.751891 0.071003 0.056855
0 0.589646 0.958584 0.084362 0.058887
0 0.875490 0.969967 0.084913 0.054648
0 0.378600 0.856846 0.063685 0.055579
0 0.624566 0.549915 0.063325 0.044740
0 0.841782 0.841390 0.083841 0.050892
0 0.385634 0.637025 0.066910 0.050247
0 0.778928 0.584290 0.068524 0.045417
0 0.382083 0.693034 0.078898 0.060937
0 0.661348 0.884199 0.074110 0.057187
0 0.552921 0.649635 0.071033 0.050951
0 0.611591 0.507311 0.046272 0.046823
0 0.765438 0.539756 0.059670 0.043444
0 0.564785 0.704570 0.070942 0.050521
0 0.578225 0.887129 0.071137 0.056706
0 0.818155 0.728786 0.073707 0.049525
0 0.564551 0.828066 0.070638 0.055234
0 0.570916 0.762458 0.073793 0.054785
0 0.650243 0.775605 0.064896 0.049557
0 0.757528 0.823151 0.049310 0.111641
0 0.634034 0.673975 0.064709 0.046725
0 0.795603 0.630895 0.059514 0.043887
0 0.809952 0.677493 0.075339 0.050169
0 0.599138 0.415924 0.056428 0.037331
0 0.618021 0.589382 0.060747 0.044414
0 0.656057 0.827926 0.063798 0.052298
0 0.671161 0.954616 0.061975 0.052747
0 0.627500 0.629723 0.056016 0.042871
0 0.638930 0.726117 0.052478 0.042663
0 0.834748 0.783411 0.067769 0.052643
0 0.690243 0.241732 0.038776 0.032591