0 0.749894 0.489261 0.061619 0.043603
0 0.769895 0.565592 0.066331 0.041705
0 0.810557 0.740486 0.067782 0.053543
0 0.602403 0.417302 0.044390 0.038121
0 0.625352 0.599434 0.058122 0.048628
0 0.561079 0.680193 0.064425 0.053235
0 0.570811 0.789787 0.071296 0.050942
0 0.740722 0.453981 0.061021 0.045808
0 0.616822 0.561059 0.056820 0.054510
0 0.732846 0.393765 0.056100 0.034816
0 0.759518 0.525315 0.060808 0.047003
0 0.632922 0.647885 0.068024 0.042865
0 0.794664 0.687954 0.068797 0.044275
0 0.653150 0.788563 0.062274 0.047339
0 0.590190 0.357733 0.047596 0.038383
0 0.820510 0.795495 0.069581 0.052655
0 0.708485 0.291103 0.050241 0.041654
0 0.734329 0.421879 0.050990 0.031905
0 0.597917 0.456806 0.052897 0.041316
0 0.577852 0.844042 0.062273 0.050980
0 0.567780 0.730859 0.074065 0.051813
0 0.657112 0.845805 0.058113 0.051317
0 0.693557 0.251941 0.041446 0.041526
0 0.715833 0.363367 0.050809 0.041592
0 0.557745 0.631866 0.061698 0.044666
0 0.600558 0.486762 0.054678 0.046146
0 0.594097 0.391426 0.042175 0.038260
0 0.410690 0.637094 0.051749 0.043820
0 0.409438 0.690304 0.070947 0.050080
0 0.400674 0.851813 0.061765 0.052584
0 0.396918 0.916917 0.070947 0.055088
0 0.581380 0.907527 0.074286 0.053836
0 0.576790 0.973783 0.083467 0.051132
0 0.547159 0.520658 0.062600 0.046324
0 0.663595 0.918795 0.060096 0.046324
0 0.661926 0.981295 0.068443 0.036108
0 0.646902 0.736629 0.056757 0.045072
0 0.843884 0.848683 0.065104 0.051332
0 0.842632 0.911283 0.069278 0.053836
0 0.865585 0.974509 0.081798 0.045072