0 0.378437 0.790236 0.068122 0.052681
0 0.826308 0.792148 0.082536 0.055669
0 0.386410 0.727807 0.074271 0.056481
0 0.566221 0.790584 0.079459 0.055772
0 0.633172 0.682828 0.069089 0.054326
0 0.789827 0.644133 0.076188 0.048200
0 0.768896 0.562961 0.064856 0.043328
0 0.572375 0.843205 0.072272 0.054785
0 0.554097 0.733244 0.058049 0.050721
0 0.819011 0.741569 0.062683 0.055043
0 0.390314 0.549335 0.063030 0.044667
0 0.796094 0.689836 0.065530 0.059160
0 0.619730 0.443230 0.056219 0.044340
0 0.778458 0.603608 0.067621 0.053410
0 0.589374 0.174876 0.035362 0.035178
0 0.743472 0.491211 0.052006 0.042739
0 0.647648 0.788981 0.064837 0.060192
0 0.387493 0.847899 0.067748 0.057604
0 0.636484 0.274650 0.036322 0.049532
0 0.622004 0.594452 0.062424 0.055153
0 0.712853 0.364603 0.060497 0.042285
0 0.634215 0.635764 0.049469 0.044722
0 0.845559 0.846358 0.083478 0.058486
0 0.555139 0.679054 0.066301 0.047753
0 0.654237 0.848427 0.080481 0.059355
0 0.635788 0.731809 0.068556 0.055955
0 0.757533 0.524592 0.059337 0.045968
0 0.660176 0.910341 0.071943 0.058223
0 0.387999 0.508060 0.064104 0.039670
0 0.605161 0.402717 0.058471 0.047315
0 0.552402 0.546993 0.065831 0.048140
0 0.612422 0.477407 0.057305 0.038716
0 0.701998 0.294626 0.050701 0.037790
0 0.391703 0.675836 0.069840 0.051437
0 0.387425 0.589525 0.050779 0.044673
0 0.599387 0.305854 0.039689 0.036679
0 0.389914 0.910673 0.088816 0.069506
0 0.546414 0.510572 0.058008 0.049084
0 0.722921 0.396450 0.055989 0.036793
0 0.557739 0.631369 0.058775 0.051443
0 0.621834 0.551198 0.058919 0.053951
0 0.554082 0.588225 0.062980 0.048479
0 0.687690 0.226430 0.046963 0.033789
0 0.611617 0.507058 0.059557 0.045095
0 0.542283 0.410142 0.062982 0.046810
0 0.544050 0.479437 0.052757 0.041116
0 0.698214 0.271943 0.049285 0.032167
0 0.599611 0.373152 0.057771 0.035211
0 0.571829 0.901794 0.078744 0.060444
0 0.730369 0.423002 0.056757 0.038812
0 0.594311 0.974227 0.080892 0.047257
0 0.390005 0.969416 0.076211 0.055360
0 0.739743 0.456340 0.051363 0.037881
0 0.851396 0.914413 0.076790 0.055088
0 0.397149 0.408650 0.063062 0.052491
0 0.544244 0.440063 0.049267 0.036810
0 0.681540 0.976913 0.077624 0.044872
0 0.694478 0.248973 0.045072 0.026292
0 0.867254 0.976287 0.078459 0.046124