0 0.586261 0.178337 0.040270 0.031945
0 0.812731 0.673432 0.070989 0.054642
0 0.592831 0.239387 0.033960 0.033657
0 0.827376 0.722197 0.078965 0.050768
0 0.870203 0.967572 0.090677 0.059535
0 0.859297 0.904283 0.069425 0.051515
0 0.795326 0.617683 0.071181 0.050547
0 0.841735 0.845619 0.071990 0.051525
0 0.377908 0.836015 0.059690 0.050792
0 0.569734 0.840455 0.065389 0.051087
0 0.639837 0.788185 0.069423 0.048619
0 0.652036 0.850732 0.058956 0.048984
0 0.716605 0.357108 0.051694 0.036853
0 0.664976 0.973795 0.060235 0.045022
0 0.794362 0.615385 0.069794 0.046496
0 0.579319 0.906836 0.070036 0.057448
0 0.654697 0.914235 0.058708 0.047149
0 0.579003 0.973701 0.087786 0.047194