0 0.556502 0.727018 0.075590 0.051836
0 0.400896 0.630042 0.067999 0.054876
0 0.562843 0.779600 0.084193 0.061895
0 0.854112 0.962783 0.090907 0.060632
0 0.781118 0.630876 0.074266 0.050983
0 0.573579 0.838285 0.073346 0.053353
0 0.213505 0.740824 0.039883 0.078678
0 0.396335 0.680169 0.064171 0.049115
0 0.601341 0.441995 0.057057 0.042194
0 0.824164 0.777822 0.078303 0.053913
0 0.624852 0.631331 0.068359 0.049967
0 0.747422 0.478086 0.061910 0.038945
0 0.581426 0.958799 0.081411 0.057572
0 0.738685 0.444508 0.057986 0.041374
0 0.796554 0.677178 0.073333 0.051335
0 0.640621 0.724336 0.062622 0.048086
0 0.691395 0.967373 0.076714 0.056387
0 0.543216 0.628073 0.057760 0.044193
0 0.388987 0.782965 0.072487 0.057337
0 0.754983 0.509681 0.062405 0.045104
0 0.835356 0.835557 0.072231 0.057025
0 0.633728 0.674154 0.060069 0.047435
0 0.613974 0.509460 0.057513 0.046263
0 0.403242 0.432298 0.064401 0.050990
0 0.386211 0.728053 0.054826 0.053203
0 0.543160 0.505879 0.061884 0.043815
0 0.646960 0.777360 0.058034 0.048340
0 0.580605 0.897640 0.075117 0.058913
0 0.616454 0.543805 0.052552 0.043691
0 0.663865 0.898389 0.059015 0.050280
0 0.847943 0.893597 0.073811 0.059655
0 0.392576 0.846507 0.081758 0.064173
0 0.532854 0.405680 0.045924 0.037350
0 0.557826 0.672852 0.067109 0.047773
0 0.588168 0.278317 0.048715 0.038158
0 0.688882 0.257132 0.054214 0.034798
0 0.587044 0.303278 0.050929 0.038861
0 0.386832 0.918561 0.091293 0.069219
0 0.768767 0.584531 0.061007 0.047826
0 0.654240 0.830859 0.080208 0.062539
0 0.542654 0.543389 0.056402 0.045319
0 0.757472 0.547965 0.061758 0.044147
0 0.595918 0.377441 0.039579 0.039492
0 0.397793 0.470638 0.050239 0.042018
0 0.621341 0.586393 0.063559 0.046927
0 0.398095 0.541986 0.066441 0.051797
0 0.538036 0.438366 0.054944 0.040065
0 0.805985 0.723854 0.071780 0.054622
0 0.406428 0.504919 0.059418 0.043288
0 0.543103 0.473223 0.057995 0.040000
0 0.719342 0.383923 0.056272 0.039147
0 0.693633 0.283223 0.045703 0.032122
0 0.713937 0.357637 0.050278 0.031602
0 0.699188 0.307705 0.046780 0.033770
0 0.706682 0.330345 0.044128 0.034219