0 0.815178 0.782614 0.083863 0.052923
0 0.560944 0.723952 0.071558 0.055026
0 0.563733 0.902285 0.084253 0.059388
0 0.629449 0.635384 0.067118 0.050612
0 0.643819 0.782982 0.070859 0.052383
0 0.567604 0.778727 0.070061 0.056322
0 0.560241 0.673112 0.078155 0.056172
0 0.551545 0.627933 0.064418 0.048223
0 0.752708 0.519600 0.064557 0.042962
0 0.616523 0.552354 0.056840 0.044056
0 0.568192 0.835824 0.070326 0.055501
0 0.543253 0.509456 0.058928 0.042051
0 0.402867 0.550267 0.064353 0.044987
0 0.392691 0.846973 0.066649 0.055534
0 0.864321 0.969014 0.084666 0.055944
0 0.401816 0.627653 0.064206 0.055176
0 0.599249 0.386462 0.053681 0.040306
0 0.727118 0.416969 0.061224 0.044199
0 0.778850 0.590120 0.071667 0.051712
0 0.746773 0.483460 0.064484 0.043457
0 0.787316 0.634772 0.063069 0.050755
0 0.637478 0.731234 0.065356 0.051400
0 0.796289 0.677702 0.057491 0.049206
0 0.398713 0.730023 0.077791 0.059043
0 0.552350 0.589873 0.066280 0.047402
0 0.546760 0.548112 0.061654 0.044401
0 0.403539 0.588467 0.061072 0.046478
0 0.809594 0.727923 0.078919 0.051628
0 0.631977 0.680501 0.055187 0.049089
0 0.404082 0.678421 0.055082 0.053848
0 0.621300 0.593535 0.050699 0.041211
0 0.615584 0.514014 0.064058 0.047858
0 0.837724 0.833353 0.083720 0.056901
0 0.844870 0.898493 0.073438 0.052220
0 0.663327 0.970430 0.082791 0.053789
0 0.577020 0.969219 0.072791 0.054128
0 0.406495 0.442786 0.062010 0.043906
0 0.689987 0.240944 0.048299 0.031250
0 0.766378 0.553304 0.064249 0.044095
0 0.396823 0.786237 0.062899 0.061354
0 0.538231 0.442354 0.052001 0.038027
0 0.739321 0.449424 0.055951 0.039694
0 0.699301 0.285465 0.048689 0.034082
0 0.407055 0.377565 0.054909 0.037943
0 0.539757 0.412673 0.055833 0.037103
0 0.536771 0.475557 0.054358 0.038978
0 0.603266 0.475846 0.054510 0.040586
0 0.717513 0.360166 0.047743 0.038652
0 0.602342 0.444889 0.045820 0.035599
0 0.577502 0.193542 0.040959 0.028333
0 0.706493 0.311556 0.053715 0.031055
0 0.711899 0.335088 0.046766 0.034772
0 0.693509 0.262858 0.046350 0.029023
0 0.407797 0.407415 0.051003 0.039935
0 0.541630 0.379141 0.044214 0.041641
0 0.593644 0.302871 0.050013 0.036693
0 0.719384 0.387734 0.050408 0.034518
0 0.580219 0.213532 0.044336 0.025814
0 0.286226 0.748343 0.032452 0.078210
0 0.584605 0.234697 0.048681 0.032116
0 0.586747 0.259710 0.041567 0.039629
0 0.588321 0.348932 0.070606 0.043099
0 0.597704 0.329212 0.048438 0.034375