0 0.801515 0.689546 0.077834 0.048551
0 0.773703 0.573831 0.054277 0.043234
0 0.785045 0.643776 0.064593 0.051277
0 0.756227 0.501240 0.056583 0.044768
0 0.748085 0.464307 0.059225 0.044035
0 0.844823 0.845148 0.086595 0.051774
0 0.848487 0.904502 0.073590 0.055013
0 0.815479 0.741084 0.071856 0.051962
0 0.390836 0.555728 0.063641 0.045957
0 0.823985 0.793194 0.070414 0.052218
0 0.643708 0.735912 0.061913 0.049038
0 0.653173 0.787639 0.060688 0.049942
0 0.402171 0.482489 0.054896 0.041401
0 0.354033 0.787434 0.078537 0.056027
0 0.727540 0.369083 0.054255 0.034334
0 0.608951 0.451292 0.053985 0.038018
0 0.741848 0.427750 0.055500 0.038292
0 0.566832 0.731313 0.068229 0.049413
0 0.867228 0.974691 0.081850 0.045436
0 0.616626 0.419424 0.053310 0.040579
0 0.353710 0.733363 0.055921 0.052180
0 0.570698 0.789515 0.078166 0.055088
0 0.706998 0.314704 0.053419 0.032552
0 0.595671 0.321510 0.051255 0.040715
0 0.628319 0.599691 0.066030 0.048001
0 0.659316 0.843420 0.071144 0.055570
0 0.565569 0.678845 0.066944 0.047722
0 0.377799 0.684895 0.066310 0.051895
0 0.633634 0.683291 0.053605 0.047475
0 0.592866 0.353675 0.042169 0.034737
0 0.619075 0.518008 0.059494 0.039183
0 0.382715 0.635581 0.068525 0.050566
0 0.630165 0.642478 0.049966 0.038485
0 0.698752 0.262900 0.049878 0.030992
0 0.731493 0.396778 0.056824 0.044152
0 0.555928 0.585572 0.061173 0.045664
0 0.623549 0.558377 0.058243 0.046890
0 0.352953 0.938467 0.082370 0.049759
0 0.578785 0.216098 0.032296 0.032015
0 0.573755 0.189297 0.033698 0.034595
0 0.570390 0.841323 0.070667 0.048523
0 0.691139 0.238267 0.036725 0.027416
0 0.675655 0.974507 0.077222 0.047049
0 0.679478 0.192974 0.040113 0.030619
0 0.590927 0.289370 0.038646 0.030708
0 0.551831 0.472660 0.055291 0.038405
0 0.665637 0.905184 0.057469 0.048686
0 0.584276 0.262863 0.035237 0.032094
0 0.419872 0.346004 0.053419 0.035056
0 0.414864 0.384190 0.061765 0.041316
0 0.378556 0.857447 0.080963 0.053836
0 0.551749 0.512520 0.048411 0.037560
0 0.555923 0.548828 0.066774 0.042568
0 0.578459 0.911283 0.068443 0.053836
0 0.583467 0.972631 0.085136 0.051332
0 0.595152 0.386694 0.053419 0.036308
0 0.685714 0.218925 0.044237 0.028796
0 0.704077 0.289663 0.045907 0.027544