0 0.615791 0.311336 0.037910 0.036033
0 0.410150 0.899541 0.084694 0.056944
0 0.601696 0.255220 0.039611 0.028344
0 0.649002 0.681460 0.068700 0.050049
0 0.666171 0.788359 0.066068 0.049207
0 0.611768 0.446543 0.055212 0.038787
0 0.657544 0.731367 0.060254 0.045883
0 0.587150 0.786618 0.072983 0.047504
0 0.675913 0.843188 0.071743 0.049388
0 0.673088 0.907845 0.078655 0.056946
0 0.405801 0.963524 0.064047 0.056570
0 0.774207 0.590703 0.069923 0.046097
0 0.585822 0.731113 0.064760 0.049631
0 0.414446 0.623322 0.067608 0.048828
0 0.411108 0.664638 0.067608 0.048828
0 0.414029 0.711589 0.066774 0.055088
0 0.419454 0.766051 0.059261 0.056340
0 0.414864 0.830529 0.061765 0.055088
0 0.589310 0.844927 0.070112 0.056340
0 0.582632 0.910031 0.066774 0.056340
0 0.766259 0.551958 0.051749 0.046324
0 0.789630 0.642728 0.066774 0.045072
0 0.810079 0.689678 0.062600 0.046324
0 0.811749 0.739759 0.077624 0.056340
0 0.834285 0.794847 0.069278 0.051332
0 0.845553 0.851813 0.078459 0.060096
0 0.854734 0.913787 0.073451 0.053836
0 0.877270 0.972005 0.093483 0.052584
0 0.682792 0.976387 0.066774 0.043820
0 0.642311 0.636468 0.064269 0.045072