0 0.795611 0.714992 0.071720 0.048891
0 0.371107 0.828190 0.062534 0.051748
0 0.790065 0.660364 0.056441 0.046050
0 0.392094 0.570650 0.050839 0.042417
0 0.781922 0.615662 0.078576 0.053295
0 0.820164 0.764881 0.075483 0.051086
0 0.373018 0.770750 0.068671 0.054458
0 0.688316 0.249072 0.043257 0.032351
0 0.575335 0.267123 0.037117 0.035582
0 0.835322 0.882462 0.072783 0.054866
0 0.371267 0.725934 0.062221 0.049764
0 0.820984 0.822654 0.076490 0.050722
0 0.563316 0.149998 0.041630 0.031777
0 0.846387 0.946228 0.080522 0.053328
0 0.656576 0.881375 0.059934 0.051386
0 0.587651 0.953482 0.082755 0.060878