0 0.798262 0.681969 0.077270 0.049173
0 0.781343 0.588105 0.074692 0.047318
0 0.766934 0.547376 0.067287 0.044089
0 0.675801 0.968385 0.094353 0.058685
0 0.792305 0.634447 0.074193 0.048711
0 0.140365 0.942093 0.082049 0.065866
0 0.373624 0.712871 0.074870 0.055404
0 0.568644 0.622438 0.059110 0.045306
0 0.588815 0.895833 0.092309 0.068372
0 0.874386 0.965713 0.091645 0.061621
0 0.578268 0.834004 0.073177 0.055286
0 0.836198 0.832757 0.072630 0.050814
0 0.553353 0.500944 0.057782 0.040846
0 0.557010 0.538620 0.056354 0.042305
0 0.573194 0.720033 0.068906 0.052396
0 0.563598 0.577943 0.049262 0.043503
0 0.371743 0.770573 0.077886 0.061315
0 0.620547 0.535719 0.063403 0.044668
0 0.650588 0.778398 0.073615 0.054219
0 0.365710 0.913379 0.074900 0.059922
0 0.572585 0.775814 0.071341 0.051628
0 0.850712 0.901442 0.072179 0.052923
0 0.662658 0.836149 0.075812 0.053301
0 0.363665 0.829837 0.077183 0.062318
0 0.567311 0.669079 0.069805 0.049863
0 0.378579 0.625833 0.070994 0.048672
0 0.649102 0.725355 0.065582 0.050358
0 0.808572 0.727611 0.062205 0.050651
0 0.733264 0.433704 0.063550 0.040768
0 0.641997 0.672279 0.073655 0.051536
0 0.814497 0.777969 0.066094 0.047357
0 0.386313 0.542500 0.068251 0.045612
0 0.600009 0.366530 0.055712 0.042018
0 0.641940 0.618164 0.069106 0.049089
0 0.759264 0.508910 0.057661 0.043483
0 0.716398 0.370397 0.055009 0.040000
0 0.379414 0.580016 0.051701 0.045059
0 0.720768 0.404199 0.052630 0.037786
0 0.616586 0.494697 0.057053 0.045137
0 0.635007 0.575137 0.063095 0.046484
0 0.608657 0.460785 0.057791 0.040918
0 0.703461 0.344258 0.051107 0.036393
0 0.376044 0.665459 0.054761 0.047155
0 0.691923 0.295495 0.043490 0.039948
0 0.606118 0.399199 0.046914 0.038529
0 0.606719 0.429688 0.053715 0.038750
0 0.664128 0.895361 0.058950 0.052520
0 0.741150 0.466868 0.060477 0.045117