0 0.681225 0.230586 0.047807 0.032941
0 0.798217 0.667402 0.057915 0.046055
0 0.651988 0.885724 0.059310 0.053551
0 0.822504 0.768420 0.081929 0.052900
0 0.832685 0.826467 0.070819 0.056824
0 0.646181 0.772128 0.061790 0.051649
0 0.376375 0.832018 0.069461 0.058382
0 0.601401 0.496149 0.064546 0.045992
0 0.409478 0.362673 0.058506 0.044629
0 0.382652 0.771719 0.068998 0.054797
0 0.775218 0.625736 0.066014 0.045556
0 0.565531 0.828115 0.080467 0.057573
0 0.769559 0.582845 0.060966 0.044331
0 0.574270 0.145971 0.040375 0.032650
0 0.376306 0.716780 0.074908 0.059823
0 0.618270 0.616376 0.068948 0.049960
0 0.805363 0.717400 0.059764 0.048399
0 0.564651 0.770794 0.071270 0.054305
0 0.627355 0.666065 0.060794 0.055990
0 0.609287 0.535924 0.053310 0.045840
0 0.853850 0.962601 0.078223 0.060217
0 0.378422 0.664940 0.052865 0.047925
0 0.648830 0.826666 0.057712 0.049252
0 0.577016 0.949924 0.078749 0.058576
0 0.665560 0.959347 0.082888 0.057998
0 0.847266 0.883119 0.074693 0.050895
0 0.575196 0.881099 0.071103 0.056142
0 0.558614 0.708163 0.069891 0.052697
0 0.616854 0.576998 0.061765 0.041316
0 0.638138 0.717223 0.072616 0.056340