0 0.573307 0.726576 0.075026 0.051966
0 0.658743 0.838730 0.072956 0.053333
0 0.567873 0.780677 0.069175 0.054505
0 0.567433 0.838965 0.072131 0.055169
0 0.646274 0.774424 0.071732 0.054876
0 0.802648 0.727865 0.080833 0.050951
0 0.788589 0.633757 0.070651 0.048997
0 0.637684 0.677038 0.059284 0.047487
0 0.780655 0.587135 0.070069 0.054857
0 0.587307 0.972012 0.085690 0.051250
0 0.746625 0.479762 0.059718 0.043626
0 0.848468 0.896423 0.073142 0.054225
0 0.395187 0.726087 0.070122 0.058268
0 0.854707 0.964469 0.086688 0.057012
0 0.575979 0.897246 0.068164 0.055651
0 0.562205 0.627389 0.050547 0.047214
0 0.662977 0.902285 0.067075 0.056771
0 0.567756 0.676260 0.068290 0.050736
0 0.644214 0.723285 0.061970 0.051660
0 0.618435 0.547936 0.058971 0.048164
0 0.557474 0.579544 0.056007 0.045977
0 0.384325 0.839453 0.084119 0.070221
0 0.550493 0.539671 0.055135 0.041309
0 0.830727 0.834499 0.091784 0.061354
0 0.819783 0.774993 0.061484 0.054115
0 0.399618 0.673864 0.060608 0.053431
0 0.378596 0.919245 0.075768 0.060430
0 0.752062 0.520605 0.064401 0.045651
0 0.628045 0.628285 0.054423 0.051777
0 0.616908 0.510023 0.062652 0.042949
0 0.801374 0.679733 0.062062 0.049622
0 0.387274 0.619157 0.065130 0.051803
0 0.602279 0.383893 0.042474 0.041445
0 0.625812 0.589616 0.063455 0.045703
0 0.208363 0.756165 0.069064 0.156849
0 0.614434 0.474118 0.049397 0.040033
0 0.391558 0.777412 0.061094 0.057376
0 0.610937 0.441481 0.057760 0.041738
0 0.684718 0.971387 0.075972 0.053294