0 0.397325 0.669901 0.076307 0.055530
0 0.405800 0.437761 0.056522 0.036838
0 0.389543 0.725761 0.072361 0.050676
0 0.400510 0.375240 0.057833 0.043332
0 0.610965 0.369866 0.053989 0.035858
0 0.370721 0.836696 0.080318 0.063427
0 0.606856 0.339347 0.051909 0.034988
0 0.599104 0.284430 0.042266 0.028079
0 0.694259 0.278266 0.045510 0.032811
0 0.561052 0.504010 0.056239 0.038062
0 0.373548 0.908779 0.089310 0.066356
0 0.553419 0.436774 0.051749 0.036308
0 0.554671 0.469326 0.055923 0.038812
0 0.567191 0.546950 0.060931 0.046324
0 0.563852 0.586388 0.050915 0.047576
0 0.575538 0.672776 0.070947 0.050080
0 0.575538 0.721605 0.065939 0.055088
0 0.584302 0.782953 0.078459 0.052584
0 0.598908 0.906275 0.074286 0.056340
0 0.600578 0.975035 0.085971 0.048628
0 0.605168 0.315956 0.043403 0.035056
0 0.602247 0.253355 0.042568 0.032552
0 0.615602 0.435522 0.050915 0.038812
0 0.620192 0.469326 0.063435 0.041316
0 0.626452 0.508138 0.055923 0.043820
0 0.635634 0.546950 0.064269 0.043820
0 0.635634 0.588266 0.050915 0.043820
0 0.642311 0.628956 0.067608 0.050080
0 0.651075 0.675280 0.058427 0.045072
0 0.661091 0.735377 0.071782 0.052584
0 0.661508 0.791717 0.070947 0.050080
0 0.673611 0.851813 0.068443 0.052584
0 0.678202 0.918169 0.060931 0.052584
0 0.686966 0.976913 0.073451 0.044872
0 0.691139 0.248347 0.053419 0.035056
0 0.710754 0.323468 0.055923 0.037560
0 0.714510 0.356020 0.051749 0.040064
0 0.729951 0.412360 0.054253 0.037560
0 0.738298 0.442408 0.044237 0.037560
0 0.745393 0.478090 0.068443 0.041316
0 0.753739 0.513146 0.058427 0.043820
0 0.764173 0.553836 0.050915 0.045072
0 0.777110 0.595778 0.071782 0.048828
0 0.793386 0.646484 0.067608 0.050080
0 0.805906 0.695312 0.065939 0.047576
0 0.821765 0.742889 0.062600 0.047576
0 0.826773 0.797351 0.072616 0.053836
0 0.839710 0.851813 0.078459 0.057592
0 0.855986 0.913161 0.067608 0.057592
0 0.878940 0.971379 0.088475 0.053836