0 0.404594 0.367334 0.058077 0.047754
0 0.601133 0.353011 0.052500 0.038092
0 0.381376 0.820895 0.081606 0.058301
0 0.659544 0.775518 0.074670 0.056660
0 0.396189 0.702549 0.072813 0.051009
0 0.855640 0.962171 0.085109 0.063835
0 0.390890 0.756344 0.074974 0.056061
0 0.575914 0.825023 0.070352 0.055918
0 0.583702 0.885977 0.069540 0.058594
0 0.788225 0.638975 0.072031 0.049889
0 0.563657 0.621680 0.063546 0.045391
0 0.852355 0.896777 0.071168 0.054518
0 0.567524 0.669580 0.061055 0.045280
0 0.573329 0.769808 0.076354 0.052389
0 0.549978 0.536165 0.049957 0.041654
0 0.774505 0.590029 0.070512 0.049160
0 0.555885 0.577083 0.060339 0.043646
0 0.835573 0.784352 0.066111 0.054460
0 0.601877 0.405257 0.052027 0.040749
0 0.643192 0.674154 0.067070 0.046654
0 0.655354 0.720758 0.060013 0.048991
0 0.624151 0.549574 0.060890 0.043835
0 0.844399 0.838493 0.078720 0.056178
0 0.388177 0.883232 0.067326 0.060059
0 0.797418 0.688252 0.058620 0.047858
0 0.571628 0.717194 0.061936 0.048945
0 0.607266 0.440928 0.055304 0.038704
0 0.745773 0.465661 0.056536 0.043001
0 0.636849 0.632126 0.063663 0.043197
0 0.658097 0.833730 0.074822 0.056680
0 0.742207 0.431484 0.046402 0.038333
0 0.552198 0.500101 0.059449 0.042559
0 0.807674 0.738148 0.065095 0.049473
0 0.764425 0.549215 0.065161 0.043040
0 0.707836 0.316462 0.054379 0.043105
0 0.626113 0.590973 0.060204 0.044329
0 0.617444 0.510449 0.057266 0.042031
0 0.666645 0.893900 0.063776 0.056120
0 0.544599 0.464128 0.051141 0.037904
0 0.755024 0.510947 0.063763 0.043066
0 0.595833 0.958783 0.092135 0.071055
0 0.675764 0.974365 0.065313 0.047324
0 0.611756 0.474596 0.055117 0.037422
0 0.691567 0.264303 0.039219 0.035052
0 0.601727 0.269834 0.052101 0.035957
0 0.728524 0.402305 0.052812 0.038945
0 0.716842 0.371510 0.052261 0.036133
0 0.685388 0.238844 0.049848 0.031191
0 0.682554 0.215101 0.045838 0.031908
0 0.602101 0.318307 0.040885 0.036641
0 0.600401 0.295579 0.048737 0.034518