0 0.396264 0.463331 0.061225 0.043126
0 0.401471 0.786810 0.074001 0.053055
0 0.652925 0.715555 0.067554 0.048556
0 0.658843 0.772168 0.071045 0.049322
0 0.667336 0.830217 0.075893 0.054352
0 0.583755 0.805805 0.069641 0.053030
0 0.569048 0.702168 0.073134 0.052722
0 0.729119 0.406575 0.054556 0.043382
0 0.650723 0.664136 0.059109 0.048049
0 0.666062 0.894019 0.068683 0.054702
0 0.850388 0.881215 0.071061 0.050622
0 0.816704 0.759077 0.073672 0.050874
0 0.587005 0.942913 0.081540 0.056420
0 0.395677 0.590107 0.049810 0.044093
0 0.582704 0.869775 0.078663 0.056168
0 0.596792 0.268640 0.048686 0.043779
0 0.750985 0.505816 0.064456 0.040626
0 0.835956 0.819434 0.072029 0.049250
0 0.551567 0.474448 0.048975 0.040003
0 0.869364 0.935425 0.068107 0.054401
0 0.405111 0.373829 0.059010 0.044653
0 0.401781 0.548102 0.063414 0.044610
0 0.717459 0.371009 0.058361 0.041256
0 0.555894 0.519673 0.054913 0.041009
0 0.706502 0.337165 0.042813 0.037501
0 0.790599 0.635907 0.068055 0.043620
0 0.593955 0.222155 0.041584 0.029810
0 0.605433 0.391863 0.054558 0.039134
0 0.601182 0.249796 0.043029 0.032945
0 0.769695 0.584725 0.070424 0.047083
0 0.612858 0.457800 0.058072 0.039327
0 0.567608 0.653996 0.063435 0.045072
0 0.560096 0.606420 0.053419 0.047576
0 0.561348 0.563852 0.059261 0.040064
0 0.667351 0.958859 0.062600 0.053836
0 0.636886 0.616436 0.066774 0.050080
0 0.630208 0.580128 0.060096 0.042568
0 0.621862 0.538186 0.063435 0.043820
0 0.618523 0.494366 0.055088 0.046324
0 0.616854 0.424254 0.055088 0.041316
0 0.602664 0.364158 0.041733 0.031300
0 0.799229 0.684670 0.057592 0.048828
0 0.015249 0.935697 0.030499 0.060096