0 0.573635 0.726198 0.075864 0.051875
0 0.567224 0.838978 0.072270 0.056120
0 0.567828 0.780762 0.070195 0.056315
0 0.659164 0.837881 0.073485 0.053848
0 0.246131 0.639147 0.070577 0.049896
0 0.646356 0.774079 0.071280 0.055345
0 0.829295 0.838229 0.082209 0.053698
0 0.394392 0.727845 0.072786 0.059063
0 0.774462 0.592754 0.062717 0.043307
0 0.231617 0.733213 0.085161 0.057507
0 0.587784 0.971833 0.085560 0.051491
0 0.788574 0.633460 0.070273 0.049121
0 0.848815 0.895710 0.073012 0.053698
0 0.575736 0.896891 0.069275 0.055332
0 0.854824 0.964603 0.086862 0.057161
0 0.746669 0.479131 0.059440 0.045007
0 0.661901 0.895824 0.062431 0.054186
0 0.396949 0.429395 0.061172 0.042240
0 0.399970 0.673438 0.061727 0.054583
0 0.637595 0.676048 0.061753 0.048125
0 0.567880 0.677067 0.068624 0.049980
0 0.557099 0.578649 0.056576 0.045775
0 0.387381 0.617913 0.064805 0.052741
0 0.762261 0.550986 0.066181 0.044941
0 0.383728 0.973864 0.084201 0.047285
0 0.396823 0.782949 0.058411 0.053177
0 0.378997 0.918890 0.076181 0.057103
0 0.236654 0.683831 0.061207 0.048848
0 0.643878 0.722692 0.063225 0.051803
0 0.820189 0.772679 0.060412 0.055436
0 0.382051 0.857139 0.071931 0.062038
0 0.702209 0.309906 0.053186 0.040033
0 0.609809 0.442861 0.057500 0.043288
0 0.724837 0.392679 0.056411 0.045280
0 0.692543 0.275560 0.055104 0.040469
0 0.550586 0.536426 0.055946 0.048503
0 0.618876 0.548197 0.060226 0.047695
0 0.625393 0.589785 0.063615 0.046393
0 0.752059 0.517103 0.064214 0.040091
0 0.714427 0.357230 0.058264 0.041725
0 0.546079 0.500785 0.057964 0.043405
0 0.616986 0.510527 0.065143 0.044961
0 0.546966 0.462887 0.064175 0.046296
0 0.628240 0.628330 0.056272 0.051400
0 0.604744 0.411855 0.054479 0.038346
0 0.541966 0.429606 0.057161 0.044603
0 0.394620 0.577409 0.066584 0.049141
0 0.602520 0.382012 0.042062 0.037279
0 0.396005 0.466696 0.050256 0.043822
0 0.587261 0.279521 0.048767 0.036074
0 0.685655 0.972272 0.074271 0.051940
0 0.589091 0.329762 0.043746 0.034707
0 0.545345 0.373652 0.042418 0.042969
0 0.590176 0.307129 0.051940 0.038659
0 0.593974 0.357070 0.049371 0.034336