0 0.384358 0.716798 0.062850 0.050881
0 0.379835 0.660824 0.071807 0.058353
0 0.817147 0.765484 0.082772 0.052492
0 0.388836 0.765304 0.069981 0.056431
0 0.777268 0.575600 0.073319 0.047047
0 0.785597 0.620343 0.070540 0.047607
0 0.745322 0.479797 0.061566 0.042057
0 0.765960 0.522478 0.062196 0.045294
0 0.553158 0.711967 0.075090 0.055244
0 0.799163 0.714482 0.076179 0.054614
0 0.836649 0.825712 0.074875 0.058440
0 0.796523 0.667387 0.069605 0.051689
0 0.379883 0.618713 0.059492 0.045788
0 0.739883 0.443317 0.059263 0.041571
0 0.632374 0.718383 0.068290 0.051521
0 0.385293 0.831943 0.069021 0.056507
0 0.617173 0.627916 0.060904 0.046884
0 0.569047 0.817079 0.071891 0.060147
0 0.382703 0.572736 0.066958 0.055309
0 0.618966 0.584851 0.068082 0.050583
0 0.384554 0.536579 0.066659 0.044020
0 0.565232 0.757782 0.073563 0.053812
0 0.626905 0.667159 0.064335 0.050391
0 0.733805 0.407183 0.063727 0.044235
0 0.651094 0.818090 0.077717 0.064277
0 0.841974 0.881135 0.073931 0.057393
0 0.612098 0.536967 0.057102 0.052318
0 0.645545 0.764802 0.055941 0.044299
0 0.657079 0.886755 0.067848 0.054648
0 0.551478 0.658939 0.051779 0.049511
0 0.721356 0.373767 0.051687 0.041720
0 0.548050 0.613904 0.064783 0.050294
0 0.714168 0.346358 0.057441 0.035598
0 0.390327 0.497470 0.048226 0.041256
0 0.575525 0.882606 0.069818 0.054263
0 0.605609 0.500145 0.057545 0.048539
0 0.604217 0.458789 0.055321 0.043610
0 0.599157 0.395178 0.051686 0.036608
0 0.600954 0.427004 0.048106 0.039813
0 0.536749 0.487467 0.061968 0.041146
0 0.411239 0.357362 0.058649 0.043377
0 0.541265 0.566380 0.056460 0.049158
0 0.538812 0.526918 0.049245 0.040064
0 0.597656 0.366662 0.056757 0.045072
0 0.592648 0.340996 0.053419 0.036308
0 0.582632 0.958859 0.086806 0.062600
0 0.675280 0.959485 0.086806 0.063852
0 0.850561 0.957607 0.076790 0.060096
0 0.574286 0.144431 0.041733 0.036308
0 0.660674 0.135667 0.040899 0.026292
0 0.686131 0.262745 0.048411 0.030048
0 0.696982 0.290915 0.041733 0.038812