0 0.053906 0.954863 0.093220 0.061224
0 0.677441 0.967770 0.076549 0.056868
0 0.797819 0.677487 0.078025 0.049648
0 0.855530 0.967376 0.089757 0.057005
0 0.787333 0.634108 0.078147 0.047240
0 0.400345 0.633083 0.076107 0.052637
0 0.401825 0.586465 0.066680 0.049766
0 0.557118 0.673730 0.069141 0.049401
0 0.394514 0.784362 0.069783 0.055417
0 0.738173 0.450146 0.055269 0.039290
0 0.393626 0.726136 0.060412 0.053561
0 0.809674 0.725850 0.067812 0.052285
0 0.581293 0.967516 0.089245 0.059316
0 0.568947 0.835452 0.075716 0.057298
0 0.401743 0.845540 0.068242 0.056563
0 0.392912 0.678887 0.054740 0.049310
0 0.406523 0.477350 0.064531 0.044388
0 0.631628 0.630856 0.073229 0.049108
0 0.763103 0.552946 0.068837 0.048171
0 0.530280 0.508389 0.066246 0.049264
0 0.565193 0.721637 0.060655 0.054746
0 0.663707 0.900319 0.081675 0.059245
0 0.416291 0.376657 0.059475 0.046374
0 0.532533 0.439554 0.055551 0.042337
0 0.623435 0.587510 0.062834 0.048574
0 0.401819 0.543877 0.064071 0.045267
0 0.754230 0.516517 0.060056 0.041862
0 0.647728 0.784242 0.067044 0.057194
0 0.633121 0.675690 0.063464 0.049935
0 0.726374 0.387497 0.053147 0.042493
0 0.845566 0.897217 0.081489 0.062910
0 0.549427 0.589085 0.068524 0.050605
0 0.643346 0.730016 0.055217 0.048014
0 0.574805 0.897575 0.080538 0.065592
0 0.834839 0.834495 0.077266 0.056322
0 0.565714 0.776305 0.060404 0.055566
0 0.817196 0.776087 0.069913 0.054870
0 0.533861 0.378190 0.050812 0.043789
0 0.606324 0.505664 0.063299 0.045156
0 0.690701 0.240846 0.040629 0.036602
0 0.540985 0.474528 0.063411 0.039512
0 0.611602 0.543880 0.072161 0.054349
0 0.541011 0.547741 0.053828 0.044219