0 0.210306 0.826924 0.093051 0.064147
0 0.309503 0.610355 0.072799 0.049316
0 0.194414 0.898558 0.093550 0.058001
0 0.388924 0.902865 0.077717 0.062487
0 0.382166 0.770635 0.079149 0.062624
0 0.754520 0.501934 0.059301 0.041406
0 0.660165 0.827594 0.078993 0.060215
0 0.762409 0.538620 0.062839 0.044805
0 0.776651 0.580195 0.068763 0.046393
0 0.631812 0.616608 0.063494 0.049570
0 0.640640 0.724303 0.075256 0.057188
0 0.666743 0.892777 0.063572 0.052012
0 0.223891 0.722354 0.069857 0.050944
0 0.732737 0.435361 0.058181 0.044759
0 0.641994 0.676292 0.073555 0.050163
0 0.651879 0.778900 0.057665 0.045859
0 0.382038 0.624001 0.065187 0.049616
0 0.399073 0.415775 0.053615 0.038672
0 0.580414 0.970163 0.091871 0.054948
0 0.860562 0.972103 0.077105 0.050495
0 0.677513 0.962725 0.081337 0.057376
0 0.380048 0.715156 0.076380 0.058880
0 0.213496 0.768994 0.065386 0.054069
0 0.846636 0.905361 0.073663 0.054889
0 0.803058 0.676224 0.078633 0.051797
0 0.379280 0.575863 0.073438 0.057051
0 0.381669 0.534561 0.066367 0.043730
0 0.532033 0.400830 0.052010 0.041543
0 0.386426 0.838590 0.069970 0.054837
0 0.552986 0.583320 0.051424 0.044271
0 0.391328 0.967874 0.074809 0.058092
0 0.812901 0.732962 0.061376 0.053294
0 0.393648 0.451624 0.049258 0.041842
0 0.558867 0.679209 0.069306 0.050788
0 0.558277 0.727539 0.068802 0.051562
0 0.829588 0.839287 0.064826 0.049967
0 0.388240 0.489284 0.049023 0.044492
0 0.577014 0.899854 0.073681 0.059316
0 0.573939 0.775221 0.078468 0.058542
0 0.722480 0.400072 0.056089 0.041198
0 0.621454 0.571745 0.055712 0.049974
0 0.549898 0.624932 0.065898 0.053066
0 0.542352 0.541416 0.065851 0.049811
0 0.535783 0.435117 0.053303 0.041510
0 0.610271 0.534583 0.061324 0.046445
0 0.539829 0.501113 0.059293 0.044076
0 0.784653 0.621243 0.059193 0.048008
0 0.825241 0.780049 0.068069 0.056178
0 0.537079 0.468737 0.050825 0.039141
0 0.608043 0.496855 0.058212 0.044453
0 0.671641 0.214674 0.049167 0.037005
0 0.709651 0.345465 0.054188 0.036061
0 0.691682 0.289134 0.044648 0.034505
0 0.712708 0.371654 0.052344 0.035130
0 0.603116 0.432783 0.054965 0.039694
0 0.587292 0.258701 0.049271 0.041790
0 0.703132 0.315706 0.047148 0.034837
0 0.602266 0.400918 0.053984 0.040013
0 0.587300 0.285436 0.048707 0.036432
0 0.590825 0.310791 0.051337 0.036204
0 0.594609 0.336152 0.054323 0.040312
0 0.686864 0.266790 0.050890 0.030573
0 0.607756 0.463428 0.055434 0.040072
0 0.678772 0.239232 0.039757 0.036094
0 0.590373 0.358382 0.043611 0.043678
0 0.058890 0.886221 0.115371 0.083014