0 0.599162 0.291652 0.040883 0.033854
0 0.742431 0.473793 0.057573 0.038972
0 0.804907 0.670620 0.071160 0.052686
0 0.631221 0.701479 0.063042 0.046206
0 0.756756 0.506192 0.060551 0.039762
0 0.770611 0.541922 0.067390 0.044941
0 0.599401 0.450997 0.054599 0.048268
0 0.786271 0.583133 0.063182 0.046341
0 0.612569 0.566741 0.061542 0.046339
0 0.602941 0.489629 0.059351 0.044680
0 0.382969 0.614304 0.068011 0.049889
0 0.818746 0.721974 0.068637 0.047064
0 0.581552 0.207383 0.033749 0.033305
0 0.796836 0.626030 0.055066 0.048152
0 0.736428 0.438661 0.056984 0.039608
0 0.592077 0.415753 0.059568 0.038087
0 0.385547 0.663519 0.070768 0.052284
0 0.561963 0.752921 0.076827 0.051577
0 0.611920 0.526241 0.061896 0.044243
0 0.690663 0.267458 0.042450 0.026953
0 0.547288 0.592209 0.066220 0.053454
0 0.554131 0.642038 0.065408 0.048425
0 0.716088 0.352448 0.051562 0.040020
0 0.618717 0.608730 0.062211 0.045868
0 0.630081 0.654046 0.049127 0.039128
0 0.730925 0.407827 0.065660 0.037259
0 0.364425 0.768901 0.060421 0.053439
0 0.636208 0.751831 0.056736 0.045340
0 0.556803 0.689102 0.066683 0.053738
0 0.369080 0.717540 0.070097 0.051817
0 0.707586 0.320544 0.041718 0.038250
0 0.841557 0.768829 0.061608 0.044769
0 0.545072 0.555088 0.055088 0.038812
0 0.384253 0.566383 0.056930 0.049999
0 0.692057 0.293503 0.043240 0.034471
0 0.362084 0.834072 0.077576 0.052159
0 0.390241 0.424880 0.045907 0.041316
0 0.388154 0.457432 0.060096 0.043820
0 0.381477 0.489984 0.053419 0.046324
0 0.385650 0.535682 0.058427 0.045072
0 0.567191 0.804863 0.072616 0.052584
0 0.578042 0.866211 0.067608 0.057592
0 0.589727 0.930063 0.062600 0.055088
0 0.547159 0.516902 0.052584 0.040064
0 0.649406 0.858073 0.070112 0.056340
0 0.665264 0.914413 0.060096 0.051332
0 0.588892 0.387320 0.044237 0.033804
0 0.874349 0.946339 0.084302 0.062600
0 0.850561 0.825521 0.081798 0.056340
0 0.688635 0.245217 0.045072 0.035056