0 0.596402 0.969326 0.087101 0.055423
0 0.573173 0.788079 0.078446 0.053906
0 0.270777 0.534466 0.069896 0.047044
0 0.597033 0.903311 0.075473 0.060736
0 0.533546 0.376488 0.050278 0.042624
0 0.395508 0.630947 0.066797 0.049772
0 0.819651 0.741022 0.075803 0.051823
0 0.653238 0.783620 0.071571 0.050013
0 0.867680 0.901022 0.096888 0.063919
0 0.411133 0.579740 0.060668 0.048867
0 0.396163 0.922230 0.077595 0.058561
0 0.660388 0.845316 0.066940 0.057233
0 0.385825 0.780674 0.070851 0.057689
0 0.868746 0.965749 0.085443 0.061888
0 0.853145 0.843613 0.085230 0.054141
0 0.540061 0.448835 0.051684 0.040312
0 0.415098 0.466989 0.061636 0.048848
0 0.539164 0.415088 0.053016 0.038639
0 0.781189 0.602057 0.068142 0.050078
0 0.396107 0.853971 0.063663 0.055039
0 0.637146 0.680182 0.059353 0.045026
0 0.769816 0.558053 0.071602 0.047031
0 0.645299 0.729476 0.063030 0.048353
0 0.675970 0.907982 0.059440 0.052305
0 0.682652 0.969242 0.076562 0.053158
0 0.560304 0.599141 0.058177 0.045612
0 0.608700 0.470882 0.056419 0.044668
0 0.835004 0.789603 0.069444 0.051901
0 0.544375 0.484528 0.056632 0.042767
0 0.614167 0.512194 0.062457 0.045703
0 0.576658 0.836468 0.069852 0.058340
0 0.566517 0.676872 0.068207 0.050163
0 0.634974 0.634040 0.068212 0.053001
0 0.389846 0.681608 0.058963 0.048620
0 0.798594 0.691947 0.067613 0.051367
0 0.314364 0.842484 0.082782 0.057025
0 0.409399 0.378226 0.057930 0.041322
0 0.281296 0.494883 0.057331 0.043958
0 0.733105 0.420000 0.052808 0.041107
0 0.620282 0.553773 0.061910 0.045540
0 0.759277 0.519834 0.066246 0.047285
0 0.416059 0.410589 0.058220 0.038730
0 0.414143 0.508265 0.060421 0.039941
0 0.789405 0.643763 0.063229 0.048021
0 0.696957 0.290911 0.053967 0.036289
0 0.569996 0.732116 0.073811 0.055495
0 0.604171 0.297637 0.053012 0.039518
0 0.585953 0.205313 0.038451 0.029440
0 0.604855 0.437373 0.055864 0.039954
0 0.413290 0.540355 0.050582 0.040072
0 0.551578 0.515837 0.047565 0.042715
0 0.609731 0.350560 0.053082 0.038763
0 0.751309 0.485960 0.061332 0.041882
0 0.698336 0.264456 0.051115 0.030684
0 0.691875 0.241032 0.045920 0.029603
0 0.744240 0.454570 0.064028 0.041758
0 0.386343 0.724294 0.058121 0.055645
0 0.722335 0.369473 0.056293 0.033125
0 0.601834 0.270309 0.037808 0.030840
0 0.557055 0.556038 0.063138 0.048600
0 0.628355 0.593206 0.056198 0.046608
0 0.604787 0.377985 0.052153 0.039915
0 0.715401 0.342210 0.047565 0.036152
0 0.685592 0.216774 0.041428 0.034655
0 0.588366 0.227181 0.041549 0.030130
0 0.413826 0.435684 0.045430 0.037839
0 0.602730 0.406410 0.058108 0.039915
0 0.607289 0.324486 0.046897 0.033945
0 0.728407 0.392533 0.048125 0.035443
0 0.397776 0.977467 0.060543 0.040495
0 0.708722 0.316654 0.047253 0.031432
0 0.594770 0.249238 0.036059 0.027708