0 0.561313 0.668600 0.071654 0.052956
0 0.832146 0.775072 0.083520 0.052721
0 0.402925 0.787936 0.076753 0.057253
0 0.226089 0.799727 0.047396 0.115781
0 0.572524 0.784463 0.065299 0.053405
0 0.652355 0.781120 0.075265 0.055117
0 0.579746 0.850316 0.072053 0.053639
0 0.853531 0.895951 0.073329 0.051615
0 0.658049 0.840394 0.057140 0.046868
0 0.656723 0.898424 0.061250 0.049844
0 0.679727 0.969222 0.074800 0.056022
0 0.404097 0.852253 0.074566 0.055807
0 0.405399 0.592796 0.067491 0.046895
0 0.767418 0.496322 0.063012 0.043594
0 0.403622 0.731543 0.074162 0.054062
0 0.805718 0.670296 0.073251 0.051257
0 0.531955 0.377035 0.052574 0.039303
0 0.815642 0.720999 0.071042 0.051374
0 0.790126 0.579577 0.058915 0.042891
0 0.395660 0.636523 0.069740 0.052409
0 0.646005 0.726657 0.061515 0.049368
0 0.844171 0.834300 0.065243 0.050618
0 0.406289 0.509775 0.046710 0.042650
0 0.571016 0.730417 0.071198 0.050260
0 0.577969 0.908555 0.071892 0.058906
0 0.575213 0.224492 0.046016 0.035612
0 0.544612 0.571569 0.061523 0.044818
0 0.780202 0.534837 0.061254 0.044440
0 0.636283 0.672474 0.065829 0.053763
0 0.796434 0.620788 0.065881 0.047148
0 0.403878 0.550117 0.051732 0.044701
0 0.410777 0.467438 0.049861 0.042337
0 0.549052 0.612705 0.065143 0.051087
0 0.625647 0.590413 0.058516 0.044382
0 0.874460 0.961693 0.084414 0.060534
0 0.634991 0.628538 0.057717 0.047116
0 0.552129 0.532321 0.062973 0.045879
0 0.537209 0.449561 0.060200 0.045996
0 0.615447 0.540788 0.057743 0.049375
0 0.540493 0.491468 0.050508 0.042415
0 0.400686 0.921406 0.061641 0.058411
0 0.409182 0.419434 0.060039 0.048685
0 0.727409 0.389974 0.055651 0.038711
0 0.722250 0.359785 0.055178 0.037214
0 0.607941 0.498753 0.061784 0.044967
0 0.586855 0.268014 0.038485 0.035273
0 0.743190 0.422520 0.062726 0.043477
0 0.756591 0.458236 0.059492 0.043672
0 0.588644 0.300589 0.048312 0.035788
0 0.705091 0.310798 0.056389 0.042650
0 0.591968 0.363040 0.053320 0.047370
0 0.592018 0.330540 0.052057 0.040169
0 0.600447 0.431149 0.052326 0.039590
0 0.608318 0.463558 0.054674 0.040085
0 0.692177 0.260856 0.047018 0.034134
0 0.594885 0.401338 0.056740 0.039902
0 0.698433 0.283851 0.051354 0.029421
0 0.691202 0.235173 0.041632 0.033249