0 0.400291 0.373898 0.058342 0.043349
0 0.407568 0.434780 0.056324 0.037792
0 0.405682 0.468700 0.058427 0.042568
0 0.407352 0.506886 0.063435 0.043820
0 0.397336 0.672150 0.078459 0.051332
0 0.389824 0.729743 0.071782 0.048828
0 0.382729 0.782953 0.067608 0.052584
0 0.372713 0.841797 0.077624 0.057592
0 0.373548 0.909405 0.092648 0.060096
0 0.554671 0.434896 0.050915 0.035056
0 0.555505 0.467448 0.055923 0.040064
0 0.561765 0.506260 0.055088 0.042568
0 0.566774 0.548202 0.061765 0.043820
0 0.562600 0.586388 0.051749 0.042568
0 0.576790 0.675906 0.066774 0.048828
0 0.576790 0.724109 0.066774 0.055088
0 0.582632 0.777945 0.075120 0.055088
0 0.598074 0.908153 0.074286 0.062600
0 0.601830 0.974509 0.085136 0.047576
0 0.602664 0.251477 0.040064 0.038812
0 0.604751 0.315956 0.040899 0.030048
0 0.608090 0.339744 0.052584 0.035056
0 0.613098 0.371670 0.050915 0.041316
0 0.613932 0.400466 0.052584 0.038812
0 0.618523 0.434270 0.050080 0.041316
0 0.621027 0.468700 0.061765 0.042568
0 0.628956 0.510642 0.057592 0.043820
0 0.641476 0.628330 0.067608 0.051332
0 0.650658 0.671524 0.055923 0.050080
0 0.661926 0.736003 0.073451 0.053836
0 0.664012 0.790465 0.067608 0.055088
0 0.671942 0.849309 0.061765 0.057592
0 0.680288 0.919421 0.061765 0.047576
0 0.685296 0.978791 0.071782 0.041116
0 0.689052 0.247095 0.049245 0.035056
0 0.694895 0.280273 0.045907 0.033804
0 0.710337 0.323468 0.055088 0.032552
0 0.714093 0.350386 0.050915 0.033804
0 0.722022 0.380434 0.048411 0.033804
0 0.730369 0.409856 0.051749 0.035056
0 0.739550 0.441156 0.048411 0.040064
0 0.742889 0.477464 0.063435 0.040064
0 0.755409 0.515024 0.060096 0.040064
0 0.764590 0.553210 0.050080 0.041316
0 0.780866 0.597656 0.070947 0.047576
0 0.795890 0.645858 0.074286 0.048828
0 0.806741 0.692808 0.060931 0.050080
0 0.820513 0.739759 0.060096 0.048828
0 0.825938 0.796725 0.067608 0.052584
0 0.840545 0.849309 0.081798 0.057592
0 0.857238 0.910657 0.068443 0.057592
0 0.879774 0.970027 0.091814 0.058644