0 0.696487 0.260700 0.049883 0.040410
0 0.401413 0.466634 0.046306 0.041602
0 0.764028 0.523626 0.065182 0.042383
0 0.384134 0.699271 0.071836 0.051888
0 0.743500 0.435042 0.057391 0.042650
0 0.381563 0.648926 0.066068 0.048190
0 0.780590 0.594606 0.068689 0.044147
0 0.402246 0.545397 0.058607 0.043255
0 0.535736 0.530726 0.058832 0.042897
0 0.381463 0.875400 0.086050 0.061543
0 0.759603 0.481517 0.061636 0.049076
0 0.412799 0.370970 0.061536 0.045951
0 0.541840 0.572021 0.060903 0.044095
0 0.570840 0.833773 0.072582 0.055137
0 0.611808 0.587148 0.061567 0.045638
0 0.577815 0.899938 0.069909 0.059616
0 0.400365 0.588561 0.064288 0.045443
0 0.606426 0.546029 0.061593 0.043867
0 0.559670 0.725117 0.072891 0.050312
0 0.652307 0.842617 0.068164 0.056029
0 0.580076 0.971712 0.086194 0.052852
0 0.380571 0.756973 0.056888 0.048581
0 0.607897 0.474883 0.057192 0.043932
0 0.544078 0.619896 0.063164 0.045430
0 0.810378 0.729333 0.071450 0.050345
0 0.835718 0.833249 0.080464 0.058125
0 0.823114 0.778457 0.077270 0.052799
0 0.639824 0.732122 0.060282 0.050312
0 0.664909 0.916042 0.078394 0.060690
0 0.399323 0.505885 0.046580 0.039896
0 0.548904 0.666576 0.069457 0.051836
0 0.786697 0.635225 0.056085 0.043418
0 0.710454 0.315072 0.050490 0.034427
0 0.797910 0.679626 0.076532 0.050332
0 0.643474 0.785062 0.072713 0.054954
0 0.537435 0.428743 0.051693 0.036458
0 0.614835 0.631188 0.066892 0.048743
0 0.566667 0.776198 0.064826 0.052253
0 0.844353 0.901289 0.072943 0.054297
0 0.626309 0.683971 0.064848 0.049609
0 0.603746 0.441859 0.054444 0.040579
0 0.605093 0.508861 0.054049 0.044909
0 0.386838 0.809857 0.058676 0.050651
0 0.734026 0.405690 0.060143 0.037591
0 0.716873 0.345215 0.055039 0.035755
0 0.599184 0.408760 0.049878 0.038327
0 0.538138 0.460651 0.059384 0.041445
0 0.857912 0.970264 0.079115 0.054967
0 0.595202 0.379170 0.054701 0.040059
0 0.721593 0.374460 0.051424 0.034505
0 0.534017 0.492126 0.044544 0.045423
0 0.665740 0.980251 0.064588 0.036986