0 0.817369 0.766677 0.083815 0.053318
0 0.785088 0.622321 0.071803 0.051663
0 0.746107 0.479911 0.059521 0.042622
0 0.774303 0.577054 0.079033 0.050656
0 0.793189 0.667742 0.076747 0.052336
0 0.380261 0.662435 0.071778 0.053848
0 0.387466 0.830371 0.062862 0.051173
0 0.798551 0.719840 0.076956 0.062509
0 0.738902 0.443462 0.056649 0.040511
0 0.389078 0.764877 0.070539 0.055119
0 0.834524 0.821964 0.072168 0.058244
0 0.383602 0.716967 0.062280 0.050341
0 0.766993 0.523012 0.059921 0.045292
0 0.737254 0.405093 0.057173 0.040826
0 0.696563 0.284013 0.040630 0.039737
0 0.385035 0.536586 0.066788 0.043692
0 0.380276 0.618595 0.058437 0.045032
0 0.660782 0.133952 0.040270 0.030492
0 0.842950 0.884012 0.072302 0.052651
0 0.382765 0.573506 0.066264 0.055227
0 0.680998 0.260783 0.031249 0.028528
0 0.714656 0.348496 0.056402 0.037993
0 0.551022 0.658664 0.052012 0.046327
0 0.616992 0.626559 0.057485 0.044455
0 0.549350 0.613636 0.062308 0.047548
0 0.617392 0.584071 0.065714 0.049608
0 0.554047 0.713646 0.073592 0.052232
0 0.612951 0.536523 0.057653 0.050204
0 0.390570 0.497783 0.048508 0.040758
0 0.540648 0.564574 0.055848 0.047073
0 0.628561 0.666933 0.062459 0.046543
0 0.722050 0.374411 0.050136 0.037086
0 0.604242 0.499331 0.055736 0.046078
0 0.632407 0.717734 0.067085 0.047973
0 0.564874 0.758589 0.076340 0.055031
0 0.602057 0.458503 0.051125 0.044296
0 0.568930 0.819105 0.071989 0.053811
0 0.591529 0.343813 0.052644 0.041586
0 0.411200 0.357165 0.058010 0.043451
0 0.646067 0.770433 0.056757 0.046324
0 0.650240 0.821139 0.071782 0.057592
0 0.576372 0.885617 0.070947 0.061348
0 0.656918 0.886869 0.073451 0.058844
0 0.579711 0.957607 0.082632 0.062600
0 0.663178 0.961989 0.065939 0.056340
0 0.537977 0.527544 0.049245 0.046324
0 0.537143 0.487480 0.062600 0.048828
0 0.596822 0.369166 0.051749 0.040064
0 0.598491 0.402344 0.055088 0.038812
0 0.603916 0.428636 0.054253 0.038812
0 0.854317 0.960737 0.072616 0.063852