0 0.801838 0.691586 0.077566 0.049161
0 0.817457 0.742432 0.073317 0.052133
0 0.748286 0.466313 0.059307 0.044008
0 0.594744 0.382792 0.049006 0.040858
0 0.773845 0.573423 0.055657 0.046035
0 0.764714 0.533690 0.056953 0.048335
0 0.744114 0.427880 0.057456 0.046193
0 0.785161 0.611025 0.051917 0.045862
0 0.631090 0.604690 0.070019 0.041612
0 0.383577 0.636284 0.068614 0.051384
0 0.622506 0.557349 0.055888 0.044535
0 0.591617 0.350717 0.041485 0.039580
0 0.570437 0.791123 0.080778 0.053900
0 0.619695 0.516783 0.058204 0.043435
0 0.377708 0.855160 0.082658 0.054270
0 0.355091 0.789839 0.077812 0.061348
0 0.690866 0.237315 0.042067 0.031366
0 0.823851 0.794316 0.068556 0.051847
0 0.868634 0.975439 0.090723 0.044427
0 0.608294 0.451542 0.050514 0.042041
0 0.377922 0.687116 0.065163 0.054005
0 0.756112 0.501608 0.053504 0.036982
0 0.583465 0.234087 0.035174 0.033981
0 0.643403 0.737002 0.060416 0.045819
0 0.724656 0.371140 0.043337 0.033585
0 0.630085 0.642841 0.051995 0.040289
0 0.732265 0.399725 0.053775 0.039210
0 0.612064 0.482819 0.054651 0.038253
0 0.389618 0.592172 0.050919 0.044576
0 0.415851 0.382543 0.058117 0.045874
0 0.849167 0.905291 0.070582 0.050013
0 0.633547 0.687800 0.056757 0.057592
0 0.845510 0.844787 0.088560 0.061069
0 0.659225 0.845495 0.072176 0.052469
0 0.579263 0.909352 0.075059 0.062494
0 0.567847 0.731345 0.068116 0.047961
0 0.675747 0.972937 0.077525 0.049440
0 0.354857 0.731986 0.058506 0.052245
0 0.564413 0.681222 0.067061 0.044436
0 0.568443 0.846179 0.070112 0.053836
0 0.582215 0.974409 0.085971 0.049880
0 0.653162 0.788587 0.065939 0.046324
0 0.667351 0.908779 0.064269 0.056340