0 0.388004 0.730244 0.073088 0.051770
0 0.578110 0.740472 0.077240 0.051758
0 0.398865 0.586120 0.069128 0.046492
0 0.578853 0.642144 0.069177 0.048809
0 0.401605 0.546289 0.054793 0.040763
0 0.652291 0.698695 0.064632 0.051480
0 0.789052 0.647424 0.070964 0.052027
0 0.623133 0.483349 0.063530 0.048149
0 0.769234 0.563822 0.071465 0.046410
0 0.777975 0.604128 0.066915 0.050747
0 0.603441 0.331506 0.050052 0.036567
0 0.639225 0.605004 0.057263 0.041919
0 0.601612 0.359248 0.049907 0.042677
0 0.566430 0.559491 0.067808 0.040136
0 0.555508 0.484723 0.059762 0.041094
0 0.585945 0.856970 0.072453 0.054298
0 0.613198 0.413580 0.050583 0.046256
0 0.653808 0.740426 0.054489 0.047653
0 0.577213 0.596087 0.067335 0.044956
0 0.650370 0.650451 0.068889 0.054911
0 0.613507 0.450452 0.052250 0.040748
0 0.548580 0.452006 0.052281 0.037731
0 0.401716 0.504973 0.048824 0.042499
0 0.630539 0.563714 0.059989 0.048784
0 0.802792 0.694912 0.059574 0.048477
0 0.670669 0.922939 0.071448 0.054934
0 0.661905 0.864817 0.060137 0.059129
0 0.578272 0.923509 0.079755 0.066944
0 0.699751 0.275571 0.048158 0.040241
0 0.759428 0.526330 0.061813 0.049503
0 0.725725 0.380934 0.051021 0.039812
0 0.734402 0.417612 0.068162 0.042080
0 0.846180 0.857418 0.069687 0.053418
0 0.597275 0.259927 0.044165 0.036938
0 0.602149 0.307815 0.042358 0.035185
0 0.560020 0.520910 0.055601 0.037662
0 0.830564 0.800987 0.077775 0.052136
0 0.808994 0.743645 0.069779 0.064113
0 0.686715 0.225773 0.039562 0.027620
0 0.593755 0.235283 0.044527 0.031463
0 0.399005 0.424254 0.065104 0.053836
0 0.680244 0.208889 0.038484 0.031340
0 0.740122 0.449883 0.061240 0.042641
0 0.693162 0.249581 0.047703 0.030084
0 0.395666 0.848057 0.081798 0.060096
0 0.392328 0.920047 0.090144 0.071364
0 0.598491 0.282777 0.041733 0.036308
0 0.594318 0.218299 0.041733 0.032552
0 0.595987 0.195763 0.035056 0.032552
0 0.861829 0.920673 0.072616 0.055088
0 0.874766 0.978165 0.083467 0.042368