0 0.390573 0.749382 0.073733 0.060508
0 0.819794 0.777161 0.082331 0.053867
0 0.661571 0.880742 0.075764 0.055599
0 0.381669 0.692090 0.080352 0.064401
0 0.546895 0.605475 0.058051 0.045208
0 0.756458 0.501217 0.063611 0.041784
0 0.817003 0.726624 0.075647 0.051452
0 0.389497 0.802090 0.063316 0.054896
0 0.794581 0.630309 0.062001 0.050775
0 0.386838 0.635999 0.065603 0.053405
0 0.555694 0.651016 0.073247 0.053958
0 0.777891 0.585387 0.069844 0.049915
0 0.564512 0.703467 0.073763 0.058145
0 0.538555 0.561878 0.070382 0.051061
0 0.564861 0.825664 0.071597 0.056263
0 0.744201 0.466445 0.057891 0.040299
0 0.626562 0.629391 0.060373 0.047493
0 0.865866 0.894753 0.087834 0.055807
0 0.764429 0.539046 0.061714 0.047389
0 0.388674 0.591221 0.066523 0.049759
0 0.842001 0.839971 0.083238 0.053561
0 0.577763 0.884362 0.074510 0.058437
0 0.720360 0.364284 0.059444 0.039466
0 0.655586 0.823216 0.067031 0.054831
0 0.638472 0.722718 0.056128 0.046270
0 0.649505 0.771120 0.067847 0.056133
0 0.378134 0.922910 0.076493 0.063359
0 0.570616 0.758981 0.076571 0.058275
0 0.392797 0.473343 0.057643 0.042767
0 0.590471 0.957721 0.085299 0.064297
0 0.633618 0.673255 0.068971 0.051094
0 0.584479 0.233519 0.047205 0.037168
0 0.547103 0.522132 0.060091 0.042546
0 0.618574 0.588128 0.064275 0.048236
0 0.394540 0.544495 0.061589 0.050592
0 0.730078 0.400225 0.057726 0.048587
0 0.624293 0.549473 0.065634 0.048711
0 0.671013 0.950648 0.064180 0.057520
0 0.379102 0.855387 0.062795 0.056217
0 0.544718 0.481253 0.054731 0.044837
0 0.585462 0.266924 0.048659 0.035384
0 0.396152 0.509378 0.062253 0.043743
0 0.618676 0.509102 0.063594 0.047422
0 0.609540 0.472142 0.055182 0.043086
0 0.595161 0.351270 0.053264 0.039831
0 0.590786 0.382445 0.057161 0.039408
0 0.586680 0.293161 0.047769 0.033301
0 0.599382 0.412298 0.055951 0.040482
0 0.702168 0.291927 0.048971 0.031549
0 0.594900 0.317585 0.040807 0.038320
0 0.603366 0.440625 0.046115 0.038893
0 0.695054 0.269733 0.050664 0.030573
0 0.689796 0.238581 0.041467 0.033958
0 0.705074 0.318389 0.045703 0.039681
0 0.666120 0.997565 0.088186 0.004870