0 0.393319 0.571119 0.065227 0.049406
0 0.385309 0.773198 0.070049 0.054618
0 0.386916 0.714592 0.076459 0.057836
0 0.387201 0.826134 0.067734 0.055689
0 0.556095 0.662239 0.062744 0.051379
0 0.556253 0.712396 0.074588 0.050876
0 0.774397 0.620048 0.065370 0.045657
0 0.735093 0.466229 0.057195 0.041702
0 0.559824 0.133374 0.042673 0.037684
0 0.752975 0.538022 0.062333 0.042928
0 0.559383 0.758993 0.078863 0.060453
0 0.545677 0.571178 0.061959 0.050512
0 0.795670 0.712055 0.066009 0.049174
0 0.767999 0.574642 0.071279 0.051269
0 0.537682 0.493782 0.058967 0.042668
0 0.624378 0.614602 0.055998 0.050369
0 0.695043 0.290196 0.056067 0.041662
0 0.566053 0.821259 0.072021 0.060846
0 0.629629 0.713011 0.063791 0.051267
0 0.731645 0.432101 0.057693 0.037982
0 0.817262 0.761416 0.062879 0.044406
0 0.706254 0.343135 0.060379 0.038545
0 0.745322 0.498623 0.054854 0.046249
0 0.548974 0.613406 0.050461 0.049856
0 0.645658 0.820066 0.062537 0.055316
0 0.641245 0.767683 0.069573 0.054276
0 0.848985 0.945494 0.087703 0.055499
0 0.716714 0.372233 0.056580 0.039056
0 0.687815 0.247557 0.044168 0.037625
0 0.721641 0.399845 0.052795 0.039435
0 0.780336 0.661137 0.078208 0.048483
0 0.396547 0.493915 0.056849 0.042919
0 0.385410 0.659069 0.066293 0.050210
0 0.633521 0.664724 0.069932 0.058329
0 0.841360 0.877013 0.073742 0.051510
0 0.609880 0.533808 0.055265 0.046003
0 0.594792 0.427340 0.062206 0.043085
0 0.701346 0.316385 0.053040 0.029186
0 0.386795 0.613004 0.054208 0.049476
0 0.400695 0.529707 0.056949 0.045205
0 0.605385 0.496872 0.061026 0.043812
0 0.543151 0.531180 0.057993 0.044805
0 0.586529 0.371371 0.057421 0.046315
0 0.537145 0.455366 0.059315 0.043363
0 0.818060 0.819996 0.071341 0.053148
0 0.601563 0.458913 0.056845 0.046209
0 0.652441 0.883307 0.059611 0.050403
0 0.534987 0.419172 0.046603 0.028649
0 0.587467 0.393757 0.045847 0.035488
0 0.585449 0.336941 0.054071 0.040471
0 0.661812 0.954135 0.065276 0.053751
0 0.570947 0.884365 0.073451 0.065104
0 0.574703 0.958233 0.085971 0.065104
0 0.531717 0.394206 0.048411 0.038812
0 0.397603 0.462199 0.048855 0.042196