0 0.356219 0.651542 0.071198 0.052304
0 0.358677 0.754784 0.055129 0.051460
0 0.359230 0.806175 0.074656 0.058205
0 0.745091 0.470702 0.065193 0.039946
0 0.639639 0.730532 0.062900 0.051744
0 0.775501 0.590886 0.064757 0.055695
0 0.655082 0.846774 0.064806 0.056685
0 0.370185 0.561430 0.065895 0.049943
0 0.762020 0.544152 0.063041 0.043712
0 0.802882 0.682409 0.056879 0.049493
0 0.752592 0.507820 0.066729 0.039761
0 0.785830 0.639709 0.064855 0.044553
0 0.567851 0.838775 0.072205 0.053924
0 0.569823 0.780171 0.071685 0.052941
0 0.849363 0.841310 0.084194 0.054115
0 0.620344 0.587067 0.057485 0.049684
0 0.635894 0.681369 0.060256 0.046765
0 0.652338 0.784802 0.076447 0.053112
0 0.808665 0.734303 0.065705 0.043952
0 0.624834 0.634249 0.061912 0.050803
0 0.723547 0.411160 0.053953 0.042515
0 0.551452 0.581054 0.063377 0.045361
0 0.554586 0.667215 0.060114 0.047420
0 0.566081 0.726585 0.068150 0.052743
0 0.667947 0.902724 0.058225 0.050445
0 0.585001 0.972061 0.088346 0.049690
0 0.832134 0.788454 0.065363 0.050680
0 0.544634 0.537871 0.067072 0.046628
0 0.619452 0.548930 0.057733 0.043243
0 0.374036 0.516136 0.063068 0.045636
0 0.400955 0.471945 0.057843 0.045125
0 0.602047 0.441739 0.054399 0.043943
0 0.587979 0.383210 0.056079 0.041861
0 0.712276 0.345455 0.051164 0.040167
0 0.853823 0.906596 0.069957 0.054803
0 0.549149 0.625015 0.064150 0.053085
0 0.406578 0.383775 0.058504 0.043879
0 0.719431 0.379611 0.058340 0.040651
0 0.600157 0.412000 0.051137 0.037151
0 0.382749 0.873313 0.080922 0.057161
0 0.707053 0.319732 0.047717 0.033871
0 0.608734 0.480303 0.056182 0.043098
0 0.867793 0.971848 0.089406 0.050403
0 0.400345 0.435032 0.058521 0.041797
0 0.611442 0.510870 0.056221 0.045961
0 0.541690 0.497811 0.049215 0.042102
0 0.692495 0.232485 0.042360 0.030875
0 0.699365 0.294571 0.051990 0.029847
0 0.540590 0.467436 0.051775 0.037733
0 0.581844 0.899777 0.070991 0.054078
0 0.698174 0.270381 0.048926 0.031443
0 0.587061 0.326485 0.038896 0.034421
0 0.586521 0.280594 0.040634 0.031941
0 0.575279 0.191672 0.043085 0.025710
0 0.669438 0.981921 0.063435 0.034856
0 0.590562 0.355394 0.049245 0.033804
0 0.582632 0.253981 0.036725 0.033804
0 0.580963 0.217047 0.048411 0.035056
0 0.686131 0.210161 0.041733 0.028796