0 0.397752 0.732067 0.072995 0.056348
0 0.583546 0.896276 0.081380 0.058398
0 0.801018 0.727617 0.075065 0.052734
0 0.399729 0.635667 0.071914 0.050814
0 0.567648 0.776768 0.072135 0.054694
0 0.799512 0.680179 0.071419 0.047923
0 0.575742 0.833245 0.080521 0.059121
0 0.558741 0.728037 0.061667 0.050827
0 0.399236 0.788262 0.078750 0.058594
0 0.550582 0.626816 0.065260 0.048164
0 0.765805 0.550391 0.070569 0.043750
0 0.789084 0.633464 0.064392 0.051055
0 0.400386 0.863913 0.067344 0.058711
0 0.557945 0.674173 0.068659 0.049271
0 0.579635 0.965817 0.089922 0.060137
0 0.612493 0.508223 0.057826 0.045195
0 0.397958 0.681104 0.054136 0.048535
0 0.609759 0.474505 0.054718 0.037448
0 0.752422 0.515251 0.067943 0.043379
0 0.819052 0.781279 0.072357 0.052611
0 0.645551 0.773649 0.083151 0.061829
0 0.639171 0.720908 0.063030 0.050449
0 0.670187 0.968213 0.083941 0.056243
0 0.775193 0.589561 0.069787 0.047806
0 0.551283 0.584570 0.048190 0.042682
0 0.615577 0.544648 0.061745 0.043555
0 0.629523 0.671309 0.061337 0.052591
0 0.747912 0.477972 0.061788 0.043327
0 0.404911 0.545957 0.050421 0.048893
0 0.625308 0.627191 0.063707 0.049329
0 0.720475 0.384531 0.060569 0.041081
0 0.401016 0.503887 0.057951 0.047331
0 0.604227 0.441035 0.059618 0.041185
0 0.408793 0.590026 0.053724 0.046706
0 0.854060 0.965667 0.074839 0.060527
0 0.599358 0.413219 0.055069 0.038184
0 0.838663 0.901986 0.072457 0.055091
0 0.592374 0.329577 0.049453 0.042096
0 0.656380 0.841074 0.065712 0.055026
0 0.620124 0.584538 0.065907 0.050247
0 0.829575 0.837008 0.071267 0.055827
0 0.661057 0.900592 0.060603 0.051797
0 0.707331 0.333226 0.053620 0.036504
0 0.597830 0.381650 0.040894 0.035254
0 0.739666 0.444574 0.054870 0.040957
0 0.220313 0.720801 0.067623 0.143866
0 0.728839 0.417015 0.056749 0.040931
0 0.690438 0.239004 0.040043 0.034505
0 0.713924 0.357279 0.050191 0.034401