0 0.757000 0.525331 0.068729 0.041096
0 0.655467 0.848481 0.067543 0.054197
0 0.394429 0.734686 0.072631 0.059230
0 0.784521 0.602386 0.060537 0.045683
0 0.821433 0.790903 0.075394 0.049730
0 0.800098 0.687363 0.057961 0.044769
0 0.662293 0.907883 0.062701 0.049540
0 0.772445 0.564831 0.060863 0.045582
0 0.388340 0.676004 0.068775 0.053735
0 0.741018 0.458346 0.056511 0.039916
0 0.750938 0.491409 0.063763 0.040828
0 0.816104 0.741136 0.061549 0.052594
0 0.850978 0.911909 0.069278 0.055088
0 0.388780 0.789348 0.054939 0.049502
0 0.585100 0.973906 0.089009 0.046879
0 0.731191 0.394429 0.058398 0.045931
0 0.861369 0.973473 0.082550 0.047895
0 0.835774 0.844221 0.070272 0.052617
0 0.783313 0.645154 0.060477 0.044894
0 0.572851 0.840037 0.064048 0.055634
0 0.639665 0.736933 0.060197 0.048791
0 0.628539 0.559470 0.063435 0.048828
0 0.630737 0.644525 0.062377 0.048666
0 0.637665 0.689373 0.059496 0.047944
0 0.643332 0.785973 0.055848 0.046660
0 0.558604 0.734012 0.067907 0.048128
0 0.560931 0.782953 0.066774 0.040064
0 0.395666 0.852439 0.078459 0.061348
0 0.556757 0.600160 0.058427 0.040064
0 0.581380 0.911283 0.067608 0.051332
0 0.669438 0.982547 0.058427 0.033604
0 0.684044 0.229567 0.039229 0.037560