0 0.388753 0.730094 0.072984 0.057261
0 0.389584 0.679073 0.052137 0.048814
0 0.386157 0.632633 0.067238 0.054791
0 0.389234 0.852151 0.080887 0.059957
0 0.570941 0.735949 0.065952 0.049760
0 0.395111 0.787795 0.062877 0.052253
0 0.781516 0.604138 0.068373 0.045247
0 0.566065 0.630937 0.062560 0.048031
0 0.390211 0.586339 0.067669 0.049981
0 0.561595 0.583692 0.046289 0.044313
0 0.619318 0.512396 0.064563 0.045969
0 0.551495 0.542025 0.061842 0.045864
0 0.567994 0.677734 0.068120 0.051510
0 0.790851 0.647645 0.065894 0.046921
0 0.810197 0.740110 0.077251 0.052772
0 0.330183 0.477739 0.027684 0.051948
0 0.547484 0.497772 0.051770 0.045297
0 0.805838 0.692686 0.059015 0.044404
0 0.769797 0.559196 0.062724 0.043700
0 0.617521 0.556830 0.054664 0.046926
0 0.608635 0.471054 0.056599 0.043872
0 0.636779 0.689128 0.059430 0.047599
0 0.384182 0.910630 0.066973 0.062027
0 0.381468 0.972056 0.072800 0.050816
0 0.641125 0.646207 0.069185 0.052112
0 0.403666 0.508168 0.061486 0.044166
0 0.400080 0.468112 0.062202 0.039975
0 0.410546 0.433123 0.061354 0.041967
0 0.571536 0.791058 0.063957 0.056254
0 0.742333 0.474283 0.057869 0.038711
0 0.724179 0.395917 0.055744 0.043492
0 0.628648 0.600768 0.060536 0.047523
0 0.543558 0.466095 0.053285 0.038955
0 0.646133 0.737006 0.064675 0.046017
0 0.547858 0.432067 0.053548 0.040435
0 0.382018 0.545157 0.050729 0.041241
0 0.604779 0.322112 0.048130 0.037375
0 0.734883 0.439250 0.055956 0.040995
0 0.643968 0.781149 0.060382 0.052001
0 0.579975 0.841241 0.074615 0.050931
0 0.610343 0.435026 0.048648 0.036369
0 0.714670 0.340208 0.049760 0.030976
0 0.724924 0.367489 0.057632 0.037074
0 0.840564 0.881454 0.070916 0.050319
0 0.827378 0.818901 0.082937 0.051594
0 0.545680 0.370106 0.051270 0.039174
0 0.608041 0.408734 0.048004 0.038265
0 0.660382 0.842718 0.071156 0.050351
0 0.548737 0.399318 0.054052 0.035987
0 0.680103 0.197977 0.052175 0.034391
0 0.706619 0.291706 0.050838 0.036638
0 0.402921 0.386245 0.057273 0.042923
0 0.604101 0.382312 0.055553 0.037560
0 0.695729 0.267285 0.047914 0.032017
0 0.596289 0.270257 0.039460 0.033804
0 0.413194 0.354142 0.040064 0.036308
0 0.587223 0.900641 0.084302 0.060096
0 0.599743 0.966271 0.079294 0.066156
0 0.665682 0.901893 0.062600 0.050080
0 0.676115 0.975035 0.061765 0.048628
0 0.604334 0.356646 0.050080 0.033804
0 0.600160 0.295923 0.041733 0.030048
0 0.597239 0.248347 0.044237 0.027544
0 0.592231 0.228315 0.045907 0.032552
0 0.591396 0.205779 0.049245 0.030048
0 0.587640 0.185121 0.035056 0.026292
0 0.583884 0.164463 0.044237 0.030048
0 0.862664 0.947591 0.077624 0.053836
0 0.715345 0.319086 0.043403 0.031300
0 0.694478 0.248347 0.050080 0.027544
0 0.685714 0.222681 0.052584 0.031300