0 0.801016 0.727650 0.075469 0.053268
0 0.397908 0.731602 0.073238 0.055977
0 0.672960 0.968135 0.080174 0.056478
0 0.400831 0.635182 0.072799 0.050182
0 0.567691 0.776634 0.072222 0.055716
0 0.799451 0.680029 0.071150 0.047220
0 0.583283 0.896908 0.081254 0.059857
0 0.575699 0.833978 0.080304 0.060586
0 0.558600 0.727699 0.062626 0.051543
0 0.550252 0.626400 0.065434 0.048802
0 0.643761 0.772917 0.078728 0.061081
0 0.397687 0.681377 0.054436 0.048405
0 0.545367 0.548268 0.065543 0.043307
0 0.819041 0.781410 0.072708 0.054733
0 0.766165 0.550332 0.072148 0.044401
0 0.788952 0.633236 0.064223 0.050651
0 0.612500 0.508610 0.057587 0.044993
0 0.609785 0.474326 0.055082 0.038314
0 0.638492 0.721146 0.063303 0.049805
0 0.557754 0.673678 0.069874 0.051172
0 0.581352 0.965570 0.093477 0.061309
0 0.753696 0.515495 0.071072 0.043229
0 0.829373 0.835785 0.070187 0.054238
0 0.748477 0.478011 0.063889 0.044421
0 0.399928 0.863477 0.065612 0.056771
0 0.624872 0.627018 0.063451 0.048542
0 0.657231 0.841602 0.070634 0.058542
0 0.399946 0.788854 0.079232 0.058581
0 0.662198 0.900299 0.061619 0.053685
0 0.550935 0.584225 0.047999 0.042695
0 0.721217 0.384622 0.062105 0.041094
0 0.775747 0.589912 0.071615 0.047988
0 0.855250 0.964040 0.078511 0.062285
0 0.408898 0.589580 0.053568 0.046947
0 0.404418 0.545068 0.049688 0.045618
0 0.628236 0.671423 0.059744 0.053444
0 0.604868 0.440921 0.060135 0.041283
0 0.616066 0.545296 0.061975 0.042910
0 0.599149 0.412725 0.054991 0.037884
0 0.839039 0.901038 0.073702 0.060020
0 0.404510 0.470977 0.063984 0.042852
0 0.592934 0.329382 0.051155 0.041875
0 0.400992 0.503607 0.057470 0.047578
0 0.597810 0.381781 0.042348 0.035710
0 0.621011 0.584854 0.067717 0.051921
0 0.730441 0.417090 0.059874 0.040846
0 0.690714 0.238721 0.041124 0.033457
0 0.714475 0.356826 0.050842 0.034043
0 0.739388 0.444531 0.054965 0.040221
0 0.707780 0.333037 0.054084 0.035918
0 0.709360 0.306048 0.052721 0.035755
0 0.698535 0.284388 0.052444 0.029531