0 0.252240 0.604811 0.037413 0.076302
0 0.584855 0.841699 0.081784 0.057839
0 0.851432 0.895579 0.087891 0.057643
0 0.403947 0.382812 0.057808 0.041745
0 0.377159 0.630309 0.069501 0.052181
0 0.731400 0.429766 0.057869 0.042448
0 0.581871 0.673385 0.076580 0.051393
0 0.372938 0.728001 0.070990 0.054948
0 0.587847 0.778747 0.086580 0.063171
0 0.377068 0.678942 0.071220 0.053171
0 0.660371 0.839544 0.059848 0.049687
0 0.595911 0.903356 0.077717 0.056790
0 0.778333 0.581647 0.068498 0.045677
0 0.833064 0.832487 0.074392 0.052044
0 0.580645 0.726735 0.073303 0.049863
0 0.789907 0.626647 0.070100 0.053750
0 0.668060 0.787126 0.063576 0.054368
0 0.387099 0.546064 0.065864 0.048340
0 0.567053 0.578955 0.065373 0.046348
0 0.823327 0.721468 0.062157 0.047832
0 0.383513 0.585384 0.061923 0.044870
0 0.661719 0.734821 0.073967 0.053522
0 0.603804 0.968877 0.085230 0.056803
0 0.562268 0.535192 0.055534 0.044382
0 0.379364 0.794935 0.068945 0.053359
0 0.648856 0.638542 0.063416 0.050378
0 0.825069 0.769456 0.068594 0.050671
0 0.575076 0.625241 0.063824 0.049310
0 0.740688 0.464811 0.058798 0.039062
0 0.754405 0.498669 0.061111 0.047142
0 0.680530 0.899798 0.070738 0.057448
0 0.373854 0.861351 0.064974 0.062129
0 0.658739 0.684974 0.063468 0.050065
0 0.542335 0.426820 0.049514 0.038835
0 0.628659 0.551673 0.059375 0.045182
0 0.636326 0.594157 0.062530 0.047871
0 0.386877 0.472070 0.046602 0.038802
0 0.724839 0.398408 0.056441 0.038861
0 0.384609 0.506960 0.047656 0.039648
0 0.545907 0.463923 0.051450 0.039004
0 0.804002 0.674170 0.067066 0.056934
0 0.624199 0.510221 0.056168 0.045247
0 0.719837 0.370199 0.054119 0.037181
0 0.688548 0.261400 0.050378 0.038099
0 0.553340 0.497100 0.054779 0.043118
0 0.590866 0.314147 0.050569 0.038255
0 0.707771 0.315260 0.050786 0.035651
0 0.580406 0.241133 0.045551 0.035365
0 0.594015 0.349023 0.052214 0.042982
0 0.688869 0.969264 0.081975 0.057396
0 0.606491 0.405374 0.058633 0.048132
0 0.623357 0.476025 0.043815 0.038743
0 0.470781 0.614626 0.032752 0.075501
0 0.381254 0.939229 0.089852 0.071074
0 0.603012 0.448750 0.056745 0.043607
0 0.880651 0.966901 0.064757 0.057812
0 0.714484 0.345182 0.054878 0.034010
0 0.582344 0.264196 0.042595 0.031712
0 0.699301 0.289600 0.043220 0.034850
0 0.588123 0.289277 0.043885 0.032214