0 0.530218 0.376934 0.053629 0.036266
0 0.594651 0.380169 0.054102 0.034289
0 0.603232 0.412112 0.058071 0.037620
0 0.334300 0.600735 0.055182 0.046144
0 0.559867 0.501640 0.060304 0.042754
0 0.610852 0.350818 0.052530 0.037727
0 0.542781 0.415126 0.044646 0.042043
0 0.592435 0.208057 0.038738 0.031460
0 0.413409 0.457231 0.062544 0.042971
0 0.407395 0.899713 0.078776 0.056322
0 0.613342 0.442376 0.053631 0.040267
0 0.556557 0.464816 0.045469 0.035702
0 0.609178 0.303844 0.037826 0.038295
0 0.414283 0.616531 0.064745 0.048964
0 0.415559 0.423761 0.061092 0.039467
0 0.739149 0.444380 0.058206 0.035609
0 0.417250 0.574298 0.054437 0.039690
0 0.413665 0.501151 0.057487 0.042771
0 0.715043 0.351460 0.047387 0.031286
0 0.774932 0.589002 0.071742 0.044734
0 0.403409 0.958935 0.057349 0.051977
0 0.676371 0.214503 0.044700 0.032237
0 0.747511 0.475695 0.058978 0.043358
0 0.727865 0.408895 0.057614 0.037263
0 0.418202 0.540690 0.048411 0.041316
0 0.411108 0.664012 0.070947 0.052584
0 0.414446 0.713467 0.069278 0.051332
0 0.419454 0.766051 0.059261 0.048828
0 0.342665 0.762295 0.082632 0.056340
0 0.320964 0.830529 0.080963 0.055088
0 0.415281 0.830529 0.060931 0.055088
0 0.584719 0.731621 0.070947 0.055088
0 0.570947 0.634590 0.063435 0.048828
0 0.584719 0.786709 0.075955 0.055088
0 0.592231 0.843675 0.069278 0.051332
0 0.582215 0.905023 0.075955 0.061348
0 0.601830 0.970753 0.078459 0.055088
0 0.566356 0.547576 0.055923 0.045072
0 0.630208 0.547576 0.061765 0.042568
0 0.637303 0.585762 0.055923 0.046324
0 0.602247 0.279021 0.045907 0.033804
0 0.603499 0.252729 0.038395 0.033804
0 0.686548 0.259615 0.037560 0.030048
0 0.704077 0.278395 0.039229 0.027544
0 0.641894 0.635842 0.061765 0.043820
0 0.648988 0.683418 0.070947 0.051332
0 0.659422 0.733499 0.060096 0.046324
0 0.668186 0.789213 0.062600 0.052584
0 0.676950 0.844927 0.070112 0.056340
0 0.672359 0.904397 0.077624 0.062600
0 0.684044 0.976913 0.062600 0.044872
0 0.790465 0.640224 0.068443 0.052584
0 0.813001 0.740385 0.073451 0.052584
0 0.832616 0.790465 0.067608 0.052584
0 0.847640 0.851187 0.075955 0.056340
0 0.853065 0.907527 0.070112 0.056340
0 0.877270 0.972005 0.088475 0.052584
0 0.766259 0.550080 0.053419 0.045072
0 0.754157 0.515650 0.062600 0.043820
0 0.726613 0.382938 0.055923 0.036308
0 0.717431 0.327850 0.050915 0.031300
0 0.703242 0.305314 0.054253 0.031300