0 0.577068 0.967777 0.088850 0.056855
0 0.382615 0.778031 0.075273 0.057376
0 0.377721 0.719382 0.081328 0.065208
0 0.567448 0.841956 0.082422 0.058509
0 0.380386 0.610716 0.066944 0.050599
0 0.376738 0.661507 0.074206 0.056660
0 0.663930 0.901615 0.062253 0.053932
0 0.802446 0.731462 0.082331 0.053327
0 0.386374 0.567350 0.066497 0.049362
0 0.576270 0.900231 0.076766 0.057103
0 0.630755 0.634587 0.072118 0.053639
0 0.647205 0.778288 0.070564 0.054948
0 0.620968 0.551895 0.055530 0.045013
0 0.285254 0.797295 0.083303 0.057298
0 0.617750 0.511517 0.057478 0.047565
0 0.380341 0.910667 0.076775 0.066426
0 0.763229 0.554684 0.072170 0.045423
0 0.833748 0.838984 0.082574 0.057070
0 0.562548 0.729668 0.075443 0.053867
0 0.798885 0.684268 0.070078 0.048652
0 0.639722 0.681107 0.060859 0.046953
0 0.790358 0.635156 0.076115 0.054753
0 0.670894 0.971618 0.076658 0.050814
0 0.557591 0.677145 0.058385 0.050996
0 0.553153 0.587852 0.050890 0.045703
0 0.824557 0.782253 0.066719 0.052500
0 0.642168 0.728044 0.073451 0.053730
0 0.755028 0.514720 0.064431 0.047057
0 0.846059 0.898857 0.075391 0.058991
0 0.768915 0.593350 0.071797 0.049967
0 0.538086 0.404619 0.061432 0.044733
0 0.716740 0.363672 0.058047 0.037031
0 0.860456 0.968861 0.086102 0.055781
0 0.554470 0.632174 0.070391 0.053320
0 0.392643 0.527067 0.065425 0.046296
0 0.626706 0.592852 0.053628 0.043021
0 0.546636 0.510589 0.059210 0.040866
0 0.708433 0.333610 0.052708 0.035853
0 0.563064 0.781842 0.075564 0.054961
0 0.739612 0.450573 0.061202 0.039414
0 0.380981 0.837773 0.082439 0.066771
0 0.551710 0.547272 0.057083 0.046068
0 0.611141 0.441686 0.056476 0.041146
0 0.724006 0.391696 0.056875 0.033861
0 0.653882 0.837406 0.071263 0.056882
0 0.596224 0.309583 0.054314 0.043372
0 0.744887 0.479411 0.056988 0.041686
0 0.704453 0.310394 0.052995 0.034368
0 0.616018 0.477106 0.057704 0.043327
0 0.690992 0.260072 0.047661 0.034388
0 0.597472 0.374720 0.055421 0.040352
0 0.393188 0.439258 0.063416 0.048490
0 0.728939 0.418545 0.053398 0.036725
0 0.605675 0.406598 0.055760 0.039199
0 0.601257 0.347148 0.050794 0.038672
0 0.396474 0.495882 0.050065 0.038600
0 0.539985 0.474251 0.054631 0.044297
0 0.591816 0.281556 0.050551 0.036497
0 0.400516 0.408203 0.057214 0.041784
0 0.582437 0.232357 0.044961 0.034466
0 0.539488 0.442565 0.054792 0.040846
0 0.586740 0.256455 0.048116 0.034486
0 0.683023 0.223906 0.042826 0.036705
0 0.403594 0.379606 0.042031 0.034316