0 0.801284 0.691778 0.077968 0.049646
0 0.643843 0.735040 0.060949 0.049850
0 0.570597 0.791240 0.077602 0.056852
0 0.628586 0.600504 0.065461 0.050579
0 0.653392 0.789000 0.062820 0.050032
0 0.626197 0.559213 0.056620 0.045042
0 0.354811 0.792963 0.078372 0.062611
0 0.816860 0.742596 0.071383 0.054201
0 0.634479 0.685631 0.054393 0.052085
0 0.658037 0.844297 0.068008 0.051889
0 0.784804 0.613247 0.054833 0.048602
0 0.848860 0.905182 0.072210 0.055903
0 0.630255 0.644343 0.050720 0.040654
0 0.824494 0.794392 0.068837 0.051928
0 0.690018 0.238687 0.040638 0.036849
0 0.847768 0.845566 0.090274 0.054523
0 0.569807 0.844408 0.072457 0.053036
0 0.594896 0.385442 0.052261 0.041316
0 0.773224 0.574034 0.055537 0.045718
0 0.581853 0.169965 0.038912 0.027843
0 0.665266 0.907957 0.057503 0.049818
0 0.583008 0.235242 0.034399 0.032841
0 0.579125 0.905338 0.071499 0.062508
0 0.583442 0.967572 0.086249 0.059731
0 0.867586 0.973555 0.082889 0.048374
0 0.590562 0.352264 0.044237 0.037560