0 0.404874 0.731136 0.075556 0.057520
0 0.569903 0.788774 0.072014 0.053359
0 0.811897 0.741936 0.076637 0.049432
0 0.636387 0.689469 0.073887 0.053278
0 0.656995 0.845825 0.057289 0.053391
0 0.578220 0.844506 0.062947 0.053625
0 0.651897 0.789241 0.064886 0.050782
0 0.790764 0.643348 0.063610 0.048213
0 0.409044 0.681711 0.070051 0.050476
0 0.579649 0.904478 0.075527 0.053194
0 0.558386 0.680291 0.068648 0.055706
0 0.797470 0.687417 0.077578 0.050826
0 0.410292 0.633529 0.050082 0.044601
0 0.630477 0.638625 0.067485 0.054384
0 0.820227 0.792966 0.069230 0.052803
0 0.577366 0.972486 0.089746 0.048329
0 0.614536 0.559114 0.059577 0.052239
0 0.558004 0.633782 0.064259 0.050444
0 0.747977 0.491473 0.063365 0.050106
0 0.767391 0.567040 0.070819 0.049780
0 0.843466 0.848683 0.069278 0.053836
0 0.661649 0.915571 0.058182 0.052410
0 0.624265 0.599791 0.058107 0.047769
0 0.596923 0.451582 0.052640 0.039621
0 0.644709 0.734649 0.057437 0.050756
0 0.781594 0.602655 0.059187 0.045058
0 0.601385 0.485204 0.055593 0.040086
0 0.689657 0.249898 0.043027 0.035157
0 0.662967 0.979134 0.063819 0.036396
0 0.739272 0.454876 0.061661 0.045900
0 0.610751 0.516778 0.057873 0.041911
0 0.733233 0.425156 0.054622 0.035525
0 0.403798 0.783230 0.056268 0.051301
0 0.870620 0.974709 0.096767 0.045471
0 0.757166 0.526292 0.063776 0.044697
0 0.567784 0.728658 0.075358 0.052759
0 0.402868 0.843675 0.064056 0.053836
0 0.843755 0.906832 0.083725 0.057730
0 0.554739 0.585383 0.057149 0.045729
0 0.730786 0.397336 0.060931 0.040064