0 0.831501 0.846443 0.075977 0.055583
0 0.374272 0.722909 0.073795 0.053657
0 0.563852 0.747271 0.074286 0.053836
0 0.374872 0.789888 0.065810 0.059305
0 0.813594 0.745330 0.075564 0.050437
0 0.832407 0.793118 0.061911 0.052595
0 0.384881 0.673413 0.071015 0.051510
0 0.765408 0.564464 0.064701 0.042237
0 0.774092 0.604611 0.064462 0.048967
0 0.574384 0.854869 0.070860 0.055734
0 0.671081 0.910793 0.061743 0.058025
0 0.865962 0.972051 0.094399 0.050172
0 0.567783 0.791133 0.065506 0.046295
0 0.795261 0.692097 0.077622 0.050654
0 0.385799 0.625652 0.065844 0.048447
0 0.657009 0.850494 0.057260 0.048808
0 0.626028 0.638465 0.065118 0.049066
0 0.385056 0.473621 0.066292 0.049906
0 0.383190 0.547856 0.047574 0.042833
0 0.638416 0.683725 0.058704 0.048215
0 0.678014 0.970824 0.082809 0.052617
0 0.552544 0.633568 0.058088 0.046138
0 0.607483 0.326938 0.047794 0.038607
0 0.758421 0.525441 0.060780 0.041113
0 0.549248 0.555154 0.061499 0.040004
0 0.540445 0.515170 0.049259 0.042451
0 0.644008 0.735366 0.067552 0.050059
0 0.562956 0.685727 0.066763 0.046107
0 0.652743 0.790465 0.078461 0.055088
0 0.540956 0.477559 0.056374 0.039666
0 0.687646 0.248103 0.049227 0.035911
0 0.368039 0.851719 0.064320 0.049681
0 0.620413 0.595120 0.062830 0.044173
0 0.588526 0.357159 0.048879 0.041378
0 0.850648 0.906715 0.073276 0.052213
0 0.711920 0.339435 0.056827 0.035728
0 0.541859 0.443909 0.057574 0.036475
0 0.682360 0.223505 0.047014 0.035907
0 0.716092 0.369503 0.059545 0.039414
0 0.609293 0.483033 0.053516 0.041186
0 0.699556 0.288486 0.048550 0.029898
0 0.401767 0.379368 0.058187 0.043522
0 0.752539 0.487909 0.054369 0.037940
0 0.592477 0.912103 0.078117 0.064717
0 0.600446 0.417967 0.054516 0.043873
0 0.609254 0.517528 0.061942 0.047576
0 0.605937 0.451798 0.056890 0.038812
0 0.380624 0.918795 0.088512 0.063852
0 0.614008 0.555125 0.057440 0.047651
0 0.591814 0.976913 0.065104 0.044872
0 0.695312 0.312200 0.041733 0.032552