0 0.613244 0.566853 0.062150 0.045516
0 0.599952 0.292640 0.041973 0.035492
0 0.602237 0.488037 0.055379 0.044785
0 0.577561 0.332050 0.049165 0.034729
0 0.364216 0.768610 0.060548 0.055794
0 0.736830 0.439041 0.056120 0.039638
0 0.612729 0.528022 0.060937 0.044626
0 0.599918 0.452774 0.054049 0.046003
0 0.369525 0.717331 0.069951 0.051574
0 0.742720 0.474239 0.056434 0.037667
0 0.582609 0.207937 0.033508 0.034924
0 0.731044 0.406654 0.062635 0.040224
0 0.618947 0.610534 0.060828 0.045720
0 0.717571 0.353075 0.052294 0.039764
0 0.385236 0.663141 0.071046 0.053623
0 0.362333 0.834187 0.076909 0.053225
0 0.694181 0.294146 0.048540 0.035414
0 0.592691 0.416925 0.058928 0.040914
0 0.630227 0.703260 0.060692 0.046769
0 0.360337 0.902918 0.064809 0.053493
0 0.630653 0.654655 0.048310 0.038226
0 0.707594 0.320488 0.043365 0.038623
0 0.690657 0.268488 0.040769 0.039029
0 0.757726 0.507068 0.057314 0.037119
0 0.554681 0.641872 0.064188 0.044011
0 0.386424 0.534708 0.061887 0.047020
0 0.587341 0.386452 0.045315 0.035874
0 0.389824 0.426132 0.045072 0.041316
0 0.387737 0.460562 0.064269 0.045072
0 0.383981 0.495618 0.061765 0.050080
0 0.382312 0.573242 0.048411 0.047576
0 0.562600 0.754157 0.073451 0.051332
0 0.544237 0.558844 0.055088 0.041316
0 0.548411 0.598908 0.065104 0.051332
0 0.565104 0.804237 0.065104 0.053836
0 0.579294 0.864333 0.063435 0.056340
0 0.590144 0.929437 0.061765 0.058844
0 0.653579 0.862455 0.066774 0.060096
0 0.664430 0.916291 0.060096 0.052584
0 0.640642 0.756035 0.059261 0.055088
0 0.572616 0.165715 0.041733 0.038812
0 0.687383 0.244591 0.042568 0.028796
0 0.767929 0.544446 0.068443 0.045072
0 0.822182 0.727239 0.068443 0.047576
0 0.841797 0.771685 0.060931 0.048828
0 0.849309 0.830529 0.084302 0.058844
0 0.875184 0.950095 0.082632 0.060096