0 0.601136 0.965307 0.080779 0.060850
0 0.676647 0.973607 0.059456 0.047713
0 0.840677 0.881689 0.070251 0.051160
0 0.665281 0.896835 0.061705 0.052797
0 0.805111 0.695167 0.058496 0.046532
0 0.658771 0.844120 0.065632 0.050969
0 0.827380 0.819780 0.083102 0.052663
0 0.571303 0.739418 0.067486 0.052013
0 0.862359 0.947374 0.073704 0.056819
0 0.638854 0.647229 0.066176 0.053598
0 0.713684 0.320753 0.041655 0.032128
0 0.571251 0.788597 0.064043 0.058823
0 0.387320 0.856821 0.083467 0.055088
0 0.637720 0.694686 0.056757 0.051332
0 0.579711 0.179487 0.044237 0.040064
0 0.727447 0.369166 0.060931 0.043820