0 0.378482 0.790183 0.067929 0.053684
0 0.823394 0.791960 0.082921 0.057467
0 0.565812 0.791704 0.079295 0.056955
0 0.632800 0.682606 0.069286 0.052973
0 0.589340 0.175002 0.034181 0.034695
0 0.386305 0.726209 0.074631 0.058928
0 0.391921 0.673876 0.070203 0.052733
0 0.390407 0.550012 0.063001 0.044176
0 0.553858 0.734025 0.057116 0.052972
0 0.572354 0.843528 0.072568 0.054104
0 0.647318 0.788614 0.064910 0.059180
0 0.818408 0.740855 0.062265 0.051205
0 0.555713 0.678883 0.066609 0.047640
0 0.698256 0.269926 0.050946 0.040078
0 0.386902 0.848057 0.069278 0.052584
0 0.619037 0.442514 0.057333 0.043661
0 0.768426 0.563849 0.064973 0.043756
0 0.635783 0.732933 0.068739 0.051600
0 0.779179 0.601769 0.065980 0.051169
0 0.653420 0.845372 0.078767 0.053451
0 0.623438 0.594658 0.063151 0.053828
0 0.743689 0.491510 0.051583 0.040782
0 0.844011 0.847733 0.087201 0.058639
0 0.552404 0.548410 0.065095 0.044869
0 0.633450 0.636398 0.049335 0.044071
0 0.798215 0.687831 0.069679 0.061793
0 0.662842 0.907196 0.070383 0.053076
0 0.389803 0.624921 0.052504 0.052183
0 0.556659 0.632541 0.061834 0.047972
0 0.612283 0.477241 0.059008 0.039347
0 0.387703 0.590646 0.048571 0.045507
0 0.572470 0.905181 0.076497 0.066041
0 0.622869 0.552660 0.059212 0.049400
0 0.613694 0.507161 0.063239 0.046053
0 0.554325 0.588554 0.062011 0.044993
0 0.757381 0.524817 0.057820 0.049633
0 0.723600 0.396454 0.058244 0.036820
0 0.795303 0.643017 0.059706 0.049142
0 0.397051 0.411957 0.055658 0.053390
0 0.731705 0.423563 0.055862 0.045265
0 0.594319 0.974337 0.080599 0.047983
0 0.854117 0.915807 0.083515 0.066171
0 0.678162 0.975433 0.080908 0.044936
0 0.388154 0.911909 0.076790 0.060096
0 0.866837 0.971905 0.079294 0.054888