0 0.601894 0.250778 0.038623 0.035253
0 0.368925 0.741547 0.074248 0.054806
0 0.655883 0.821001 0.076296 0.056894
0 0.653267 0.738839 0.060381 0.049760
0 0.741471 0.451087 0.062199 0.037104
0 0.373789 0.634574 0.070011 0.049460
0 0.368406 0.684110 0.069279 0.052463
0 0.378325 0.592095 0.059383 0.044441
0 0.857065 0.920231 0.085655 0.053103
0 0.734084 0.415710 0.054398 0.039059
0 0.575569 0.735829 0.066077 0.048786
0 0.586988 0.951023 0.083735 0.057511
0 0.727865 0.382938 0.056757 0.036308
0 0.571650 0.818900 0.075666 0.054955
0 0.382792 0.548175 0.063705 0.051320
0 0.372581 0.809570 0.059118 0.049920
0 0.701520 0.288019 0.054358 0.035841
0 0.751025 0.489089 0.058132 0.038461
0 0.603045 0.302966 0.049318 0.036621
0 0.397998 0.378144 0.057043 0.043238
0 0.365987 0.874061 0.062306 0.053266
0 0.570701 0.887461 0.077967 0.058911
0 0.722901 0.358874 0.044983 0.031851
0 0.838133 0.791651 0.065278 0.047761
0 0.839938 0.854699 0.071525 0.053457
0 0.364750 0.931197 0.073537 0.057341
0 0.401994 0.416680 0.054919 0.037314
0 0.820057 0.740638 0.059875 0.045981
0 0.780849 0.598389 0.061831 0.043587
0 0.393990 0.451336 0.058441 0.039736
0 0.642558 0.686133 0.060794 0.047146
0 0.623822 0.514956 0.055618 0.040073
0 0.629402 0.552114 0.056524 0.039972
0 0.384463 0.484350 0.057463 0.038812
0 0.567313 0.633361 0.064564 0.045292
0 0.640213 0.595705 0.062334 0.045603
0 0.388572 0.518154 0.047576 0.038812
0 0.614740 0.477705 0.059527 0.040857
0 0.651975 0.882171 0.069971 0.052972
0 0.606768 0.351559 0.049858 0.033855
0 0.768633 0.558146 0.060823 0.041154
0 0.904337 0.977838 0.065063 0.041438
0 0.570713 0.679669 0.056289 0.051318
0 0.762007 0.519175 0.049921 0.044282
0 0.667351 0.968249 0.062600 0.052584
0 0.565522 0.583884 0.047576 0.045072
0 0.562183 0.545698 0.057592 0.041316
0 0.555505 0.508138 0.055923 0.041316
0 0.549663 0.473082 0.054253 0.038812
0 0.549245 0.438026 0.053419 0.038812
0 0.549245 0.407352 0.053419 0.035056
0 0.639390 0.642102 0.058427 0.046324
0 0.614350 0.446790 0.053419 0.041316
0 0.610176 0.412360 0.053419 0.042568
0 0.609759 0.384816 0.052584 0.037560
0 0.604334 0.329102 0.043403 0.031300
0 0.704077 0.317208 0.039229 0.035056
0 0.798394 0.695312 0.064269 0.047576
0 0.794638 0.645858 0.060096 0.048828