0 0.589918 0.971012 0.089089 0.051829
0 0.402227 0.619987 0.065790 0.048802
0 0.400697 0.670602 0.073138 0.055866
0 0.577734 0.842373 0.073628 0.058457
0 0.666743 0.899023 0.062565 0.052578
0 0.680992 0.964294 0.076463 0.057728
0 0.401931 0.533737 0.057778 0.043333
0 0.395818 0.789596 0.065048 0.052578
0 0.527641 0.386380 0.056515 0.041380
0 0.551374 0.579746 0.066862 0.048815
0 0.399295 0.724535 0.074232 0.062454
0 0.659349 0.841475 0.080356 0.057689
0 0.806042 0.733789 0.072821 0.051719
0 0.575412 0.783825 0.071884 0.052285
0 0.581823 0.216966 0.048012 0.035091
0 0.542053 0.499176 0.054792 0.046882
0 0.401109 0.575384 0.068407 0.048971
0 0.739327 0.451462 0.060226 0.037624
0 0.593763 0.263490 0.049696 0.040039
0 0.639421 0.729482 0.072852 0.055358
0 0.579644 0.902712 0.076424 0.063288
0 0.557921 0.624701 0.053420 0.049036
0 0.798461 0.681292 0.058043 0.048574
0 0.389648 0.847210 0.085729 0.062923
0 0.560336 0.672386 0.070265 0.052650
0 0.837602 0.834476 0.086671 0.056803
0 0.646606 0.785723 0.065825 0.052917
0 0.781417 0.637826 0.064883 0.048529
0 0.630228 0.639518 0.055169 0.044948
0 0.744609 0.481452 0.061753 0.042135
0 0.621259 0.595986 0.058993 0.046257
0 0.761973 0.553822 0.067157 0.048477
0 0.842250 0.901104 0.072938 0.057233
0 0.849039 0.963180 0.086819 0.062936
0 0.406968 0.467207 0.056793 0.039206
0 0.750495 0.515638 0.062335 0.047096
0 0.614488 0.555651 0.062882 0.046445
0 0.635414 0.681396 0.055812 0.050345
0 0.733826 0.418490 0.054327 0.042096
0 0.689852 0.261621 0.053568 0.034401
0 0.604599 0.509329 0.057695 0.046628
0 0.588411 0.382425 0.052830 0.037038
0 0.559494 0.723304 0.073069 0.055475
0 0.535406 0.427350 0.054258 0.038411
0 0.597715 0.439795 0.058624 0.041517
0 0.410558 0.499310 0.049371 0.039622
0 0.538615 0.460703 0.053099 0.043073
0 0.598548 0.326634 0.053407 0.034883
0 0.703958 0.312910 0.051562 0.033919
0 0.714991 0.361514 0.054774 0.036660
0 0.385004 0.914717 0.087908 0.066803
0 0.604073 0.472331 0.054293 0.044362
0 0.592148 0.409202 0.050156 0.036413
0 0.722329 0.390247 0.055082 0.038750
0 0.605391 0.354232 0.055139 0.038229
0 0.597849 0.298555 0.041793 0.035625
0 0.712146 0.337878 0.053581 0.032461
0 0.697656 0.288034 0.043359 0.029818
0 0.686487 0.237194 0.037990 0.029557
0 0.812028 0.785884 0.064648 0.042626
0 0.553483 0.545215 0.065560 0.038594
0 0.682539 0.213145 0.031502 0.031198