0 0.652643 0.740102 0.059464 0.053149
0 0.655732 0.820502 0.076556 0.056287
0 0.368681 0.741303 0.073966 0.055135
0 0.372606 0.633776 0.072205 0.049278
0 0.857069 0.920011 0.085567 0.053962
0 0.368003 0.683457 0.070005 0.053043
0 0.378518 0.591692 0.059363 0.044797
0 0.741514 0.450331 0.062248 0.039201
0 0.382679 0.548194 0.063446 0.051223
0 0.372539 0.809097 0.058652 0.051181
0 0.734314 0.415122 0.054222 0.039386
0 0.683312 0.212120 0.049041 0.035218
0 0.586999 0.950592 0.083881 0.057240
0 0.838158 0.791035 0.065183 0.048074
0 0.727801 0.385441 0.058300 0.043822
0 0.751203 0.489987 0.058361 0.042563
0 0.575360 0.736061 0.066083 0.050174
0 0.571486 0.818508 0.075964 0.055778
0 0.365847 0.872266 0.061300 0.053382
0 0.839975 0.854043 0.071375 0.053347
0 0.781005 0.597191 0.061941 0.043561
0 0.364603 0.930699 0.073413 0.057743
0 0.600461 0.275542 0.050682 0.035754
0 0.605727 0.325301 0.047106 0.034467
0 0.382702 0.482991 0.059208 0.041530
0 0.631393 0.552307 0.060420 0.040856
0 0.387486 0.511402 0.049923 0.035630
0 0.393334 0.450752 0.056414 0.040903
0 0.819758 0.740931 0.060541 0.045684
0 0.570780 0.887116 0.078125 0.059603
0 0.591598 0.183243 0.047172 0.030048
0 0.640193 0.595581 0.062744 0.046597
0 0.768711 0.556170 0.060474 0.041501
0 0.402022 0.415800 0.055488 0.039993
0 0.642728 0.689678 0.069278 0.048828
0 0.701743 0.287600 0.055581 0.039182
0 0.593892 0.225898 0.045922 0.032726
0 0.397938 0.377413 0.056825 0.042373
0 0.652250 0.881442 0.069631 0.053684
0 0.722780 0.359776 0.045225 0.032552
0 0.601619 0.252729 0.037147 0.033804
0 0.606704 0.413192 0.047703 0.037709
0 0.550783 0.470013 0.049988 0.034914
0 0.607218 0.353963 0.051612 0.034203
0 0.764590 0.521284 0.053419 0.040064
0 0.623749 0.514149 0.054866 0.042301
0 0.636376 0.640417 0.056187 0.045520
0 0.697278 0.262745 0.051157 0.028796
0 0.692965 0.239583 0.041421 0.030048
0 0.562890 0.542876 0.057394 0.042079
0 0.611946 0.442874 0.052768 0.040144
0 0.556328 0.505866 0.054492 0.040772
0 0.570219 0.677945 0.056971 0.049760
0 0.609986 0.384816 0.055470 0.037560
0 0.564939 0.581740 0.049749 0.044353
0 0.614549 0.477282 0.059525 0.042594
0 0.668657 0.966372 0.060824 0.053834
0 0.567608 0.635842 0.065104 0.051332
0 0.551749 0.438652 0.053419 0.040064
0 0.550080 0.407352 0.055088 0.035056
0 0.602664 0.302809 0.050080 0.038812
0 0.595570 0.205779 0.044237 0.032552
0 0.706163 0.315330 0.040064 0.036308
0 0.794638 0.643980 0.063435 0.052584
0 0.797977 0.693434 0.063435 0.051332