0 0.831938 0.842320 0.077536 0.058925
0 0.373986 0.722972 0.075162 0.050312
0 0.384038 0.670163 0.070904 0.049817
0 0.740274 0.456056 0.063351 0.044361
0 0.563073 0.744287 0.075844 0.050373
0 0.764927 0.559759 0.065386 0.039917
0 0.568049 0.788857 0.066458 0.045752
0 0.385033 0.621835 0.065262 0.052081
0 0.793361 0.642281 0.061629 0.048260
0 0.830834 0.788942 0.063117 0.052044
0 0.773699 0.599108 0.066741 0.051546
0 0.812246 0.740942 0.075476 0.051598
0 0.574233 0.850565 0.071004 0.053617
0 0.758029 0.521616 0.062242 0.042765
0 0.638972 0.680914 0.057592 0.046324
0 0.864006 0.965204 0.091735 0.059660
0 0.670915 0.907147 0.062150 0.050573
0 0.229620 0.739796 0.037643 0.074355
0 0.642913 0.730812 0.066556 0.053692
0 0.656557 0.849839 0.059384 0.054605
0 0.794219 0.688590 0.078513 0.054212
0 0.386247 0.580280 0.049408 0.039771
0 0.625359 0.634601 0.063117 0.048848
0 0.849627 0.901552 0.076989 0.049398
0 0.606765 0.477804 0.055234 0.043247
0 0.618504 0.591765 0.062740 0.044708
0 0.539479 0.512754 0.050448 0.041847
0 0.382774 0.542742 0.047884 0.046973
0 0.546648 0.552989 0.060964 0.041900
0 0.651023 0.787961 0.076893 0.057592
0 0.552046 0.629377 0.057834 0.045913
0 0.539808 0.475817 0.057395 0.043604
0 0.588598 0.355763 0.051503 0.043082
0 0.383565 0.507030 0.052807 0.040603
0 0.383809 0.472464 0.067117 0.047592
0 0.548834 0.587265 0.047256 0.042662
0 0.605766 0.324323 0.047737 0.038846
0 0.541528 0.440090 0.057000 0.036645
0 0.386782 0.433868 0.047683 0.038071
0 0.679404 0.968403 0.076889 0.052891
0 0.598476 0.414635 0.051780 0.040521
0 0.607958 0.516902 0.062862 0.043820
0 0.561664 0.681942 0.066851 0.044361
0 0.589440 0.256657 0.047229 0.041944
0 0.613960 0.549019 0.059205 0.040445
0 0.602046 0.448389 0.052985 0.043126
0 0.716266 0.364331 0.051923 0.038466
0 0.710860 0.334845 0.054961 0.033530
0 0.367793 0.849306 0.062510 0.047070
0 0.698692 0.286563 0.048493 0.033744
0 0.399687 0.380888 0.057907 0.044319
0 0.723775 0.396377 0.053251 0.041981
0 0.590562 0.910657 0.077624 0.060096
0 0.593483 0.974509 0.065104 0.047576
0 0.696147 0.309696 0.041733 0.027544
0 0.382729 0.920047 0.084302 0.061348
0 0.687800 0.245843 0.048411 0.035056
0 0.680288 0.222681 0.050080 0.031300