0 0.655246 0.849293 0.067337 0.055571
0 0.394526 0.734527 0.071914 0.058928
0 0.757071 0.525774 0.069235 0.041479
0 0.661492 0.905940 0.060975 0.053254
0 0.784451 0.602385 0.060746 0.046426
0 0.821413 0.789875 0.075083 0.049172
0 0.388080 0.676084 0.068626 0.053641
0 0.772795 0.564253 0.061154 0.044898
0 0.800041 0.687451 0.057867 0.044045
0 0.741017 0.457566 0.056137 0.043762
0 0.750894 0.491817 0.064161 0.041342
0 0.585189 0.973880 0.089559 0.046867
0 0.572762 0.839122 0.064099 0.054439
0 0.816376 0.740714 0.062069 0.051275
0 0.388878 0.789249 0.055076 0.049867
0 0.733774 0.424042 0.057067 0.043094
0 0.731054 0.396325 0.059889 0.038102
0 0.852281 0.913234 0.075779 0.061168
0 0.626406 0.558237 0.059169 0.048865
0 0.637669 0.689718 0.059817 0.049378
0 0.639744 0.736127 0.059822 0.049031
0 0.783743 0.646292 0.062129 0.044307
0 0.835753 0.844026 0.070258 0.051851
0 0.562259 0.781442 0.071526 0.052305
0 0.861793 0.974233 0.085714 0.047752
0 0.631652 0.642520 0.064316 0.051679
0 0.722992 0.367756 0.055358 0.039128
0 0.558660 0.733205 0.067042 0.047736
0 0.642833 0.785614 0.056782 0.047221
0 0.581789 0.906507 0.068251 0.054711
0 0.393580 0.853065 0.079294 0.052584
0 0.667768 0.983173 0.058427 0.032352
0 0.684879 0.228315 0.040899 0.042568
0 0.557301 0.601171 0.062528 0.040427