0 0.382341 0.780702 0.066949 0.051958
0 0.397192 0.670512 0.075253 0.055015
0 0.389207 0.726073 0.070697 0.047103
0 0.601720 0.251446 0.038808 0.033997
0 0.661503 0.788591 0.070453 0.049909
0 0.405843 0.472853 0.059775 0.041774
0 0.598280 0.904009 0.073991 0.054723
0 0.400682 0.374687 0.059177 0.044621
0 0.406315 0.502931 0.064422 0.046847
0 0.371432 0.838400 0.079038 0.058101
0 0.752341 0.511278 0.058751 0.038719
0 0.763656 0.548860 0.049599 0.041993
0 0.660314 0.732411 0.072433 0.048523
0 0.406903 0.434392 0.057656 0.038567
0 0.693481 0.278733 0.048736 0.033227
0 0.720284 0.379375 0.052045 0.037361
0 0.576337 0.719856 0.067245 0.049512
0 0.740611 0.474128 0.060641 0.039117
0 0.710966 0.323729 0.053806 0.032198
0 0.689733 0.247326 0.049554 0.038021
0 0.603452 0.312650 0.040482 0.030007
0 0.580855 0.779787 0.076573 0.056411
0 0.713427 0.348301 0.053061 0.036946
0 0.838757 0.845676 0.081079 0.054852
0 0.671574 0.847488 0.065666 0.053563
0 0.607024 0.339214 0.050284 0.035816
0 0.373339 0.908055 0.087223 0.065300
0 0.820097 0.738302 0.060288 0.047227
0 0.600578 0.975035 0.084302 0.048628
0 0.578042 0.675280 0.069278 0.047576
0 0.563435 0.586388 0.051749 0.047576
0 0.567608 0.547576 0.063435 0.042568
0 0.559261 0.506260 0.055088 0.040064
0 0.556340 0.468074 0.057592 0.038812
0 0.554253 0.436148 0.050080 0.035056
0 0.679871 0.916917 0.057592 0.047576
0 0.688218 0.976913 0.079294 0.044872
0 0.650658 0.673402 0.055923 0.048828
0 0.641894 0.627704 0.065104 0.047576
0 0.627287 0.508138 0.055923 0.043820
0 0.621444 0.469952 0.062600 0.045072
0 0.616436 0.433644 0.052584 0.042568
0 0.614350 0.402970 0.053419 0.038812
0 0.612263 0.372296 0.050915 0.037560
0 0.805489 0.694686 0.065104 0.046324
0 0.794221 0.645858 0.072616 0.046324
0 0.780031 0.598282 0.072616 0.046324
0 0.827190 0.795473 0.066774 0.050080
0 0.856404 0.911283 0.073451 0.056340
0 0.879357 0.968775 0.090979 0.061148
0 0.739967 0.439904 0.047576 0.040064
0 0.729534 0.411108 0.055088 0.040064