0 0.379816 0.960837 0.084171 0.064238
0 0.388437 0.651520 0.065443 0.049655
0 0.380039 0.883255 0.089531 0.067747
0 0.836009 0.831660 0.071341 0.053932
0 0.392591 0.809990 0.061502 0.055527
0 0.580297 0.822601 0.069822 0.055944
0 0.388529 0.520068 0.063385 0.045996
0 0.642904 0.709069 0.071016 0.052318
0 0.389824 0.609062 0.067669 0.044297
0 0.591975 0.961230 0.083741 0.061966
0 0.627211 0.612979 0.055664 0.043809
0 0.388956 0.563714 0.049683 0.043561
0 0.589907 0.885443 0.077079 0.061667
0 0.663071 0.834525 0.075030 0.056823
0 0.548548 0.552725 0.063251 0.041699
0 0.384937 0.697839 0.053555 0.048424
0 0.856556 0.899525 0.071766 0.051901
0 0.560729 0.697536 0.071944 0.050671
0 0.553835 0.593236 0.049544 0.043971
0 0.833223 0.769085 0.083034 0.054538
0 0.398477 0.416888 0.059714 0.040130
0 0.389755 0.480485 0.066723 0.046009
0 0.570853 0.753926 0.073268 0.055521
0 0.780184 0.621032 0.072270 0.047103
0 0.650091 0.762119 0.069540 0.053431
0 0.743618 0.440658 0.056480 0.038607
0 0.817574 0.715059 0.067934 0.047695
0 0.556994 0.638275 0.060117 0.051432
0 0.601521 0.262926 0.036888 0.036230
0 0.869197 0.963395 0.064644 0.052884
0 0.793283 0.666582 0.063555 0.047773
0 0.614240 0.532487 0.058967 0.041354
0 0.670362 0.896110 0.064310 0.060189
0 0.724442 0.374482 0.058381 0.036738
0 0.730632 0.404144 0.057010 0.041517
0 0.543891 0.514323 0.053971 0.042240
0 0.635317 0.659173 0.065625 0.046536
0 0.669399 0.967038 0.059900 0.055495
0 0.617806 0.569512 0.059865 0.047487
0 0.542194 0.445218 0.055109 0.039876
0 0.752756 0.477536 0.058160 0.040436
0 0.769403 0.582096 0.066758 0.043203
0 0.760221 0.547878 0.063759 0.043099
0 0.595358 0.365114 0.050352 0.038118
0 0.537081 0.379388 0.040612 0.034375
0 0.535632 0.479684 0.053555 0.039811
0 0.394286 0.448825 0.045890 0.038652
0 0.756899 0.513324 0.060117 0.040592
0 0.602951 0.302848 0.050582 0.040111
0 0.606882 0.458799 0.054449 0.040150
0 0.609865 0.492617 0.054219 0.044648
0 0.703381 0.317275 0.044653 0.035866
0 0.541845 0.413975 0.045408 0.037311
0 0.697860 0.288994 0.052665 0.037897
0 0.680679 0.219759 0.039553 0.031146
0 0.605030 0.426689 0.054392 0.038548
0 0.597394 0.396820 0.056497 0.037806
0 0.712539 0.344528 0.043012 0.035202
0 0.687020 0.266650 0.050603 0.029967
0 0.683079 0.244261 0.047912 0.028626