0 0.661285 0.880638 0.075191 0.055065
0 0.390566 0.749740 0.073451 0.060182
0 0.794484 0.630023 0.062118 0.049798
0 0.564466 0.703783 0.073646 0.058255
0 0.381578 0.691751 0.080699 0.064779
0 0.816949 0.727373 0.075668 0.051712
0 0.809601 0.676230 0.078264 0.051159
0 0.564839 0.825859 0.071510 0.056510
0 0.386545 0.635859 0.065191 0.053398
0 0.777951 0.585967 0.069809 0.051257
0 0.736048 0.431670 0.057088 0.040592
0 0.389635 0.802301 0.062969 0.054681
0 0.756413 0.501768 0.064032 0.043288
0 0.744566 0.466660 0.058741 0.041107
0 0.577943 0.884281 0.074809 0.058079
0 0.638427 0.722594 0.056003 0.045710
0 0.626562 0.629215 0.059575 0.046322
0 0.377678 0.922969 0.077101 0.060247
0 0.649768 0.771807 0.066766 0.055137
0 0.655397 0.823105 0.067227 0.054518
0 0.546808 0.605745 0.058268 0.046074
0 0.555473 0.651178 0.072908 0.055560
0 0.389559 0.592256 0.063494 0.048861
0 0.538322 0.562422 0.069397 0.052526
0 0.570291 0.758867 0.076267 0.057956
0 0.633327 0.673906 0.067487 0.050521
0 0.866081 0.896100 0.086597 0.057995
0 0.393062 0.473395 0.058364 0.042311
0 0.712250 0.335999 0.057010 0.037585
0 0.589961 0.957145 0.084861 0.066061
0 0.670872 0.951647 0.062960 0.054349
0 0.842014 0.840674 0.082743 0.054603
0 0.763878 0.539128 0.063615 0.047539
0 0.584518 0.233346 0.047031 0.037305
0 0.618644 0.588698 0.062235 0.047174
0 0.547218 0.522012 0.059358 0.042057
0 0.377836 0.855257 0.064944 0.056829
0 0.395964 0.508799 0.062622 0.043105
0 0.624162 0.549596 0.065182 0.047695
0 0.730658 0.397210 0.057331 0.040944
0 0.584970 0.266940 0.048403 0.035273
0 0.720067 0.364899 0.059475 0.039473
0 0.394384 0.545915 0.062205 0.047806
0 0.544622 0.481536 0.053715 0.043490
0 0.618251 0.508978 0.062274 0.046979
0 0.609609 0.471673 0.053064 0.042344
0 0.595590 0.351139 0.053707 0.040065
0 0.586513 0.292995 0.047938 0.033008
0 0.594438 0.317614 0.040091 0.037246
0 0.590265 0.383001 0.057066 0.039583
0 0.702467 0.291868 0.048824 0.032552
0 0.599857 0.412741 0.054470 0.038138
0 0.603739 0.439460 0.044536 0.036068
0 0.689787 0.239235 0.041319 0.035345
0 0.705347 0.311813 0.043594 0.028197
0 0.695093 0.268688 0.050135 0.030762
0 0.539181 0.418661 0.041341 0.034105