0 0.389607 0.756022 0.080855 0.054440
0 0.380464 0.961904 0.084436 0.064056
0 0.662812 0.834199 0.075781 0.053112
0 0.580082 0.822598 0.070547 0.051758
0 0.836172 0.833304 0.071424 0.051204
0 0.856704 0.901816 0.071984 0.050755
0 0.379787 0.883792 0.089427 0.063210
0 0.592220 0.961514 0.085100 0.057936
0 0.390347 0.481497 0.066111 0.045026
0 0.389199 0.652552 0.064805 0.050078
0 0.742133 0.437891 0.061306 0.040521
0 0.833173 0.770511 0.082891 0.052754
0 0.589931 0.885394 0.077622 0.058079
0 0.392435 0.810114 0.061658 0.054863
0 0.389217 0.520729 0.063772 0.046133
0 0.388737 0.565859 0.060816 0.047161
0 0.724329 0.376702 0.056359 0.036309
0 0.780158 0.622578 0.072148 0.045521
0 0.544121 0.515228 0.053416 0.041315
0 0.869564 0.965612 0.067452 0.051029
0 0.390395 0.609398 0.067361 0.045332
0 0.627632 0.614746 0.054900 0.044049
0 0.643125 0.710843 0.070408 0.051113
0 0.571465 0.754554 0.073303 0.054837
0 0.560879 0.699678 0.071463 0.049551
0 0.543168 0.446868 0.054688 0.041198
0 0.817815 0.716960 0.066376 0.046719
0 0.385671 0.698734 0.053598 0.048861
0 0.752980 0.479082 0.058051 0.039154
0 0.537862 0.379391 0.039970 0.036374
0 0.650718 0.764310 0.068555 0.051458
0 0.597988 0.396960 0.056359 0.038437
0 0.792778 0.668314 0.061858 0.046875
0 0.614701 0.534749 0.058377 0.041413
0 0.670838 0.896230 0.062509 0.056276
0 0.594839 0.365283 0.049722 0.036868
0 0.704182 0.316458 0.044761 0.036081
0 0.760799 0.548669 0.064531 0.043405
0 0.733885 0.407008 0.045747 0.035319
0 0.669264 0.967549 0.060777 0.052272
0 0.610764 0.493398 0.053707 0.045247
0 0.549299 0.554333 0.063320 0.041204
0 0.769863 0.583740 0.066471 0.043210
0 0.635979 0.660615 0.064657 0.047207
0 0.607329 0.460127 0.054093 0.039720
0 0.618279 0.572012 0.059692 0.044948
0 0.605436 0.428372 0.054518 0.038216
0 0.557407 0.640326 0.060299 0.050378
0 0.712919 0.345827 0.042270 0.036159
0 0.681962 0.221338 0.038464 0.030202
0 0.757444 0.515270 0.059071 0.039121
0 0.602470 0.265120 0.037726 0.034941
0 0.556871 0.593115 0.054227 0.048001
0 0.542491 0.415348 0.045530 0.038249
0 0.593867 0.220231 0.041823 0.029368
0 0.687815 0.268665 0.049431 0.033971
0 0.604768 0.336618 0.040959 0.037975
0 0.602789 0.304580 0.049067 0.041296
0 0.683715 0.245794 0.048108 0.029935
0 0.594789 0.241126 0.045256 0.031146