0 0.792233 0.646950 0.071168 0.047767
0 0.376732 0.778662 0.076979 0.056191
0 0.377600 0.669499 0.072049 0.052227
0 0.372626 0.913063 0.082691 0.059850
0 0.368507 0.841188 0.088524 0.068939
0 0.838885 0.840658 0.069297 0.049883
0 0.780167 0.603350 0.066567 0.046803
0 0.548733 0.539668 0.059540 0.042214
0 0.382142 0.584287 0.065595 0.046426
0 0.696595 0.285898 0.042044 0.037057
0 0.380399 0.716097 0.058229 0.051934
0 0.557051 0.673760 0.068598 0.049342
0 0.823826 0.782012 0.076567 0.050586
0 0.380751 0.625622 0.051510 0.044915
0 0.586389 0.971341 0.085894 0.054727
0 0.630102 0.639154 0.056957 0.044258
0 0.387813 0.543418 0.063420 0.043867
0 0.881092 0.965527 0.090560 0.060612
0 0.405137 0.370882 0.059240 0.046322
0 0.745095 0.475934 0.062552 0.042012
0 0.727068 0.409453 0.055299 0.042240
0 0.854594 0.895352 0.065247 0.050846
0 0.768676 0.559971 0.065382 0.053809
0 0.632843 0.685758 0.065139 0.049954
0 0.658448 0.845280 0.077756 0.056497
0 0.604089 0.479359 0.062743 0.044069
0 0.571259 0.787272 0.076267 0.052708
0 0.651669 0.788516 0.062938 0.053698
0 0.554829 0.624355 0.068633 0.045964
0 0.667843 0.975426 0.061519 0.047077
0 0.554303 0.581497 0.062044 0.043099
0 0.572834 0.839655 0.071502 0.054844
0 0.756191 0.514811 0.059249 0.042826
0 0.641688 0.736133 0.055642 0.049271
0 0.665905 0.903656 0.061853 0.055280
0 0.579967 0.902393 0.070985 0.059004
0 0.627941 0.599430 0.056567 0.042207
0 0.736502 0.440654 0.047378 0.038822
0 0.604258 0.442917 0.051962 0.042747
0 0.617956 0.558258 0.060182 0.046712
0 0.565401 0.724482 0.057357 0.052402
0 0.793092 0.693402 0.066532 0.049277
0 0.613451 0.520309 0.058516 0.044030
0 0.806530 0.734954 0.060838 0.048672
0 0.717496 0.350228 0.057752 0.037240
0 0.727303 0.380944 0.044874 0.037292