0 0.376691 0.777721 0.076159 0.056133
0 0.792244 0.645654 0.070851 0.047832
0 0.599184 0.355641 0.052031 0.036621
0 0.364290 0.839629 0.089770 0.069245
0 0.838494 0.839102 0.069644 0.049271
0 0.380243 0.715791 0.057960 0.051660
0 0.365612 0.972663 0.082118 0.050612
0 0.548286 0.537725 0.059436 0.043743
0 0.382025 0.583281 0.065786 0.046315
0 0.295998 0.545244 0.029497 0.059798
0 0.780020 0.602598 0.066558 0.047539
0 0.538674 0.463076 0.050872 0.041283
0 0.823743 0.780638 0.076463 0.049792
0 0.629928 0.637747 0.056966 0.044089
0 0.556992 0.672865 0.068863 0.049128
0 0.381053 0.625231 0.052140 0.045658
0 0.586497 0.970661 0.085434 0.055983
0 0.617832 0.555729 0.060464 0.048464
0 0.603815 0.477747 0.062413 0.044427
0 0.726916 0.408112 0.055560 0.041914
0 0.554210 0.579896 0.061345 0.042174
0 0.571372 0.786022 0.075990 0.051484
0 0.745271 0.475182 0.062279 0.041953
0 0.854460 0.893587 0.065143 0.050469
0 0.658457 0.777962 0.077756 0.056849
0 0.768613 0.559326 0.065326 0.054655
0 0.627871 0.597344 0.057140 0.043099
0 0.880868 0.964411 0.090590 0.061217
0 0.709705 0.322464 0.052439 0.034134
0 0.400126 0.400820 0.054262 0.041211
0 0.404290 0.367435 0.058485 0.040768
0 0.658108 0.843831 0.077717 0.056908
0 0.387498 0.542327 0.064727 0.046296
0 0.632569 0.684359 0.065339 0.051178
0 0.580211 0.901566 0.070655 0.059030
0 0.573043 0.838480 0.070825 0.054785
0 0.548329 0.501517 0.047743 0.039818
0 0.667721 0.974824 0.061788 0.048385
0 0.564993 0.723766 0.057791 0.051803
0 0.387227 0.432708 0.061502 0.043398
0 0.613001 0.518464 0.057192 0.043750
0 0.736740 0.439333 0.047222 0.039863
0 0.666144 0.902438 0.061775 0.055358
0 0.541955 0.365872 0.040213 0.036849
0 0.806766 0.733636 0.060868 0.050033
0 0.792446 0.692191 0.067487 0.049603
0 0.756016 0.514124 0.059549 0.043639
0 0.605896 0.412142 0.054049 0.040247
0 0.538895 0.427168 0.060838 0.043568
0 0.384306 0.468900 0.058689 0.041927
0 0.382758 0.503008 0.059310 0.044805
0 0.558861 0.622848 0.053355 0.048678
0 0.696829 0.286286 0.042574 0.039368
0 0.607374 0.315267 0.039375 0.035469
0 0.604375 0.442695 0.050616 0.042904
0 0.720232 0.351872 0.056940 0.036465
0 0.689095 0.255140 0.050438 0.036035
0 0.543685 0.396859 0.054983 0.037689
0 0.681947 0.209378 0.048381 0.030970
0 0.599590 0.292012 0.048320 0.033581
0 0.594071 0.238509 0.045304 0.033372
0 0.598270 0.265540 0.041758 0.033190
0 0.686602 0.233519 0.045260 0.028783
0 0.727012 0.379512 0.046029 0.037773