0 0.810629 0.737842 0.080440 0.053150
0 0.789983 0.646858 0.070812 0.049419
0 0.806604 0.688660 0.074365 0.046510
0 0.764850 0.517900 0.069592 0.040809
0 0.570098 0.729753 0.067939 0.049549
0 0.753810 0.477839 0.058739 0.044245
0 0.774612 0.556890 0.067684 0.045557
0 0.401311 0.444128 0.051286 0.040527
0 0.650240 0.787831 0.063186 0.049303
0 0.569598 0.681375 0.065784 0.047149
0 0.817311 0.787919 0.061655 0.049456
0 0.543306 0.379924 0.053424 0.037403
0 0.838830 0.847598 0.071151 0.051882
0 0.652085 0.846968 0.077260 0.053656
0 0.724943 0.371044 0.057592 0.042568
0 0.643827 0.688299 0.069772 0.051762
0 0.640011 0.735198 0.054886 0.041761
0 0.736107 0.405877 0.052756 0.037639
0 0.746370 0.438532 0.060247 0.038448
0 0.696268 0.260689 0.044830 0.032195
0 0.699059 0.292655 0.048435 0.039874
0 0.709716 0.341951 0.049651 0.031958
0 0.559223 0.628805 0.046818 0.042265
0 0.626245 0.560969 0.062048 0.044859
0 0.614298 0.480032 0.056861 0.037689
0 0.568231 0.165197 0.038818 0.036524
0 0.857988 0.908743 0.089427 0.061666
0 0.618935 0.516111 0.059597 0.046958
0 0.580343 0.230819 0.042973 0.032552
0 0.680434 0.193085 0.044782 0.032203
0 0.670317 0.151577 0.043314 0.031819
0 0.599637 0.381976 0.048650 0.041530
0 0.683445 0.214482 0.042312 0.031126
0 0.552671 0.511552 0.056584 0.034488
0 0.393578 0.628652 0.052057 0.046047
0 0.632034 0.637846 0.061520 0.051386
0 0.390222 0.682139 0.056943 0.047695
0 0.401917 0.514706 0.053955 0.040032
0 0.588109 0.278395 0.047473 0.030048
0 0.314968 0.679638 0.075041 0.046582
0 0.414446 0.386068 0.059261 0.042568
0 0.399422 0.553210 0.045907 0.036308
0 0.394832 0.593274 0.066774 0.046324
0 0.386485 0.731621 0.066774 0.050080
0 0.339326 0.779197 0.064269 0.050080
0 0.335153 0.846179 0.062600 0.043820
0 0.330562 0.903771 0.063435 0.056340
0 0.574286 0.849935 0.068443 0.048828
0 0.580546 0.911283 0.070947 0.056340
0 0.589310 0.975035 0.085136 0.048628
0 0.671524 0.976287 0.062600 0.046124
0 0.660256 0.912535 0.066774 0.051332
0 0.554671 0.550080 0.050915 0.040064
0 0.560096 0.590770 0.053419 0.041316
0 0.579711 0.206405 0.037560 0.028796
0 0.574703 0.185747 0.034221 0.027544
0 0.587640 0.258989 0.046741 0.023788
0 0.593900 0.304061 0.045907 0.028796
0 0.590562 0.326598 0.040899 0.028796
0 0.595570 0.357898 0.052584 0.031300
0 0.606420 0.417368 0.052584 0.037560
0 0.610176 0.449294 0.050080 0.038812
0 0.629791 0.601412 0.049245 0.040064
0 0.863081 0.973883 0.075120 0.046324
0 0.708250 0.319712 0.049245 0.027544
0 0.674863 0.172601 0.039229 0.023788