0 0.637450 0.689848 0.072390 0.049634
0 0.769471 0.564506 0.067275 0.044425
0 0.560504 0.679436 0.065328 0.053240
0 0.652618 0.788116 0.065399 0.050777
0 0.630373 0.644297 0.069783 0.048210
0 0.570815 0.787654 0.072271 0.053001
0 0.628444 0.601502 0.051939 0.042748
0 0.657683 0.844680 0.058900 0.049932
0 0.408520 0.683332 0.071502 0.053211
0 0.616061 0.555300 0.061682 0.044649
0 0.748755 0.486663 0.061987 0.039596
0 0.820324 0.795660 0.069436 0.058137
0 0.556604 0.629803 0.062937 0.047278
0 0.793534 0.686135 0.069717 0.042936
0 0.579978 0.903332 0.074962 0.051740
0 0.578793 0.840585 0.063849 0.047388
0 0.731627 0.393167 0.059580 0.038818
0 0.566045 0.731003 0.069899 0.056323
0 0.645999 0.735270 0.055404 0.052549
0 0.602414 0.416690 0.047337 0.038622
0 0.715358 0.318024 0.053930 0.041132
0 0.556279 0.586975 0.057470 0.048750
0 0.733545 0.423521 0.055057 0.034765
0 0.575830 0.972281 0.088097 0.049884
0 0.661859 0.916328 0.058003 0.048121
0 0.611211 0.516345 0.055754 0.045032
0 0.600482 0.479656 0.051106 0.040689
0 0.739345 0.456204 0.060703 0.041612
0 0.409063 0.633130 0.053149 0.050169
0 0.663495 0.979108 0.062909 0.037529
0 0.758848 0.522979 0.056899 0.042909
0 0.838891 0.907863 0.073420 0.057011
0 0.410386 0.593845 0.058119 0.043201
0 0.546737 0.516769 0.061696 0.049892
0 0.865467 0.974665 0.084641 0.046699
0 0.597828 0.448592 0.051341 0.034861
0 0.708492 0.286433 0.049357 0.034543
0 0.405682 0.784205 0.056757 0.052584
0 0.399422 0.852439 0.064269 0.051332
0 0.393997 0.915039 0.075120 0.061348
0 0.594318 0.388572 0.043403 0.032552
0 0.592231 0.357898 0.050915 0.036308
0 0.844301 0.847431 0.070947 0.051332
0 0.716597 0.357272 0.044237 0.037560
0 0.690304 0.251477 0.038395 0.036308