0 0.587616 0.786194 0.076327 0.052804
0 0.528928 0.375303 0.054953 0.037269
0 0.588853 0.839532 0.074149 0.057955
0 0.416367 0.423033 0.060464 0.039783
0 0.332124 0.656543 0.068658 0.055003
0 0.610950 0.350108 0.052089 0.037532
0 0.673201 0.839029 0.066548 0.053148
0 0.413703 0.706321 0.068541 0.052196
0 0.668382 0.784365 0.063825 0.050110
0 0.592041 0.207398 0.037340 0.031629
0 0.635444 0.580968 0.056866 0.049320
0 0.407624 0.900103 0.079606 0.057302
0 0.564794 0.547225 0.054040 0.045773
0 0.549876 0.433007 0.052903 0.036475
0 0.657918 0.730297 0.060743 0.048318
0 0.559512 0.502590 0.061037 0.042591
0 0.641661 0.631280 0.063864 0.044946
0 0.592628 0.383840 0.053350 0.040149
0 0.746445 0.473742 0.058839 0.040964
0 0.751793 0.509857 0.061568 0.046293
0 0.774971 0.588928 0.072757 0.045515
0 0.414845 0.828380 0.058464 0.056882
0 0.414187 0.616632 0.065270 0.048340
0 0.584648 0.728347 0.067464 0.051437
0 0.582582 0.903781 0.070213 0.058824
0 0.570371 0.632774 0.061248 0.052461
0 0.407950 0.963740 0.067246 0.061603
0 0.737763 0.442163 0.058500 0.035909
0 0.670808 0.900026 0.082508 0.060794
0 0.602223 0.412254 0.058106 0.039328
0 0.649017 0.678169 0.070469 0.050017
0 0.608871 0.303873 0.037899 0.038790
0 0.789257 0.637138 0.070467 0.047382
0 0.418614 0.577820 0.057603 0.047184
0 0.556628 0.468262 0.047001 0.035931
0 0.416018 0.533584 0.047772 0.043008
0 0.413803 0.499828 0.057209 0.042911
0 0.613396 0.441384 0.053460 0.040039
0 0.625923 0.541098 0.048638 0.038333
0 0.618897 0.476491 0.053609 0.042040
0 0.413612 0.457432 0.062600 0.047576
0 0.410273 0.664012 0.067608 0.052584
0 0.420706 0.762295 0.063435 0.056340
0 0.345586 0.762921 0.078459 0.052584
0 0.322216 0.829903 0.075120 0.053836
0 0.600995 0.972531 0.080128 0.053636
0 0.682792 0.975761 0.065104 0.045072
0 0.600995 0.279021 0.046741 0.031300
0 0.602664 0.248973 0.041733 0.038812
0 0.813001 0.737881 0.075120 0.047576
0 0.831781 0.790465 0.070947 0.052584
0 0.845970 0.850561 0.084302 0.052584
0 0.853482 0.906901 0.075955 0.060096
0 0.877688 0.972531 0.087640 0.053636
0 0.767511 0.551332 0.054253 0.042568
0 0.732038 0.411108 0.060096 0.037560
0 0.723691 0.382938 0.060096 0.033804
0 0.714093 0.355394 0.049245 0.033804
0 0.716179 0.330980 0.056757 0.030048
0 0.704911 0.302183 0.057592 0.035056
0 0.704077 0.277143 0.042568 0.030048
0 0.686131 0.261493 0.040064 0.031300
0 0.684462 0.235201 0.045072 0.026292
0 0.676950 0.214543 0.041733 0.032552