0 0.406742 0.434830 0.057565 0.040008
0 0.405930 0.501811 0.063327 0.045541
0 0.396554 0.669959 0.075444 0.055863
0 0.407064 0.542753 0.056468 0.043626
0 0.382228 0.780251 0.067281 0.051317
0 0.395010 0.618424 0.050157 0.049429
0 0.599052 0.274024 0.045382 0.034830
0 0.688635 0.247721 0.050080 0.038812
0 0.752104 0.511055 0.056899 0.038178
0 0.695312 0.277143 0.046741 0.035056
0 0.720450 0.379256 0.051571 0.038111
0 0.603762 0.314512 0.039537 0.035439
0 0.598352 0.903929 0.075987 0.054738
0 0.763382 0.548903 0.049328 0.041224
0 0.740522 0.473980 0.060158 0.038097
0 0.388545 0.726536 0.069331 0.050233
0 0.400820 0.374641 0.059025 0.044565
0 0.713424 0.348817 0.052407 0.038591
0 0.371342 0.838495 0.078923 0.057948
0 0.371313 0.838394 0.078525 0.058466
0 0.582463 0.777972 0.075270 0.052387
0 0.793539 0.644481 0.071638 0.044110
0 0.711031 0.321810 0.052335 0.030542
0 0.545505 0.397729 0.040586 0.038861
0 0.372296 0.910031 0.085136 0.061348
0 0.575955 0.723483 0.063435 0.051332
0 0.600578 0.974409 0.085971 0.049880
0 0.576790 0.674654 0.068443 0.046324
0 0.565939 0.627078 0.050080 0.043820
0 0.563017 0.584510 0.052584 0.043820
0 0.568443 0.546950 0.063435 0.041316
0 0.560931 0.506886 0.056757 0.038812
0 0.554253 0.468700 0.055088 0.035056
0 0.553836 0.434896 0.049245 0.035056
0 0.685714 0.975761 0.069278 0.045072
0 0.680706 0.916291 0.055923 0.048828
0 0.670690 0.851187 0.059261 0.056340
0 0.661508 0.792969 0.069278 0.052584
0 0.649406 0.728491 0.068443 0.053836
0 0.649823 0.677158 0.059261 0.043820
0 0.641894 0.630834 0.066774 0.043820
0 0.634382 0.589518 0.058427 0.041316
0 0.633130 0.548202 0.059261 0.043820
0 0.628122 0.505634 0.055923 0.043820
0 0.619775 0.467448 0.062600 0.042568
0 0.615602 0.435522 0.052584 0.038812
0 0.613098 0.401092 0.057592 0.040064
0 0.612680 0.371044 0.051749 0.037560
0 0.608924 0.342874 0.052584 0.033804
0 0.601830 0.253981 0.038395 0.033804
0 0.597656 0.230193 0.045072 0.031300
0 0.804654 0.692808 0.063435 0.052584
0 0.819678 0.742263 0.055088 0.046324
0 0.786709 0.602038 0.057592 0.043820
0 0.731203 0.409230 0.053419 0.041316
0 0.699903 0.300305 0.042568 0.031300
0 0.684879 0.229567 0.050915 0.027544
0 0.740802 0.443660 0.045907 0.037560
0 0.826356 0.793595 0.070112 0.051332
0 0.838876 0.848683 0.078459 0.056340
0 0.856821 0.910031 0.070947 0.056340
0 0.882278 0.970753 0.091814 0.055088