0 0.398090 0.786585 0.079462 0.057324
0 0.400276 0.721120 0.069102 0.052786
0 0.392760 0.665182 0.077431 0.059974
0 0.795571 0.634447 0.069848 0.047500
0 0.655560 0.779411 0.074080 0.053861
0 0.381170 0.962979 0.084614 0.064460
0 0.293646 0.607598 0.031753 0.065078
0 0.625250 0.543971 0.061957 0.046628
0 0.247257 0.615495 0.037344 0.079727
0 0.541081 0.428320 0.061163 0.045794
0 0.390957 0.842614 0.062183 0.053535
0 0.557522 0.541660 0.059045 0.042878
0 0.649481 0.726074 0.063563 0.048841
0 0.396554 0.616260 0.067734 0.048783
0 0.571458 0.674847 0.069757 0.050879
0 0.535734 0.386553 0.053906 0.039173
0 0.593726 0.969567 0.084640 0.057337
0 0.849950 0.892487 0.074510 0.055924
0 0.394794 0.497259 0.059579 0.043789
0 0.564364 0.624160 0.064648 0.046888
0 0.386628 0.896019 0.064705 0.055879
0 0.673631 0.243626 0.050673 0.037174
0 0.573123 0.779427 0.077105 0.055872
0 0.555582 0.503011 0.058238 0.042142
0 0.840482 0.830934 0.070842 0.050423
0 0.570987 0.726624 0.064223 0.049785
0 0.704373 0.345732 0.052322 0.039707
0 0.584763 0.832477 0.069570 0.055449
0 0.733982 0.434860 0.060490 0.045007
0 0.800145 0.681572 0.067782 0.049355
0 0.662589 0.838086 0.064683 0.051758
0 0.407806 0.383630 0.058676 0.045684
0 0.811176 0.729329 0.073628 0.051250
0 0.398542 0.575436 0.065521 0.044701
0 0.629538 0.624248 0.062904 0.050176
0 0.580831 0.261605 0.047739 0.035111
0 0.624599 0.584170 0.056697 0.043014
0 0.748112 0.475075 0.062717 0.044525
0 0.562426 0.580306 0.049583 0.044271
0 0.589570 0.899919 0.078021 0.060189
0 0.221942 0.732627 0.046428 0.109681
0 0.391415 0.458812 0.058003 0.040267
0 0.770358 0.546647 0.068199 0.045612
0 0.831339 0.775684 0.066706 0.053724
0 0.666039 0.895788 0.060230 0.053411
0 0.872776 0.952868 0.089136 0.060410
0 0.641332 0.673551 0.056259 0.051426
0 0.605783 0.403464 0.049909 0.038112
0 0.623867 0.504886 0.063438 0.048249
0 0.405015 0.423210 0.043772 0.039596
0 0.551866 0.467109 0.048186 0.040638
0 0.758262 0.512523 0.063598 0.040150
0 0.396673 0.536224 0.050317 0.040924
0 0.690367 0.297269 0.052053 0.039811
0 0.720037 0.402598 0.052470 0.038086
0 0.678134 0.272578 0.047049 0.034687
0 0.668457 0.970078 0.062947 0.057760
0 0.780297 0.583210 0.056966 0.050495
0 0.597049 0.374723 0.055911 0.038691
0 0.593125 0.343747 0.052361 0.036569
0 0.589759 0.318590 0.049084 0.035605
0 0.616532 0.466182 0.051406 0.044902
0 0.611176 0.434707 0.052205 0.039310
0 0.583268 0.289141 0.038655 0.034948
0 0.713874 0.375736 0.051254 0.034414