0 0.565508 0.784284 0.071285 0.055339
0 0.389488 0.784092 0.069722 0.054069
0 0.791230 0.678275 0.076688 0.050182
0 0.398153 0.631719 0.067860 0.048216
0 0.566413 0.725430 0.065317 0.051719
0 0.834629 0.832383 0.072600 0.057461
0 0.396408 0.676849 0.070977 0.054206
0 0.628880 0.675892 0.076076 0.059154
0 0.550681 0.630306 0.063898 0.049753
0 0.806222 0.724434 0.060004 0.049935
0 0.392943 0.727799 0.056389 0.055000
0 0.407055 0.546136 0.064579 0.050801
0 0.730386 0.388392 0.048316 0.038477
0 0.570794 0.839154 0.075868 0.056536
0 0.391283 0.844261 0.082904 0.059811
0 0.648431 0.832184 0.080135 0.066947
0 0.763201 0.552588 0.064457 0.046868
0 0.620076 0.586859 0.059405 0.047389
0 0.613234 0.510036 0.056710 0.042012
0 0.846471 0.895713 0.073168 0.056048
0 0.551790 0.677337 0.068303 0.052708
0 0.658989 0.892568 0.077665 0.058340
0 0.580135 0.965329 0.090686 0.061660
0 0.743665 0.479072 0.060247 0.044095
0 0.624000 0.629326 0.058598 0.044707
0 0.577381 0.896439 0.081150 0.062930
0 0.811133 0.777201 0.068594 0.051224
0 0.861500 0.962920 0.075334 0.059251
0 0.415063 0.376221 0.060195 0.048405
0 0.549388 0.551956 0.060816 0.046712
0 0.608151 0.474469 0.056250 0.045410
0 0.643030 0.778581 0.056910 0.049987
0 0.708974 0.336953 0.050612 0.035677
0 0.392810 0.904704 0.083676 0.064681
0 0.404737 0.435716 0.062331 0.053281
0 0.616434 0.547334 0.058728 0.043626
0 0.603924 0.443519 0.056241 0.039746
0 0.777402 0.629684 0.078598 0.055944
0 0.689588 0.239570 0.041224 0.036484
0 0.670176 0.960837 0.074683 0.064199
0 0.770571 0.590801 0.060768 0.044349
0 0.404154 0.504876 0.063802 0.045104
0 0.736439 0.446214 0.055647 0.040436