0 0.395017 0.660511 0.070990 0.059694
0 0.394876 0.772298 0.072253 0.057344
0 0.393587 0.832275 0.071714 0.054590
0 0.654980 0.781888 0.077678 0.052760
0 0.583618 0.967233 0.086098 0.058060
0 0.399776 0.574622 0.065907 0.049193
0 0.830501 0.839733 0.079293 0.052396
0 0.814184 0.782253 0.071910 0.053867
0 0.403466 0.491497 0.058685 0.044909
0 0.405276 0.533470 0.049944 0.043438
0 0.395985 0.713584 0.053429 0.050150
0 0.558440 0.666299 0.072617 0.049681
0 0.642569 0.719984 0.073924 0.052168
0 0.404727 0.376777 0.058064 0.044831
0 0.638045 0.669033 0.069440 0.052572
0 0.315161 0.828630 0.074071 0.056777
0 0.399319 0.617230 0.067804 0.047741
0 0.801013 0.684525 0.069727 0.051081
0 0.765397 0.554141 0.067461 0.046315
0 0.655330 0.843727 0.076259 0.057559
0 0.545432 0.538340 0.056385 0.044167
0 0.572700 0.898532 0.075165 0.055905
0 0.574306 0.769834 0.084878 0.062689
0 0.660143 0.901247 0.063750 0.058809
0 0.315556 0.892666 0.085773 0.056296
0 0.399243 0.968685 0.081194 0.059414
0 0.540605 0.463926 0.052999 0.039922
0 0.792658 0.635280 0.075968 0.055000
0 0.777645 0.594365 0.073103 0.044603
0 0.404957 0.453770 0.050260 0.041367
0 0.554462 0.622676 0.066181 0.049466
0 0.553266 0.578936 0.064058 0.047064
0 0.583160 0.365264 0.054740 0.044616
0 0.845603 0.904271 0.074609 0.055378
0 0.812869 0.728997 0.062474 0.052461
0 0.613466 0.536087 0.056740 0.044115
0 0.629555 0.617572 0.054423 0.050104
0 0.595371 0.325928 0.042765 0.039642
0 0.667554 0.967816 0.061931 0.052546
0 0.740386 0.451507 0.059505 0.047572
0 0.571678 0.833350 0.072904 0.059993
0 0.543928 0.500908 0.049514 0.041413
0 0.602871 0.464408 0.044822 0.041589
0 0.858741 0.959756 0.067266 0.055202
0 0.562643 0.713525 0.076571 0.056999
0 0.404466 0.417493 0.043255 0.039505
0 0.624167 0.576364 0.059661 0.047324
0 0.588750 0.231279 0.046641 0.036335
0 0.721751 0.390231 0.055169 0.037520
0 0.731152 0.417829 0.057235 0.041361
0 0.589607 0.401292 0.054996 0.040553
0 0.705862 0.310091 0.044067 0.033555
0 0.584666 0.195404 0.042292 0.032005
0 0.596634 0.433574 0.053477 0.042630
0 0.685165 0.239525 0.048455 0.035273
0 0.702444 0.285674 0.045122 0.033470
0 0.720833 0.360846 0.046901 0.036901
0 0.713939 0.338883 0.046289 0.033066