0 0.840443 0.841400 0.085469 0.057331
0 0.571986 0.839023 0.074023 0.055247
0 0.841185 0.901992 0.081432 0.058724
0 0.397650 0.628887 0.062096 0.047188
0 0.652611 0.839046 0.074223 0.053066
0 0.552884 0.676761 0.072626 0.051270
0 0.661901 0.901803 0.062205 0.055924
0 0.559421 0.723135 0.069605 0.052363
0 0.643116 0.729313 0.073420 0.056152
0 0.538837 0.409040 0.054991 0.040072
0 0.693930 0.970697 0.079345 0.051680
0 0.397769 0.675592 0.064462 0.051367
0 0.565104 0.781885 0.071241 0.052233
0 0.809047 0.728587 0.060543 0.050677
0 0.777298 0.596198 0.068893 0.047474
0 0.577882 0.899795 0.071146 0.057220
0 0.400284 0.537907 0.060916 0.051048
0 0.651063 0.782305 0.076875 0.055677
0 0.867669 0.967367 0.087465 0.057793
0 0.403828 0.845635 0.067535 0.056009
0 0.577164 0.210156 0.042001 0.033086
0 0.823978 0.783975 0.076454 0.058184
0 0.586092 0.968226 0.062539 0.054238
0 0.551387 0.546504 0.063225 0.043880
0 0.395788 0.728327 0.079831 0.058047
0 0.403032 0.379111 0.058234 0.046087
0 0.400167 0.584355 0.065360 0.052409
0 0.748763 0.514707 0.065139 0.048529
0 0.800582 0.679427 0.077951 0.052487
0 0.603791 0.384251 0.054466 0.039570
0 0.552635 0.583597 0.054479 0.045072
0 0.550089 0.623568 0.061037 0.052539
0 0.728125 0.421823 0.056415 0.045247
0 0.767368 0.555996 0.066489 0.042799
0 0.722107 0.390804 0.058572 0.038913
0 0.633455 0.673734 0.068594 0.061335
0 0.709230 0.333184 0.058268 0.036081
0 0.698036 0.288076 0.050707 0.038639
0 0.611278 0.473177 0.054709 0.046797
0 0.617424 0.442165 0.056003 0.042585
0 0.549412 0.469697 0.060595 0.040723
0 0.399609 0.468158 0.059158 0.042122
0 0.743451 0.481507 0.062318 0.040280
0 0.544089 0.507132 0.048012 0.045645
0 0.714436 0.360579 0.050339 0.035690
0 0.393252 0.912332 0.089858 0.060662
0 0.625354 0.591146 0.058468 0.044232
0 0.591372 0.277769 0.037249 0.034319
0 0.397368 0.500589 0.062652 0.042702
0 0.628730 0.630798 0.062357 0.045684
0 0.407917 0.785928 0.064193 0.061191
0 0.598279 0.328796 0.041784 0.040547
0 0.597613 0.355280 0.050937 0.034063
0 0.694371 0.259948 0.049488 0.037201