0 0.395521 0.631019 0.067778 0.048509
0 0.597196 0.969023 0.086484 0.055495
0 0.653123 0.784036 0.071107 0.050833
0 0.385816 0.781185 0.071589 0.054805
0 0.247899 0.630609 0.074288 0.048040
0 0.573090 0.787780 0.078108 0.053060
0 0.410792 0.579850 0.060933 0.048568
0 0.533500 0.375908 0.050473 0.041543
0 0.271066 0.534521 0.070317 0.047324
0 0.391324 0.681966 0.057109 0.048958
0 0.683448 0.969215 0.077348 0.053743
0 0.819861 0.740264 0.076502 0.051413
0 0.634642 0.634209 0.067487 0.052728
0 0.597426 0.900960 0.075391 0.056790
0 0.560265 0.597347 0.057804 0.044095
0 0.396367 0.853994 0.063750 0.056582
0 0.868251 0.900335 0.098950 0.063809
0 0.852891 0.843288 0.086641 0.054115
0 0.637522 0.680732 0.060113 0.046022
0 0.538542 0.415026 0.053516 0.037799
0 0.607578 0.470065 0.054444 0.044557
0 0.644913 0.728981 0.062240 0.048796
0 0.314073 0.841979 0.083589 0.055885
0 0.769093 0.557747 0.069870 0.048880
0 0.543874 0.483460 0.056680 0.041309
0 0.780879 0.601748 0.068025 0.050905
0 0.834868 0.788298 0.068060 0.050618
0 0.539737 0.449056 0.051185 0.039674
0 0.414401 0.508363 0.060538 0.039876
0 0.566615 0.675583 0.067969 0.050085
0 0.281439 0.493984 0.057635 0.046250
0 0.414952 0.467165 0.062526 0.049238
0 0.576272 0.834821 0.070972 0.056569
0 0.409269 0.378477 0.058225 0.042383
0 0.675428 0.906872 0.060204 0.054030
0 0.620061 0.553112 0.060937 0.046458
0 0.551541 0.515335 0.047040 0.041647
0 0.613296 0.511660 0.058511 0.046797
0 0.799193 0.691058 0.071372 0.053730
0 0.557411 0.554001 0.063885 0.047650
0 0.758869 0.519603 0.067261 0.046667
0 0.661209 0.842288 0.062174 0.053887
0 0.413674 0.541328 0.050916 0.040586
0 0.751131 0.485596 0.060690 0.042376
0 0.570245 0.730723 0.073303 0.054701
0 0.790445 0.644603 0.065247 0.049349
0 0.604902 0.437435 0.055473 0.040312
0 0.721467 0.368415 0.054175 0.034186
0 0.732543 0.420762 0.052422 0.039583
0 0.743045 0.454251 0.063754 0.041315
0 0.696764 0.290091 0.053155 0.035430
0 0.416712 0.410195 0.056610 0.037995
0 0.609644 0.349245 0.052691 0.039453
0 0.586222 0.205016 0.038702 0.028900
0 0.604006 0.297663 0.052969 0.038893
0 0.601899 0.404818 0.057148 0.039570
0 0.628954 0.593525 0.056285 0.047311
0 0.697919 0.263512 0.051115 0.031243
0 0.691895 0.240781 0.045855 0.029167
0 0.603783 0.376276 0.049466 0.039388
0 0.714915 0.341400 0.047174 0.035169
0 0.607075 0.323389 0.044852 0.033678
0 0.727352 0.392269 0.045972 0.034707
0 0.401814 0.976973 0.067648 0.042292
0 0.413917 0.434775 0.044909 0.038040
0 0.708683 0.315687 0.047383 0.031999
0 0.601855 0.268773 0.038806 0.030645
0 0.684475 0.217344 0.040069 0.033581
0 0.589099 0.226663 0.042843 0.029395
0 0.595640 0.247630 0.046879 0.032266