0 0.810431 0.738094 0.080873 0.054432
0 0.787747 0.600978 0.059876 0.047424
0 0.789064 0.645206 0.069509 0.049317
0 0.805958 0.688568 0.075495 0.047975
0 0.766215 0.515235 0.068526 0.042673
0 0.753846 0.476879 0.056031 0.042813
0 0.776938 0.556323 0.065958 0.044602
0 0.571962 0.783983 0.073239 0.056774
0 0.569643 0.730158 0.068560 0.050086
0 0.334880 0.844324 0.067599 0.052509
0 0.335473 0.968017 0.087499 0.052060
0 0.575067 0.849193 0.071293 0.053875
0 0.651797 0.845781 0.077061 0.054324
0 0.650115 0.787204 0.062281 0.048842
0 0.569410 0.680928 0.065724 0.048149
0 0.331625 0.898032 0.064908 0.060049
0 0.643751 0.687478 0.069218 0.052005
0 0.856267 0.905805 0.090743 0.059619
0 0.839201 0.847218 0.070327 0.048612
0 0.640084 0.734963 0.053835 0.042154
0 0.403417 0.475604 0.050857 0.041287
0 0.725059 0.367303 0.060872 0.043771
0 0.576077 0.186212 0.034812 0.031623
0 0.632100 0.637594 0.062235 0.051260
0 0.817128 0.786783 0.060720 0.047179
0 0.599530 0.381147 0.049639 0.039729
0 0.553029 0.548734 0.055774 0.043702
0 0.735882 0.403891 0.049689 0.041079
0 0.746585 0.437408 0.057106 0.041501
0 0.401753 0.514732 0.055693 0.043228
0 0.561154 0.629054 0.051304 0.040259
0 0.590021 0.323712 0.048201 0.038460
0 0.699323 0.289721 0.048737 0.037446
0 0.552939 0.513069 0.056859 0.039087
0 0.388376 0.729342 0.073759 0.051916
0 0.580565 0.232271 0.047537 0.027943
0 0.626248 0.560714 0.059452 0.045030
0 0.415533 0.382679 0.057746 0.045391
0 0.618850 0.514148 0.059491 0.050701
0 0.591116 0.970467 0.090417 0.053943
0 0.711589 0.346630 0.045907 0.033804
0 0.629470 0.598079 0.049040 0.041894
0 0.592314 0.353736 0.044507 0.031897
0 0.696147 0.262458 0.045072 0.028222
0 0.615107 0.476795 0.057754 0.043183
0 0.607686 0.440234 0.050997 0.041715
0 0.672700 0.970994 0.065809 0.051333
0 0.398737 0.546342 0.048959 0.045251
0 0.395453 0.588444 0.066328 0.048037
0 0.660049 0.910942 0.064523 0.059082
0 0.590399 0.296762 0.038567 0.027518
0 0.679995 0.189418 0.043990 0.032723
0 0.605303 0.409522 0.048237 0.026399
0 0.393794 0.627252 0.055049 0.044969
0 0.580065 0.909427 0.075290 0.060000
0 0.338492 0.777319 0.060931 0.056340
0 0.560513 0.595152 0.052584 0.042568
0 0.585971 0.257111 0.046741 0.032552
0 0.587223 0.282777 0.045907 0.031300
0 0.578459 0.208909 0.043403 0.026292
0 0.860577 0.976913 0.068443 0.044872
0 0.707833 0.319086 0.050080 0.031300
0 0.689887 0.237705 0.044237 0.031300
0 0.684044 0.213917 0.040899 0.028796
0 0.673194 0.170097 0.040899 0.028796