0 0.589659 0.971240 0.089049 0.050918
0 0.398574 0.727191 0.073173 0.053275
0 0.659147 0.841758 0.077773 0.058919
0 0.400610 0.668838 0.073034 0.053314
0 0.577465 0.842240 0.073194 0.060221
0 0.646660 0.784821 0.063694 0.052858
0 0.638928 0.729404 0.073785 0.054355
0 0.680462 0.964707 0.076037 0.059219
0 0.772335 0.596019 0.069983 0.046400
0 0.665384 0.898607 0.060629 0.053633
0 0.620638 0.597077 0.054349 0.044167
0 0.836899 0.835059 0.088095 0.056992
0 0.614494 0.556992 0.061332 0.045716
0 0.387244 0.847552 0.080677 0.057969
0 0.628722 0.639971 0.051593 0.040762
0 0.560321 0.722770 0.072352 0.050801
0 0.395662 0.791439 0.063659 0.054492
0 0.797791 0.680814 0.057743 0.048008
0 0.848971 0.963395 0.084661 0.063118
0 0.603987 0.510345 0.055916 0.045013
0 0.400883 0.617578 0.067904 0.046732
0 0.781984 0.640719 0.066658 0.050332
0 0.762255 0.553896 0.067348 0.047845
0 0.842832 0.901286 0.073234 0.055671
0 0.635484 0.680384 0.054779 0.047513
0 0.806847 0.734154 0.074926 0.056484
0 0.579592 0.902930 0.076424 0.062201
0 0.809473 0.781839 0.058207 0.047220
0 0.575482 0.784199 0.071372 0.054128
0 0.622317 0.256064 0.042492 0.050762