0 0.387225 0.830017 0.063003 0.051275
0 0.379995 0.660189 0.072010 0.058375
0 0.383821 0.716850 0.062252 0.050626
0 0.777303 0.575334 0.072629 0.046747
0 0.389106 0.764573 0.070424 0.056435
0 0.817163 0.765350 0.082712 0.053095
0 0.785505 0.620682 0.070090 0.048295
0 0.745379 0.479382 0.062616 0.042871
0 0.765951 0.521714 0.061724 0.044439
0 0.551903 0.712183 0.078476 0.054535
0 0.582728 0.270943 0.036990 0.037302
0 0.380172 0.618412 0.059834 0.045650
0 0.798872 0.713635 0.076149 0.055386
0 0.565513 0.758333 0.073475 0.054659
0 0.382850 0.572216 0.067801 0.054405
0 0.739139 0.443168 0.058006 0.041817
0 0.796978 0.666040 0.068845 0.050677
0 0.384439 0.536132 0.067246 0.043580
0 0.632606 0.717984 0.067868 0.051959
0 0.568890 0.817498 0.072222 0.057895
0 0.838279 0.820031 0.072259 0.049791
0 0.617792 0.583804 0.065804 0.050379
0 0.732936 0.406630 0.065689 0.042789
0 0.657222 0.886295 0.068993 0.053582
0 0.616842 0.626605 0.058052 0.048663
0 0.651460 0.818411 0.076348 0.059992
0 0.627526 0.666697 0.063458 0.048687
0 0.411317 0.357225 0.058455 0.043482
0 0.389920 0.497987 0.048576 0.041543
0 0.646079 0.766486 0.055486 0.045977
0 0.612764 0.536716 0.057878 0.052457
0 0.710011 0.346663 0.049004 0.035813
0 0.550978 0.658956 0.052818 0.049751
0 0.697122 0.283078 0.042337 0.041000
0 0.591626 0.340655 0.053044 0.036989
0 0.720318 0.373973 0.053802 0.040904
0 0.553210 0.612332 0.054570 0.047611
0 0.540751 0.565230 0.056318 0.045265
0 0.603803 0.498523 0.055683 0.047705
0 0.844466 0.883344 0.071277 0.058382
0 0.678755 0.260551 0.025025 0.028172
0 0.602627 0.460380 0.051825 0.047939
0 0.605328 0.429383 0.056437 0.047333
0 0.597109 0.393732 0.048567 0.036034
0 0.575709 0.881377 0.069114 0.052884
0 0.536807 0.486700 0.060487 0.041556
0 0.539229 0.525666 0.048411 0.037560
0 0.573451 0.145683 0.041733 0.036308
0 0.660256 0.136919 0.040064 0.028796
0 0.595570 0.368540 0.049245 0.041316
0 0.580546 0.961363 0.080963 0.067608
0 0.850978 0.960737 0.072616 0.066356