0 0.781891 0.626541 0.070205 0.044657
0 0.404282 0.666132 0.069989 0.052423
0 0.772888 0.583505 0.070209 0.044313
0 0.879624 0.958277 0.091007 0.057679
0 0.829652 0.787255 0.068527 0.051173
0 0.753476 0.497072 0.062804 0.045575
0 0.397245 0.613625 0.068622 0.047490
0 0.845182 0.842322 0.064206 0.047255
0 0.856076 0.898440 0.062805 0.047089
0 0.574060 0.693532 0.067224 0.051138
0 0.747621 0.464756 0.065655 0.039687
0 0.795055 0.674654 0.064269 0.048828
0 0.762930 0.535158 0.067997 0.043416
0 0.400618 0.522219 0.064047 0.052188
0 0.402712 0.716122 0.052829 0.048588
0 0.544759 0.408434 0.053363 0.036035
0 0.565719 0.641105 0.058866 0.050823
0 0.399839 0.573526 0.053419 0.039380
0 0.402904 0.768737 0.053968 0.053472
0 0.408573 0.894503 0.088930 0.057579
0 0.593447 0.220803 0.053491 0.040064
0 0.407547 0.959533 0.075225 0.056678
0 0.402919 0.482448 0.064103 0.049157
0 0.706894 0.338292 0.052416 0.038031
0 0.580133 0.753347 0.075111 0.048461
0 0.560474 0.595401 0.062679 0.044575
0 0.805029 0.720482 0.059347 0.042826
0 0.405781 0.373851 0.058964 0.041752
0 0.686483 0.244240 0.047707 0.028246
0 0.397894 0.830962 0.077760 0.056475
0 0.600234 0.362122 0.041585 0.040379
0 0.410721 0.414131 0.059870 0.040094
0 0.661798 0.810408 0.075375 0.054910
0 0.585436 0.802537 0.069256 0.049289
0 0.731540 0.425369 0.054415 0.043547
0 0.548761 0.441841 0.055175 0.034695
0 0.597759 0.290100 0.048615 0.044198
0 0.699083 0.306676 0.042539 0.036529
0 0.557582 0.556229 0.056777 0.045294
0 0.555803 0.514000 0.055328 0.042112
0 0.600204 0.386308 0.052297 0.032641
0 0.734589 0.390789 0.041639 0.044498
0 0.582215 0.888121 0.079294 0.062600
0 0.590144 0.966371 0.081798 0.056340
0 0.553419 0.476212 0.058427 0.040064
0 0.675698 0.968249 0.067608 0.060096
0 0.665264 0.898763 0.058427 0.053836
0 0.656500 0.754783 0.057592 0.051332
0 0.644815 0.702199 0.062600 0.046324
0 0.641476 0.648988 0.067608 0.050080
0 0.635634 0.607046 0.060931 0.051332
0 0.624366 0.565730 0.060096 0.046324
0 0.619358 0.523788 0.063435 0.045072
0 0.617688 0.483098 0.056757 0.043820
0 0.612263 0.451798 0.055923 0.038812
0 0.603082 0.416742 0.049245 0.041316
0 0.604751 0.340996 0.044237 0.040064
0 0.606003 0.313452 0.040064 0.035056
0 0.596404 0.266501 0.039229 0.028796
0 0.596404 0.245217 0.034221 0.031300
0 0.593900 0.203901 0.042568 0.028796
0 0.684044 0.265875 0.044237 0.032552
0 0.696982 0.282777 0.046741 0.023788
0 0.720353 0.368540 0.055088 0.040064