0 0.791100 0.678841 0.078242 0.049362
0 0.833299 0.836768 0.078750 0.055072
0 0.624082 0.551732 0.062148 0.045417
0 0.585571 0.971452 0.078043 0.051862
0 0.857018 0.966338 0.085885 0.058952
0 0.391580 0.722054 0.070677 0.057103
0 0.628872 0.632510 0.060530 0.047480
0 0.562203 0.782168 0.066749 0.052396
0 0.552307 0.584053 0.062582 0.050384
0 0.727038 0.386260 0.060516 0.038717
0 0.734935 0.418652 0.058238 0.038346
0 0.549130 0.546478 0.064049 0.043281
0 0.810111 0.724199 0.061662 0.045664
0 0.845124 0.894821 0.072227 0.056569
0 0.635985 0.677826 0.061137 0.049049
0 0.636391 0.728040 0.057088 0.049180
0 0.405319 0.506240 0.062114 0.046204
0 0.570773 0.837708 0.084106 0.058581
0 0.389813 0.846344 0.084262 0.060384
0 0.667674 0.975342 0.062066 0.044382
0 0.642513 0.782367 0.073056 0.053053
0 0.623715 0.589528 0.056840 0.043158
0 0.396747 0.628506 0.072791 0.055176
0 0.769266 0.593558 0.070538 0.044655
0 0.555480 0.628519 0.061593 0.047923
0 0.746033 0.514984 0.063168 0.043952
0 0.663913 0.900547 0.076576 0.062682
0 0.599755 0.415107 0.061168 0.042246
0 0.578685 0.899635 0.073203 0.058021
0 0.822391 0.778802 0.061181 0.046406
0 0.700738 0.310179 0.052378 0.033952
0 0.397487 0.674186 0.072865 0.056732
0 0.405560 0.583258 0.064887 0.052233
0 0.739451 0.450459 0.051723 0.036582
0 0.539855 0.508158 0.060430 0.043594
0 0.411873 0.379287 0.059562 0.046230
0 0.404798 0.544375 0.062808 0.044753
0 0.788162 0.629570 0.076168 0.047552
0 0.558468 0.674668 0.072491 0.049831
0 0.594655 0.381104 0.055621 0.041699
0 0.561055 0.722503 0.075946 0.052650
0 0.528533 0.379167 0.053160 0.048099
0 0.656016 0.835941 0.064792 0.053887
0 0.389664 0.778167 0.077756 0.060684
0 0.712604 0.332409 0.051597 0.032969
0 0.536751 0.474121 0.050742 0.040182
0 0.584026 0.279639 0.041185 0.035970
0 0.409049 0.420192 0.045122 0.043301
0 0.539549 0.441595 0.047231 0.037552
0 0.761319 0.549570 0.055451 0.044622
0 0.740948 0.478216 0.058008 0.040052
0 0.579288 0.248669 0.039974 0.039316
0 0.718355 0.358532 0.053802 0.035397
0 0.607574 0.477376 0.058698 0.040352
0 0.602904 0.444886 0.055833 0.037598
0 0.697352 0.284661 0.053125 0.031706
0 0.409946 0.471130 0.049327 0.042311
0 0.610226 0.509258 0.063455 0.047630
0 0.591955 0.351344 0.043980 0.035944
0 0.696343 0.264264 0.050985 0.032070
0 0.592507 0.325996 0.040942 0.036836