0 0.790892 0.677754 0.078355 0.049063
0 0.833346 0.834919 0.078229 0.052415
0 0.584855 0.970413 0.078294 0.053184
0 0.623787 0.550798 0.061480 0.046257
0 0.856445 0.965990 0.084609 0.059141
0 0.389460 0.844954 0.085734 0.059102
0 0.809750 0.724840 0.061376 0.048483
0 0.554058 0.627607 0.058880 0.049238
0 0.734425 0.417702 0.058051 0.037656
0 0.391361 0.721429 0.071810 0.058040
0 0.570063 0.835228 0.083294 0.054922
0 0.745885 0.514111 0.062648 0.043717
0 0.719939 0.388252 0.056780 0.035579
0 0.768576 0.552002 0.060043 0.045736
0 0.845527 0.893109 0.074475 0.056712
0 0.622901 0.589893 0.057704 0.045853
0 0.628357 0.631221 0.061471 0.047129
0 0.549041 0.546029 0.064436 0.043464
0 0.552344 0.583258 0.063021 0.049876
0 0.768850 0.592878 0.070885 0.044557
0 0.663982 0.900316 0.076402 0.061113
0 0.642589 0.782308 0.072105 0.053158
0 0.578260 0.899320 0.071198 0.056413
0 0.667795 0.974785 0.062882 0.045273
0 0.405464 0.505127 0.060903 0.044030
0 0.564355 0.777174 0.074076 0.051979
0 0.821558 0.774577 0.064983 0.048646
0 0.538956 0.507074 0.058494 0.044876
0 0.394987 0.630130 0.072214 0.055508
0 0.787737 0.629619 0.075655 0.046777
0 0.599768 0.413747 0.060230 0.042715
0 0.561879 0.722728 0.077821 0.055521
0 0.738809 0.448786 0.050117 0.034824
0 0.558418 0.673984 0.072383 0.048763
0 0.404525 0.581895 0.063641 0.051667
0 0.636467 0.727552 0.057543 0.049141
0 0.635844 0.676862 0.061489 0.049232
0 0.404772 0.542956 0.061914 0.045417
0 0.712027 0.330872 0.051476 0.035430
0 0.397201 0.673161 0.072309 0.052533
0 0.740551 0.477585 0.057613 0.040755
0 0.529269 0.375482 0.054058 0.040885
0 0.701825 0.305436 0.051359 0.032930
0 0.536196 0.473317 0.050430 0.040671
0 0.389844 0.776536 0.079392 0.063997
0 0.594575 0.380114 0.054948 0.041999
0 0.606361 0.509212 0.058355 0.046003
0 0.602797 0.443659 0.055890 0.039219
0 0.535679 0.441169 0.052904 0.038001
0 0.717431 0.359779 0.053290 0.036680
0 0.606658 0.476709 0.060043 0.041230
0 0.408296 0.418525 0.044944 0.041999
0 0.409288 0.470638 0.048255 0.039661
0 0.654909 0.835449 0.060512 0.052526
0 0.528290 0.406927 0.045964 0.040182
0 0.591853 0.350612 0.042613 0.036042
0 0.694533 0.282627 0.048537 0.032884
0 0.592598 0.326068 0.041654 0.035924