0 0.377344 0.777786 0.077804 0.055247
0 0.377567 0.668574 0.072765 0.052435
0 0.792231 0.645540 0.070929 0.048255
0 0.365703 0.972318 0.082370 0.050221
0 0.372884 0.912109 0.082808 0.061081
0 0.363976 0.838835 0.089965 0.068646
0 0.380226 0.715762 0.058134 0.050794
0 0.838481 0.839059 0.069757 0.049525
0 0.548355 0.537474 0.059939 0.043620
0 0.296000 0.545277 0.029770 0.059967
0 0.780056 0.602451 0.066571 0.047533
0 0.556853 0.672539 0.068872 0.048802
0 0.382231 0.583434 0.066406 0.046270
0 0.404503 0.369971 0.058199 0.046686
0 0.538704 0.463037 0.051133 0.041113
0 0.617808 0.555827 0.060547 0.048464
0 0.629870 0.637848 0.057135 0.043887
0 0.823880 0.780540 0.076458 0.050299
0 0.586239 0.970332 0.086020 0.055977
0 0.554158 0.579570 0.061372 0.042096
0 0.387279 0.431494 0.061710 0.044277
0 0.603900 0.477738 0.062938 0.044707
0 0.745139 0.474922 0.062500 0.041732
0 0.726977 0.408034 0.055247 0.041875
0 0.571554 0.785651 0.076415 0.051953
0 0.599288 0.354538 0.052682 0.034635
0 0.768533 0.559202 0.065599 0.054108
0 0.380840 0.624941 0.052088 0.044583
0 0.709429 0.322292 0.052444 0.034375
0 0.658238 0.778115 0.077830 0.058288
0 0.627780 0.597145 0.057574 0.043027
0 0.881458 0.964844 0.089931 0.061576
0 0.854338 0.893851 0.065048 0.050957
0 0.658301 0.843835 0.077626 0.056979
0 0.387381 0.542764 0.064944 0.045853
0 0.573236 0.838206 0.070855 0.054915
0 0.580076 0.901146 0.071220 0.059688
0 0.667910 0.974489 0.061871 0.047572
0 0.632574 0.684993 0.065286 0.052865
0 0.565230 0.723408 0.057240 0.052155
0 0.548416 0.501234 0.047743 0.039915
0 0.541836 0.365895 0.040443 0.037129
0 0.666055 0.902318 0.062561 0.055013
0 0.755816 0.513499 0.059896 0.044303
0 0.806840 0.733223 0.060668 0.049674
0 0.736756 0.439235 0.047322 0.040007
0 0.606408 0.412780 0.053147 0.038177
0 0.602470 0.383132 0.048455 0.035560
0 0.612999 0.517946 0.057109 0.042884
0 0.539052 0.427135 0.060820 0.042461
0 0.384217 0.468548 0.058633 0.041302
0 0.382637 0.502656 0.059709 0.045143
0 0.607357 0.314899 0.039193 0.034277
0 0.558947 0.622695 0.053390 0.048711
0 0.792498 0.692598 0.067973 0.049909
0 0.696788 0.286035 0.042674 0.039193
0 0.689173 0.254694 0.050464 0.036159
0 0.720315 0.351787 0.056645 0.036478
0 0.681691 0.209014 0.048398 0.031413
0 0.543757 0.396488 0.055022 0.038040
0 0.604525 0.442380 0.050534 0.042637
0 0.599544 0.291725 0.048464 0.033685
0 0.598132 0.265400 0.041966 0.032285
0 0.727233 0.379310 0.045994 0.037057
0 0.686515 0.233405 0.045495 0.028216