0 0.649876 0.775762 0.074891 0.055859
0 0.577852 0.831533 0.071155 0.054199
0 0.642151 0.670882 0.072296 0.051882
0 0.781122 0.586211 0.072522 0.048333
0 0.364060 0.828896 0.076697 0.060397
0 0.589570 0.893512 0.091892 0.065931
0 0.789913 0.632799 0.072760 0.050690
0 0.765358 0.544915 0.064023 0.045964
0 0.648819 0.722305 0.064939 0.051510
0 0.371842 0.769590 0.076194 0.060195
0 0.577598 0.971628 0.086775 0.050599
0 0.656825 0.834137 0.063277 0.051712
0 0.633587 0.573711 0.062036 0.045260
0 0.236257 0.698294 0.062218 0.048711
0 0.402732 0.385215 0.057409 0.043672
0 0.755456 0.505257 0.059540 0.044108
0 0.835658 0.830534 0.070308 0.052448
0 0.568479 0.773079 0.072478 0.053958
0 0.377016 0.622933 0.068676 0.048040
0 0.568253 0.620091 0.060508 0.045495
0 0.567170 0.666182 0.070911 0.050059
0 0.793863 0.678590 0.068394 0.049564
0 0.573550 0.717917 0.066571 0.052721
0 0.743362 0.469876 0.049605 0.043958
0 0.732999 0.433151 0.062509 0.045286
0 0.663963 0.893330 0.059757 0.051191
0 0.385154 0.540690 0.068503 0.045260
0 0.811625 0.774206 0.061654 0.048594
0 0.585549 0.283512 0.048207 0.036061
0 0.809167 0.725537 0.064523 0.053496
0 0.850614 0.900605 0.070716 0.056367
0 0.874494 0.965638 0.091532 0.060846
0 0.561141 0.570452 0.055408 0.042402
0 0.365983 0.909648 0.074371 0.055938
0 0.636545 0.617152 0.069158 0.050085
0 0.547828 0.463395 0.052669 0.038561
0 0.377669 0.576882 0.053585 0.047109
0 0.548848 0.426455 0.044744 0.041608
0 0.355052 0.974557 0.084983 0.046289
0 0.608390 0.457673 0.057127 0.040866
0 0.615961 0.491878 0.056359 0.047871
0 0.553472 0.499626 0.056146 0.045046
0 0.672012 0.968031 0.085352 0.060371
0 0.721146 0.402096 0.053681 0.038490
0 0.704399 0.343184 0.052878 0.033958
0 0.716233 0.368047 0.055339 0.041172
0 0.592995 0.330732 0.054948 0.045332
0 0.604327 0.395234 0.045634 0.037031
0 0.701500 0.317389 0.052713 0.033112
0 0.606480 0.425143 0.052214 0.036940
0 0.599659 0.364352 0.053103 0.040046
0 0.689670 0.264036 0.049488 0.035234
0 0.691474 0.292054 0.044510 0.035632
0 0.681361 0.240957 0.048867 0.029102