0 0.292052 0.603038 0.033206 0.063237
0 0.781111 0.597911 0.061939 0.045448
0 0.653283 0.738784 0.060334 0.049699
0 0.372369 0.633812 0.072149 0.048042
0 0.655889 0.820615 0.076395 0.056300
0 0.378043 0.592156 0.060009 0.044728
0 0.741551 0.450461 0.062560 0.039130
0 0.541669 0.376285 0.053465 0.038393
0 0.367885 0.743180 0.072256 0.057009
0 0.874627 0.967340 0.087499 0.053442
0 0.734386 0.415567 0.054490 0.040100
0 0.382701 0.550394 0.064339 0.046675
0 0.384224 0.482680 0.057458 0.042246
0 0.769033 0.556148 0.062071 0.044131
0 0.575823 0.736368 0.066620 0.050869
0 0.562229 0.543834 0.059059 0.044473
0 0.729534 0.386694 0.060096 0.041316
0 0.751506 0.487562 0.058715 0.039203
0 0.587009 0.950594 0.083875 0.057633
0 0.838492 0.791440 0.065435 0.048704
0 0.682761 0.208486 0.047789 0.033791
0 0.368349 0.683039 0.068651 0.052071
0 0.640134 0.595577 0.063066 0.047567
0 0.631415 0.552666 0.060732 0.041524
0 0.556469 0.505957 0.054834 0.041263
0 0.394337 0.450310 0.057747 0.039283
0 0.571392 0.818566 0.076659 0.056444
0 0.855582 0.907823 0.085420 0.053525
0 0.603032 0.324093 0.047437 0.034781
0 0.623632 0.515411 0.056021 0.042175
0 0.763201 0.518731 0.049520 0.039966
0 0.820358 0.742464 0.059786 0.048425
0 0.573071 0.883219 0.074541 0.051472
0 0.840271 0.853283 0.071326 0.052781
0 0.601297 0.273006 0.051145 0.033315
0 0.706028 0.314496 0.043133 0.037974
0 0.372379 0.810157 0.057950 0.053011
0 0.636678 0.640592 0.056259 0.045670
0 0.365822 0.872965 0.061567 0.052291
0 0.397945 0.377380 0.056310 0.041493
0 0.721451 0.356385 0.046214 0.029317
0 0.607589 0.407497 0.048361 0.037624
0 0.615371 0.477660 0.061125 0.043522
0 0.607129 0.354103 0.051536 0.033306
0 0.401918 0.415435 0.055664 0.040617
0 0.550554 0.469544 0.051192 0.035886
0 0.703412 0.287622 0.055582 0.038485
0 0.652160 0.881510 0.069976 0.054025
0 0.550704 0.435814 0.053783 0.034664
0 0.612337 0.442633 0.053355 0.040689
0 0.642330 0.686234 0.061068 0.048501
0 0.596014 0.226810 0.050025 0.034550
0 0.610846 0.384816 0.057087 0.035056
0 0.591064 0.183869 0.048241 0.033804
0 0.364613 0.930542 0.073225 0.057088
0 0.692559 0.241939 0.040881 0.032277
0 0.601695 0.252330 0.042004 0.034604
0 0.667578 0.962994 0.059455 0.046874
0 0.571364 0.680914 0.055923 0.048828
0 0.566356 0.636468 0.064269 0.045072
0 0.601830 0.300305 0.051749 0.036308
0 0.597656 0.206405 0.045072 0.031300
0 0.697399 0.264623 0.049245 0.025040
0 0.798811 0.693434 0.063435 0.048828