0 0.661378 0.880518 0.075438 0.055059
0 0.778166 0.585518 0.069891 0.050579
0 0.794208 0.629967 0.062339 0.049870
0 0.390660 0.749661 0.073724 0.060625
0 0.817072 0.726836 0.076020 0.052109
0 0.809826 0.676139 0.077595 0.051732
0 0.735853 0.431214 0.056819 0.040397
0 0.389605 0.802155 0.063056 0.055013
0 0.564375 0.703851 0.073672 0.057884
0 0.381263 0.691729 0.079974 0.063639
0 0.756458 0.501478 0.063490 0.042591
0 0.386419 0.636068 0.065148 0.053164
0 0.564954 0.827002 0.072096 0.058874
0 0.577680 0.884248 0.074562 0.059030
0 0.626413 0.629346 0.059701 0.047337
0 0.547027 0.605934 0.058160 0.045905
0 0.538644 0.561530 0.070464 0.050286
0 0.744384 0.466530 0.058307 0.040911
0 0.828867 0.775332 0.071085 0.050677
0 0.638301 0.722598 0.056506 0.045690
0 0.555632 0.650999 0.073034 0.053965
0 0.655651 0.823018 0.067118 0.055007
0 0.377741 0.923607 0.076228 0.060326
0 0.841519 0.838864 0.083785 0.053014
0 0.865645 0.895062 0.087687 0.056270
0 0.649332 0.771663 0.067743 0.055671
0 0.763941 0.539521 0.062865 0.048535
0 0.389054 0.591891 0.065017 0.048327
0 0.570653 0.758649 0.076549 0.057910
0 0.590632 0.957764 0.084683 0.065254
0 0.393145 0.472679 0.058294 0.042598
0 0.712125 0.335768 0.056871 0.037591
0 0.670796 0.951976 0.064102 0.054095
0 0.632884 0.673590 0.067357 0.050124
0 0.584470 0.233197 0.047196 0.036745
0 0.618683 0.588398 0.063346 0.047721
0 0.547218 0.521755 0.059922 0.042780
0 0.730451 0.396263 0.057526 0.041367
0 0.394651 0.545150 0.061428 0.050117
0 0.720378 0.364154 0.058854 0.038841
0 0.624230 0.549658 0.065109 0.047181
0 0.585829 0.267184 0.049696 0.035853
0 0.395918 0.509137 0.062669 0.042949
0 0.378648 0.856019 0.064023 0.056725
0 0.544392 0.482529 0.054540 0.042546
0 0.542828 0.445583 0.051766 0.040202
0 0.610282 0.472057 0.055773 0.043750
0 0.590623 0.383180 0.057791 0.039876
0 0.538340 0.415557 0.042643 0.035853
0 0.594737 0.350752 0.052418 0.039186
0 0.599368 0.415544 0.057522 0.044473
0 0.586517 0.292998 0.047487 0.033132
0 0.618670 0.509548 0.063051 0.047233
0 0.702493 0.292233 0.048598 0.031784
0 0.594796 0.318506 0.040686 0.038743
0 0.694653 0.269417 0.051337 0.030866
0 0.705955 0.311445 0.043056 0.028997
0 0.689564 0.238734 0.041037 0.033978