0 0.802009 0.690675 0.077756 0.050786
0 0.817536 0.743086 0.072668 0.054742
0 0.747871 0.465764 0.059115 0.044110
0 0.774726 0.573620 0.056806 0.043868
0 0.571319 0.791114 0.079383 0.053882
0 0.743937 0.426938 0.056980 0.047980
0 0.792166 0.640454 0.058758 0.055900
0 0.764460 0.533419 0.056401 0.047698
0 0.378922 0.854668 0.083570 0.055791
0 0.567212 0.737651 0.067567 0.049621
0 0.823659 0.794573 0.068265 0.049146
0 0.690726 0.237041 0.041577 0.033287
0 0.355335 0.787191 0.077323 0.056052
0 0.845474 0.846190 0.090302 0.056363
0 0.848886 0.905380 0.071531 0.052214
0 0.861917 0.974304 0.082456 0.047166
0 0.785447 0.610285 0.052094 0.043210
0 0.619355 0.516647 0.057406 0.042646
0 0.732350 0.400420 0.054800 0.040405
0 0.756438 0.501453 0.052721 0.036592
0 0.716489 0.335761 0.051981 0.041534
0 0.577831 0.908438 0.076376 0.060667
0 0.616354 0.419058 0.052934 0.038872
0 0.613004 0.477149 0.052508 0.045907
0 0.723035 0.370542 0.045604 0.037649
0 0.566362 0.683250 0.067597 0.056003
0 0.416025 0.382350 0.057751 0.045615
0 0.396853 0.515943 0.064246 0.044994
0 0.570528 0.845160 0.070950 0.059309
0 0.628736 0.600391 0.066114 0.049356
0 0.621571 0.555252 0.054962 0.040256
0 0.705715 0.307468 0.041425 0.036379
0 0.676616 0.975419 0.080487 0.044151
0 0.555597 0.586619 0.060917 0.043800
0 0.583331 0.233563 0.034939 0.034796
0 0.594892 0.384946 0.046300 0.036718
0 0.390928 0.555261 0.062652 0.046865
0 0.609437 0.446505 0.048746 0.028449
0 0.352264 0.736629 0.055088 0.047576
0 0.378973 0.686548 0.065104 0.047576
0 0.383146 0.636468 0.068443 0.047576
0 0.389406 0.596404 0.050915 0.037560
0 0.581798 0.973257 0.086806 0.047576
0 0.666934 0.909405 0.063435 0.052584
0 0.656918 0.848683 0.070112 0.058844
0 0.652744 0.792343 0.063435 0.051332
0 0.644398 0.738507 0.061765 0.048828
0 0.561765 0.632086 0.058427 0.043820
0 0.631043 0.646484 0.051749 0.037560
0 0.635216 0.688426 0.060096 0.046324
0 0.591396 0.351638 0.045907 0.038812