0 0.385800 0.730578 0.068775 0.061518
0 0.388488 0.679235 0.052758 0.048595
0 0.782186 0.603073 0.066306 0.046069
0 0.768004 0.559784 0.066624 0.039439
0 0.755501 0.520532 0.069928 0.043567
0 0.804559 0.694026 0.057157 0.048028
0 0.569266 0.733429 0.066266 0.046562
0 0.790178 0.647455 0.065182 0.045892
0 0.736063 0.438803 0.058200 0.040840
0 0.742208 0.472949 0.057661 0.044249
0 0.715730 0.317615 0.043277 0.037081
0 0.839771 0.881776 0.071659 0.049911
0 0.393823 0.786252 0.063784 0.049166
0 0.381003 0.544615 0.048798 0.041075
0 0.723851 0.398959 0.054769 0.038303
0 0.600716 0.964070 0.082006 0.059795
0 0.586528 0.901457 0.083248 0.061091
0 0.643401 0.780741 0.058312 0.050764
0 0.665162 0.896569 0.058410 0.051483
0 0.389169 0.585166 0.069050 0.045224
0 0.647880 0.735778 0.061259 0.045914
0 0.546608 0.496479 0.051440 0.041986
0 0.861373 0.944975 0.070189 0.061124
0 0.675833 0.973387 0.058249 0.046402
0 0.562299 0.586388 0.050683 0.045072
0 0.607277 0.471437 0.058217 0.040421
0 0.398405 0.512147 0.060034 0.040648
0 0.552569 0.540437 0.063740 0.046803
0 0.811701 0.764756 0.074380 0.051248
0 0.386075 0.907541 0.064492 0.058232
0 0.635600 0.690260 0.060997 0.044983
0 0.385681 0.630258 0.065509 0.054277
0 0.609458 0.439908 0.052303 0.038023
0 0.826340 0.817162 0.081828 0.053394
0 0.570466 0.788417 0.063866 0.048005
0 0.404430 0.388572 0.059261 0.042568
0 0.387320 0.853065 0.078459 0.052584
0 0.578876 0.843675 0.070947 0.056340
0 0.565939 0.679036 0.066774 0.047576
0 0.563852 0.631460 0.065939 0.045072
0 0.543403 0.467448 0.050080 0.035056
0 0.547159 0.433644 0.054253 0.040064
0 0.656083 0.843675 0.068443 0.051332
0 0.640224 0.644606 0.068443 0.051332
0 0.618106 0.513146 0.059261 0.046324
0 0.618106 0.561348 0.052584 0.042568
0 0.628122 0.601412 0.057592 0.045072
0 0.606420 0.410482 0.050915 0.038812
0 0.604334 0.381686 0.056757 0.036308
0 0.600160 0.354142 0.051749 0.036308
0 0.603916 0.325972 0.049245 0.035056
0 0.726195 0.367914 0.051749 0.036308