0 0.569362 0.902777 0.085764 0.062546
0 0.399310 0.631126 0.068542 0.053516
0 0.385547 0.791152 0.085234 0.065378
0 0.551801 0.632565 0.058863 0.047370
0 0.567337 0.839648 0.075534 0.058398
0 0.668038 0.967249 0.083481 0.057598
0 0.759427 0.554596 0.067135 0.044167
0 0.579653 0.967516 0.089227 0.058991
0 0.643095 0.783398 0.075156 0.060612
0 0.604601 0.446312 0.060095 0.042402
0 0.562331 0.775589 0.075998 0.053561
0 0.401385 0.585791 0.068056 0.049030
0 0.793357 0.632773 0.069206 0.051576
0 0.639722 0.681445 0.054280 0.045182
0 0.747917 0.482386 0.065799 0.040475
0 0.614151 0.509590 0.057609 0.042253
0 0.627711 0.632484 0.060951 0.046165
0 0.805421 0.679157 0.085938 0.054551
0 0.643210 0.728727 0.062444 0.050710
0 0.620074 0.587461 0.056458 0.044687
0 0.853296 0.967080 0.084336 0.058132
0 0.615614 0.547992 0.059692 0.045814
0 0.397298 0.679915 0.053563 0.048464
0 0.562203 0.723831 0.071836 0.051882
0 0.810918 0.726331 0.073242 0.053926
0 0.758398 0.515687 0.064766 0.043340
0 0.844091 0.894440 0.087053 0.060182
0 0.778257 0.590768 0.056862 0.046536
0 0.691196 0.239085 0.039440 0.034824
0 0.414117 0.373151 0.043468 0.040729
0 0.826834 0.776113 0.070082 0.051198
0 0.395382 0.729290 0.079288 0.059922
0 0.833987 0.831270 0.074544 0.056146
0 0.660547 0.898161 0.065842 0.063027
0 0.379141 0.855775 0.063533 0.059219