0 0.395602 0.531853 0.068226 0.049531
0 0.398096 0.727521 0.068991 0.051149
0 0.795228 0.692771 0.072835 0.045498
0 0.790254 0.644001 0.068902 0.045770
0 0.654572 0.813706 0.076472 0.058686
0 0.778157 0.600423 0.073675 0.048126
0 0.405284 0.790258 0.060895 0.050499
0 0.551747 0.689116 0.075751 0.052350
0 0.573118 0.811733 0.078885 0.056681
0 0.402810 0.672180 0.067769 0.051384
0 0.758724 0.511137 0.061512 0.043882
0 0.604448 0.521696 0.056528 0.046752
0 0.594640 0.480934 0.043521 0.043512
0 0.410633 0.850737 0.070812 0.053805
0 0.630858 0.709467 0.063804 0.054322
0 0.623142 0.648621 0.066759 0.049463
0 0.535902 0.501849 0.051279 0.042376
0 0.401450 0.626202 0.050090 0.044354
0 0.398836 0.461520 0.046404 0.046911
0 0.612144 0.598082 0.060280 0.047078
0 0.524781 0.432581 0.048766 0.036914
0 0.514859 0.394399 0.055108 0.039397
0 0.395803 0.583248 0.064236 0.048267
0 0.672222 0.941260 0.071221 0.063994
0 0.639204 0.754308 0.068367 0.050940
0 0.659776 0.874975 0.062727 0.051332
0 0.826033 0.812706 0.070756 0.055678
0 0.721531 0.406569 0.056457 0.038557
0 0.812193 0.750536 0.066719 0.054816
0 0.584262 0.867289 0.078489 0.055250
0 0.735437 0.439315 0.056594 0.039671
0 0.550137 0.632776 0.061878 0.049954
0 0.587798 0.450936 0.049764 0.043040
0 0.838752 0.874141 0.074379 0.052985
0 0.742559 0.476013 0.057418 0.039667
0 0.701862 0.278376 0.046486 0.032591
0 0.567504 0.758354 0.068709 0.056986
0 0.532695 0.466986 0.050424 0.036252
0 0.611964 0.564471 0.054852 0.041301
0 0.603009 0.331125 0.048095 0.033995
0 0.406242 0.922569 0.084057 0.063327
0 0.716773 0.373601 0.053371 0.037042
0 0.583246 0.421548 0.048791 0.036258
0 0.540368 0.547176 0.059538 0.033981
0 0.586605 0.926222 0.059411 0.054574
0 0.547219 0.584915 0.062721 0.050522
0 0.868708 0.941899 0.092142 0.057901
0 0.688317 0.231920 0.039428 0.030350
0 0.776394 0.558777 0.064441 0.040896
0 0.395249 0.427384 0.065939 0.047576
0 0.584719 0.391076 0.045907 0.042568
0 0.583050 0.359150 0.049245 0.041316
0 0.673611 0.188877 0.048411 0.033804
0 0.686548 0.212039 0.045907 0.030048
0 0.693226 0.257111 0.047576 0.030048
0 0.713675 0.316582 0.043403 0.038812
0 0.704077 0.347256 0.055923 0.032552