0 0.394605 0.733135 0.074488 0.055252
0 0.388658 0.678248 0.070002 0.057301
0 0.621448 0.518639 0.062336 0.047746
0 0.402901 0.474854 0.061210 0.039852
0 0.741534 0.456960 0.055697 0.040609
0 0.757501 0.525357 0.068043 0.040849
0 0.599078 0.388017 0.057338 0.040940
0 0.554988 0.553034 0.064004 0.044807
0 0.731212 0.395110 0.059844 0.036356
0 0.611747 0.448608 0.055285 0.037680
0 0.750940 0.492249 0.064166 0.042003
0 0.735703 0.423050 0.054072 0.038716
0 0.772685 0.562892 0.062439 0.040910
0 0.561865 0.638659 0.063634 0.045699
0 0.397965 0.626793 0.059061 0.045418
0 0.393997 0.847002 0.076790 0.059701
0 0.711346 0.342833 0.051400 0.028715
0 0.549843 0.443098 0.052945 0.038940
0 0.630702 0.642997 0.062067 0.050567
0 0.725332 0.366356 0.056485 0.037693
0 0.553457 0.514612 0.054885 0.043739
0 0.559198 0.732718 0.067250 0.049058
0 0.655301 0.846797 0.067119 0.052775
0 0.685112 0.225460 0.043034 0.031849
0 0.801338 0.688519 0.059896 0.044675
0 0.573002 0.839419 0.064384 0.055546
0 0.639992 0.735444 0.058416 0.046491
0 0.663272 0.906867 0.066421 0.056838
0 0.784788 0.601657 0.069781 0.045562
0 0.559118 0.593368 0.064818 0.041129
0 0.552276 0.478846 0.055417 0.041958
0 0.560781 0.781267 0.070218 0.049061
0 0.821750 0.790138 0.074606 0.048667
0 0.405682 0.441156 0.051749 0.037560
0 0.408604 0.381686 0.054253 0.041316
0 0.393997 0.925055 0.081798 0.056340
0 0.581380 0.908779 0.070947 0.058844
0 0.585136 0.975661 0.088475 0.047376
0 0.645232 0.789213 0.056757 0.047576
0 0.669020 0.981395 0.060931 0.033804
0 0.614767 0.484976 0.052584 0.040064
0 0.585971 0.347256 0.046741 0.035056
0 0.596072 0.276000 0.041903 0.039846
0 0.684879 0.205153 0.045907 0.026292
0 0.696147 0.275265 0.051749 0.036308
0 0.710337 0.319712 0.046741 0.030048
0 0.784622 0.646484 0.060096 0.042568
0 0.815087 0.741011 0.055923 0.043820
0 0.835954 0.846179 0.069278 0.048828
0 0.850144 0.908779 0.069278 0.056340
0 0.859325 0.977539 0.082632 0.043620