0 0.589755 0.970690 0.088763 0.052070
0 0.398796 0.725658 0.073216 0.056693
0 0.402780 0.619027 0.065751 0.048783
0 0.577726 0.841735 0.073828 0.059837
0 0.400310 0.671159 0.073277 0.057812
0 0.305727 0.784417 0.073633 0.051569
0 0.666105 0.898031 0.062235 0.052259
0 0.681059 0.963337 0.076285 0.056764
0 0.527272 0.385518 0.056480 0.040853
0 0.659002 0.841357 0.078889 0.056504
0 0.395263 0.788835 0.064891 0.051693
0 0.551228 0.578822 0.067057 0.049466
0 0.401599 0.533245 0.057921 0.043509
0 0.771864 0.594307 0.069110 0.046322
0 0.389063 0.847080 0.085252 0.061478
0 0.805378 0.732624 0.072674 0.053281
0 0.400816 0.574648 0.067118 0.047070
0 0.557947 0.625726 0.051493 0.048340
0 0.575087 0.784206 0.070799 0.053021
0 0.534876 0.427513 0.054197 0.038255
0 0.738247 0.450934 0.058733 0.037402
0 0.639156 0.729001 0.072739 0.054238
0 0.762237 0.552305 0.068043 0.046966
0 0.593129 0.262103 0.049818 0.041068
0 0.836549 0.833545 0.088177 0.058457
0 0.579896 0.902243 0.075816 0.063561
0 0.646862 0.784528 0.065382 0.052337
0 0.798364 0.680189 0.058637 0.050169
0 0.629609 0.639479 0.054019 0.042513
0 0.560126 0.672686 0.070148 0.052402
0 0.406649 0.466488 0.057387 0.038626
0 0.621059 0.596540 0.057769 0.046934
0 0.547155 0.533981 0.071393 0.053132
0 0.812500 0.781257 0.064679 0.048776
0 0.613730 0.553864 0.062157 0.047311
0 0.781895 0.637673 0.066819 0.049811
0 0.743950 0.481328 0.061076 0.044036
0 0.410265 0.498815 0.048568 0.038984
0 0.689607 0.260990 0.054049 0.035977
0 0.604297 0.507985 0.055738 0.047311
0 0.541267 0.495586 0.054870 0.040299
0 0.635640 0.680915 0.055169 0.051022
0 0.385187 0.911279 0.092127 0.068249
0 0.849659 0.961999 0.088424 0.062526
0 0.559342 0.723070 0.073963 0.056022
0 0.597552 0.439398 0.057630 0.041895
0 0.586580 0.380618 0.050903 0.034466
0 0.733216 0.417848 0.054019 0.042507
0 0.750154 0.515687 0.062869 0.045996
0 0.597461 0.297214 0.040738 0.036628
0 0.591500 0.407331 0.050864 0.037357
0 0.842450 0.901178 0.075560 0.058151
0 0.605299 0.352373 0.053655 0.039186
0 0.603362 0.471143 0.052296 0.042493
0 0.714974 0.360661 0.054314 0.037220
0 0.703472 0.312663 0.051641 0.033424
0 0.537923 0.460859 0.053242 0.041237
0 0.581328 0.214935 0.049063 0.032956
0 0.598294 0.325612 0.053359 0.034570
0 0.722871 0.389977 0.056445 0.038249
0 0.697244 0.287344 0.043281 0.029648
0 0.710562 0.336992 0.052600 0.033581
0 0.584811 0.234557 0.037695 0.031966