0 0.398066 0.786309 0.078832 0.056237
0 0.795441 0.634238 0.069640 0.044701
0 0.396608 0.617275 0.066931 0.045371
0 0.389935 0.841680 0.061102 0.051849
0 0.871688 0.951960 0.091007 0.057826
0 0.399952 0.720586 0.068845 0.052904
0 0.385660 0.894740 0.063194 0.057292
0 0.799173 0.681357 0.066541 0.045892
0 0.811439 0.730166 0.072305 0.048066
0 0.748244 0.475173 0.061975 0.043470
0 0.393500 0.665443 0.076784 0.055365
0 0.850493 0.892588 0.073529 0.054160
0 0.593253 0.969460 0.084648 0.057773
0 0.589071 0.897679 0.077899 0.057884
0 0.625174 0.544854 0.060868 0.045241
0 0.768783 0.547331 0.067765 0.043997
0 0.572795 0.778695 0.076667 0.054434
0 0.704132 0.344567 0.051623 0.039460
0 0.570994 0.726234 0.063976 0.049212
0 0.571389 0.675052 0.068854 0.050664
0 0.655829 0.781631 0.073160 0.053887
0 0.781122 0.588392 0.058928 0.047435
0 0.733921 0.435540 0.059987 0.041979
0 0.584060 0.832090 0.070543 0.053372
0 0.564060 0.624821 0.064648 0.045866
0 0.624160 0.585049 0.055013 0.044329
0 0.666076 0.897578 0.059427 0.052279
0 0.829859 0.778167 0.069284 0.050085
0 0.692619 0.318626 0.047895 0.034596
0 0.650252 0.727139 0.061536 0.050020
0 0.623659 0.506322 0.063342 0.045911
0 0.719210 0.403298 0.052682 0.038900
0 0.840354 0.831647 0.069900 0.050260
0 0.662381 0.839098 0.064744 0.052767
0 0.758123 0.513086 0.062522 0.038099
0 0.630009 0.627272 0.061311 0.046628
0 0.641341 0.674307 0.055165 0.051712
0 0.617467 0.469284 0.053155 0.045065
0 0.611612 0.435697 0.054631 0.037656
0 0.712984 0.376305 0.050543 0.033835
0 0.675341 0.969661 0.075056 0.056380