0 0.831831 0.842621 0.077945 0.058790
0 0.765290 0.559798 0.066080 0.041158
0 0.563517 0.741489 0.076184 0.053852
0 0.384733 0.622201 0.065617 0.052144
0 0.773972 0.599193 0.066366 0.049588
0 0.568093 0.789014 0.065806 0.046739
0 0.740156 0.456382 0.063197 0.045584
0 0.812248 0.740123 0.075851 0.053865
0 0.383760 0.671522 0.071632 0.052087
0 0.831045 0.789989 0.062802 0.052410
0 0.229827 0.739691 0.038917 0.074500
0 0.793314 0.642455 0.062274 0.048483
0 0.374749 0.720270 0.074960 0.054869
0 0.574745 0.850931 0.071983 0.055504
0 0.670797 0.904766 0.061736 0.053995
0 0.864172 0.966460 0.092875 0.057690
0 0.757892 0.521754 0.061972 0.042592
0 0.642425 0.731514 0.065794 0.054128
0 0.794623 0.690062 0.078379 0.057219
0 0.386473 0.581311 0.050432 0.040957
0 0.561998 0.685303 0.066666 0.047323
0 0.382889 0.543013 0.048039 0.047823
0 0.383850 0.510650 0.054227 0.042280
0 0.639968 0.683123 0.063576 0.052161
0 0.679464 0.967680 0.080704 0.058360
0 0.367058 0.849468 0.063117 0.050110
0 0.384184 0.468462 0.065542 0.055620
0 0.606048 0.324391 0.047855 0.038541
0 0.656497 0.848968 0.060080 0.054615
0 0.552011 0.629540 0.058701 0.050553
0 0.650673 0.783076 0.074255 0.052830
0 0.626208 0.632649 0.066286 0.053440
0 0.540050 0.513114 0.049134 0.041230
0 0.853036 0.902225 0.075062 0.050744
0 0.387530 0.432922 0.046362 0.035370
0 0.619688 0.591582 0.062994 0.044414
0 0.589055 0.256218 0.047323 0.043567
0 0.587640 0.357898 0.053419 0.038812
0 0.591423 0.903512 0.080541 0.056525
0 0.547776 0.553149 0.063145 0.040608
0 0.541099 0.442790 0.056930 0.041106
0 0.361016 0.780916 0.079317 0.056023
0 0.725079 0.396668 0.050700 0.041439
0 0.550248 0.587504 0.049490 0.042408
0 0.606138 0.477405 0.052746 0.043232
0 0.599216 0.415073 0.051968 0.042149
0 0.711220 0.335497 0.054673 0.034294
0 0.717213 0.366485 0.057314 0.038708
0 0.400600 0.377908 0.056722 0.044493
0 0.608971 0.517528 0.060837 0.042568
0 0.698208 0.286371 0.049194 0.034129
0 0.604606 0.447416 0.054543 0.037560
0 0.590360 0.969769 0.066710 0.053722
0 0.686651 0.246801 0.049301 0.036831
0 0.680465 0.219346 0.047894 0.031146
0 0.613903 0.552617 0.057784 0.050847
0 0.696565 0.311574 0.040899 0.031300
0 0.386485 0.920047 0.080128 0.056340