0 0.389132 0.652262 0.064931 0.049694
0 0.380091 0.961725 0.084175 0.063607
0 0.386541 0.755921 0.077743 0.052663
0 0.388863 0.520010 0.063108 0.045788
0 0.580486 0.823424 0.069497 0.055794
0 0.836170 0.832738 0.071532 0.055163
0 0.390167 0.609515 0.067070 0.043405
0 0.589570 0.886335 0.077283 0.061302
0 0.571102 0.754906 0.073377 0.055944
0 0.662806 0.835156 0.075508 0.057956
0 0.591762 0.961927 0.084132 0.061771
0 0.561220 0.699186 0.071267 0.051927
0 0.650527 0.763083 0.069223 0.052546
0 0.833134 0.770605 0.082734 0.055039
0 0.392496 0.810967 0.061840 0.053939
0 0.389249 0.564193 0.049332 0.042409
0 0.379915 0.884648 0.089154 0.069115
0 0.856727 0.901016 0.071363 0.053307
0 0.790675 0.621742 0.060126 0.047350
0 0.387693 0.478590 0.062860 0.046686
0 0.793824 0.668249 0.064687 0.046055
0 0.642869 0.711035 0.070972 0.051602
0 0.557541 0.639873 0.059631 0.049004
0 0.730699 0.406663 0.056215 0.039720
0 0.611319 0.494567 0.055243 0.044902
0 0.818040 0.716774 0.068893 0.048132
0 0.741625 0.441312 0.062513 0.040514
0 0.544280 0.515951 0.053637 0.040182
0 0.869076 0.964733 0.065503 0.053711
0 0.553926 0.595231 0.050595 0.042663
0 0.724588 0.376100 0.057622 0.035729
0 0.669653 0.966621 0.058898 0.053464
0 0.761039 0.549150 0.063980 0.042181
0 0.542444 0.447656 0.054384 0.038971
0 0.671061 0.896641 0.063780 0.059154
0 0.757585 0.515208 0.060734 0.040521
0 0.635052 0.661611 0.064870 0.047194
0 0.385204 0.699880 0.054861 0.049030
0 0.535655 0.481240 0.052318 0.038197
0 0.606940 0.460358 0.054826 0.038971
0 0.770213 0.584466 0.066276 0.044271
0 0.627151 0.614867 0.055716 0.044095
0 0.597326 0.398454 0.056372 0.037611
0 0.394572 0.448672 0.043893 0.035911
0 0.753175 0.479378 0.057912 0.040566
0 0.614204 0.534844 0.059266 0.040964
0 0.595345 0.366507 0.050239 0.039264
0 0.617248 0.572399 0.059288 0.044694
0 0.711964 0.347334 0.042418 0.035397
0 0.539175 0.555576 0.067778 0.045267
0 0.703713 0.318324 0.044674 0.035592
0 0.605115 0.428262 0.054093 0.037383
0 0.698320 0.290687 0.051675 0.035814
0 0.691237 0.266771 0.058325 0.031901