0 0.395224 0.661107 0.070933 0.058437
0 0.395145 0.772676 0.072826 0.057643
0 0.408965 0.895521 0.076819 0.058190
0 0.583420 0.967529 0.086198 0.057155
0 0.655215 0.783249 0.078138 0.054674
0 0.400293 0.573721 0.065742 0.050514
0 0.558396 0.666702 0.072253 0.049928
0 0.396359 0.713812 0.053542 0.049837
0 0.831003 0.839915 0.080477 0.051771
0 0.399905 0.617158 0.068168 0.047780
0 0.393963 0.831029 0.073516 0.057057
0 0.574672 0.770270 0.084484 0.063001
0 0.405158 0.376624 0.058398 0.044408
0 0.642988 0.719915 0.073563 0.051654
0 0.399119 0.968571 0.080937 0.059720
0 0.814816 0.781449 0.071506 0.057259
0 0.572426 0.898008 0.074349 0.054219
0 0.638296 0.669346 0.069162 0.051921
0 0.545870 0.538639 0.056289 0.044232
0 0.218539 0.682077 0.056445 0.149180
0 0.660417 0.900820 0.063837 0.056510
0 0.402823 0.529886 0.051003 0.043574
0 0.403891 0.490794 0.059379 0.044388
0 0.553483 0.579001 0.064136 0.046608
0 0.765727 0.554678 0.068277 0.045814
0 0.799785 0.683698 0.069405 0.052760
0 0.554683 0.622731 0.066380 0.049434
0 0.778168 0.594645 0.073056 0.044941
0 0.613711 0.536771 0.056927 0.044193
0 0.537995 0.426852 0.043646 0.040501
0 0.657235 0.843216 0.073108 0.056771
0 0.845536 0.905299 0.074423 0.054818
0 0.540775 0.463177 0.052279 0.042096
0 0.583414 0.365599 0.054180 0.043503
0 0.792467 0.635127 0.076740 0.053158
0 0.667826 0.967344 0.062205 0.051758
0 0.609466 0.496823 0.053950 0.046250
0 0.405360 0.453460 0.050148 0.040501
0 0.572587 0.831634 0.071406 0.055964
0 0.544195 0.500736 0.049570 0.041016
0 0.740788 0.452074 0.059831 0.046960
0 0.812333 0.729160 0.062869 0.052760
0 0.629993 0.617949 0.053954 0.049688
0 0.404668 0.417100 0.042904 0.038991
0 0.858722 0.960641 0.067652 0.052624
0 0.754533 0.512510 0.058893 0.046947
0 0.624529 0.576322 0.060256 0.045182
0 0.731172 0.417796 0.056623 0.041361
0 0.563553 0.713750 0.078060 0.056081
0 0.590143 0.401602 0.055113 0.040443
0 0.596393 0.326230 0.042101 0.039740
0 0.676734 0.216943 0.045560 0.033770
0 0.722183 0.391042 0.055599 0.037682
0 0.590195 0.231527 0.046189 0.035970
0 0.596897 0.279678 0.045556 0.034837
0 0.603422 0.464150 0.046827 0.039785
0 0.706860 0.310280 0.044579 0.033789
0 0.720990 0.360752 0.047743 0.036908
0 0.703151 0.285293 0.045660 0.034622
0 0.597088 0.433392 0.054175 0.042669
0 0.590098 0.254375 0.044996 0.033346
0 0.685862 0.243454 0.049275 0.033262
0 0.713971 0.339297 0.045799 0.033346