0 0.560397 0.680255 0.065523 0.055002
0 0.637286 0.689110 0.072505 0.048633
0 0.769905 0.563830 0.066282 0.044914
0 0.570898 0.787341 0.072472 0.052188
0 0.624327 0.596449 0.055165 0.051421
0 0.652704 0.788169 0.064235 0.051835
0 0.613383 0.554728 0.057022 0.042036
0 0.749210 0.486052 0.060734 0.039449
0 0.604600 0.417360 0.047832 0.039833
0 0.627501 0.642309 0.063841 0.047990
0 0.566362 0.729202 0.071806 0.049666
0 0.557157 0.630192 0.062113 0.047196
0 0.579985 0.843192 0.065231 0.053225
0 0.657503 0.843482 0.059485 0.048653
0 0.731566 0.393047 0.058494 0.038499
0 0.408281 0.682946 0.069437 0.053731
0 0.716087 0.317477 0.052750 0.040085
0 0.598372 0.452441 0.053657 0.041281
0 0.596687 0.361654 0.050349 0.037560
0 0.760099 0.522029 0.060420 0.043521
0 0.793540 0.684626 0.067054 0.039657
0 0.603405 0.486854 0.051937 0.040064
0 0.820475 0.795937 0.068679 0.053408
0 0.579517 0.902265 0.073010 0.050671
0 0.740963 0.452703 0.060353 0.040522
0 0.640412 0.734794 0.066325 0.052007
0 0.708128 0.286314 0.051144 0.035092
0 0.410420 0.633887 0.051094 0.050407
0 0.690503 0.248901 0.043006 0.034912
0 0.545928 0.516575 0.061034 0.052044
0 0.735959 0.426405 0.056852 0.034553
0 0.400674 0.853065 0.061765 0.047576
0 0.395666 0.917543 0.083467 0.066356
0 0.576372 0.974096 0.084302 0.050506
0 0.665264 0.920047 0.056757 0.047576
0 0.664012 0.981395 0.062600 0.035056
0 0.594318 0.391076 0.043403 0.036308
0 0.843049 0.845553 0.066774 0.051332
0 0.841797 0.906275 0.067608 0.057592
0 0.866002 0.974509 0.085971 0.046324
0 0.715624 0.354762 0.042852 0.035590