0 0.396393 0.463328 0.062215 0.043588
0 0.405520 0.374036 0.058493 0.045897
0 0.729335 0.407316 0.054707 0.042190
0 0.706727 0.336878 0.043670 0.037982
0 0.395319 0.590606 0.050070 0.043435
0 0.596459 0.272483 0.047466 0.044377
0 0.400788 0.787297 0.073224 0.053912
0 0.594383 0.222054 0.041904 0.030057
0 0.401929 0.547958 0.064114 0.044277
0 0.555925 0.519488 0.055317 0.040252
0 0.750942 0.505888 0.064097 0.040113
0 0.551255 0.474934 0.048695 0.039684
0 0.610895 0.456781 0.053197 0.037684
0 0.659269 0.771799 0.071632 0.048535
0 0.652846 0.714332 0.067799 0.048415
0 0.615490 0.421552 0.052398 0.042870
0 0.600371 0.246403 0.041312 0.028928
0 0.617720 0.493959 0.054950 0.044004
0 0.668062 0.831143 0.075096 0.054959
0 0.606838 0.392328 0.051749 0.035056
0 0.561765 0.565104 0.060096 0.042568
0 0.561348 0.608298 0.054253 0.041316
0 0.567191 0.652744 0.064269 0.047576
0 0.570947 0.703451 0.071782 0.051332
0 0.583050 0.809245 0.067608 0.052584
0 0.582215 0.874349 0.075955 0.065104
0 0.586806 0.945713 0.083467 0.065104
0 0.667351 0.898763 0.067608 0.053836
0 0.668186 0.959485 0.062600 0.052584
0 0.651075 0.667142 0.061765 0.048828
0 0.638138 0.617062 0.065939 0.048828
0 0.629791 0.576998 0.059261 0.041316
0 0.622279 0.536308 0.062600 0.042568
0 0.603499 0.363532 0.040064 0.032552
0 0.770850 0.587640 0.070947 0.047576
0 0.792134 0.637094 0.068443 0.046324
0 0.800063 0.682792 0.060931 0.050080
0 0.816757 0.762921 0.075955 0.055088
0 0.836789 0.823017 0.070947 0.057592
0 0.849726 0.883739 0.066774 0.051332
0 0.869341 0.938201 0.065939 0.057592