0 0.809483 0.765493 0.067131 0.059959
0 0.803772 0.712166 0.080525 0.054908
0 0.558628 0.763837 0.078200 0.054118
0 0.765751 0.583590 0.064047 0.045934
0 0.648349 0.714862 0.069101 0.058870
0 0.563283 0.820914 0.078178 0.062992
0 0.832954 0.880681 0.086136 0.060802
0 0.780856 0.662763 0.069470 0.055446
0 0.647626 0.822361 0.068219 0.059433
0 0.744747 0.505200 0.063712 0.045985
0 0.629291 0.662605 0.066492 0.062006
0 0.778122 0.617709 0.058070 0.044738
0 0.562307 0.710603 0.067422 0.060644
0 0.641735 0.766402 0.074584 0.062312
0 0.845220 0.951595 0.082821 0.063109
0 0.820095 0.829903 0.077624 0.053836
0 0.602446 0.455893 0.050588 0.043143
0 0.605865 0.494331 0.053458 0.051727
0 0.610459 0.536865 0.057862 0.046462
0 0.525103 0.338513 0.041415 0.042253
0 0.574462 0.945508 0.083298 0.072936
0 0.668622 0.958492 0.064325 0.054037
0 0.569819 0.881129 0.083409 0.067878
0 0.656683 0.891392 0.059810 0.060809
0 0.404578 0.358021 0.058449 0.044666
0 0.552021 0.660489 0.072630 0.050910
0 0.714510 0.376678 0.063435 0.046324
0 0.689052 0.250225 0.044237 0.033804
0 0.573034 0.218299 0.052584 0.050080
0 0.612263 0.580128 0.067608 0.047576
0 0.368122 0.611428 0.071782 0.047576
0 0.362697 0.661508 0.075955 0.055088
0 0.364366 0.717849 0.064269 0.055088
0 0.361862 0.774189 0.074286 0.055088
0 0.357511 0.829663 0.064513 0.057704
0 0.349621 0.892537 0.084524 0.064921