0 0.388283 0.735570 0.076810 0.052702
0 0.833806 0.783763 0.082578 0.052721
0 0.381265 0.791240 0.072600 0.058132
0 0.395675 0.678900 0.072105 0.050378
0 0.400310 0.543206 0.064431 0.047559
0 0.405109 0.460814 0.051293 0.039661
0 0.400597 0.587500 0.066758 0.046159
0 0.847765 0.845306 0.080260 0.053112
0 0.653179 0.779626 0.071159 0.053639
0 0.557276 0.622627 0.064692 0.047272
0 0.401276 0.631504 0.060564 0.045586
0 0.859944 0.907533 0.071762 0.051029
0 0.636326 0.670986 0.063867 0.048457
0 0.400503 0.498428 0.057969 0.045215
0 0.646421 0.723122 0.069900 0.050579
0 0.331378 0.634622 0.054952 0.046224
0 0.325977 0.586143 0.068854 0.049017
0 0.622726 0.579414 0.063663 0.044375
0 0.595380 0.909163 0.073147 0.053639
0 0.543945 0.372969 0.051042 0.037552
0 0.776784 0.577002 0.076224 0.052793
0 0.623331 0.540280 0.062565 0.046185
0 0.763155 0.535892 0.068707 0.048242
0 0.385115 0.851475 0.070916 0.057233
0 0.208681 0.765726 0.040807 0.080358
0 0.410349 0.378997 0.055629 0.044492
0 0.807309 0.671927 0.077023 0.055299
0 0.743364 0.459912 0.061745 0.043457
0 0.565139 0.672171 0.064835 0.052285
0 0.821066 0.727402 0.060907 0.049284
0 0.668997 0.912318 0.060851 0.056107
0 0.572980 0.784596 0.061775 0.053034
0 0.379427 0.908991 0.078403 0.062799
0 0.662318 0.833620 0.078724 0.057500
0 0.789731 0.627754 0.069167 0.053607
0 0.873622 0.971162 0.085386 0.053053
0 0.578234 0.842526 0.068064 0.056654
0 0.550180 0.502995 0.055117 0.042422
0 0.554434 0.580342 0.064206 0.045449
0 0.552031 0.438467 0.057057 0.041647
0 0.611554 0.470596 0.060842 0.041426
0 0.330102 0.545654 0.056020 0.042611
0 0.615113 0.436855 0.053646 0.041094
0 0.552092 0.541188 0.061033 0.041543
0 0.592752 0.972347 0.069965 0.050267
0 0.602224 0.301947 0.049588 0.036758
0 0.606361 0.352246 0.050378 0.037904
0 0.751953 0.497633 0.065122 0.044160
0 0.607170 0.404339 0.049115 0.040423
0 0.669850 0.977057 0.062070 0.043333
0 0.735397 0.420739 0.045100 0.043132
0 0.618153 0.505303 0.052539 0.039590
0 0.698930 0.280166 0.049145 0.031556
0 0.545618 0.471377 0.054180 0.041452
0 0.595336 0.253623 0.046202 0.033561
0 0.728865 0.389186 0.044935 0.035547
0 0.600820 0.275723 0.045148 0.031888
0 0.593385 0.226865 0.048160 0.034811
0 0.707077 0.305111 0.045213 0.033581
0 0.297445 0.870797 0.085049 0.062817
0 0.689588 0.232663 0.039835 0.036172
0 0.585618 0.204772 0.037556 0.027227
0 0.719143 0.363073 0.042444 0.034714