0 0.650072 0.776790 0.074744 0.057786
0 0.790736 0.634652 0.071063 0.049616
0 0.779850 0.587663 0.072756 0.047214
0 0.656966 0.833997 0.063507 0.055560
0 0.580588 0.968848 0.089692 0.055729
0 0.849818 0.901839 0.071762 0.056842
0 0.649036 0.723337 0.063472 0.053210
0 0.765323 0.548473 0.062331 0.044967
0 0.588427 0.894935 0.092695 0.066497
0 0.398492 0.382708 0.054102 0.040443
0 0.371829 0.770612 0.076402 0.058073
0 0.834733 0.833132 0.071819 0.053086
0 0.577365 0.833079 0.070495 0.056536
0 0.812086 0.778099 0.061445 0.049609
0 0.874783 0.967340 0.090868 0.058665
0 0.363796 0.831100 0.075447 0.059570
0 0.633848 0.574567 0.060629 0.044694
0 0.809440 0.727435 0.064054 0.053516
0 0.663507 0.894854 0.061571 0.051087
0 0.641994 0.671494 0.071740 0.055332
0 0.793889 0.682575 0.069826 0.050241
0 0.639201 0.617760 0.065122 0.049661
0 0.364944 0.914401 0.074080 0.059297
0 0.758383 0.510033 0.056489 0.043229
0 0.733468 0.434792 0.063186 0.041458
0 0.701050 0.322308 0.056189 0.040996
0 0.739110 0.467142 0.061502 0.045326
0 0.696921 0.294167 0.054188 0.034622
0 0.674147 0.972344 0.078292 0.054010