0 0.547530 0.615690 0.063984 0.051536
0 0.774588 0.583236 0.074514 0.046211
0 0.558136 0.717067 0.068911 0.054798
0 0.390690 0.750977 0.073342 0.060404
0 0.824970 0.775557 0.073186 0.054395
0 0.629931 0.724609 0.068212 0.053958
0 0.563470 0.826152 0.072687 0.055859
0 0.562593 0.771585 0.065734 0.054915
0 0.757624 0.501901 0.065838 0.041458
0 0.550432 0.663675 0.074154 0.050566
0 0.577246 0.969775 0.087383 0.054486
0 0.644844 0.830954 0.075616 0.055384
0 0.814030 0.721471 0.076072 0.055508
0 0.723019 0.390078 0.057287 0.038932
0 0.713976 0.358174 0.054392 0.037103
0 0.545293 0.571742 0.051254 0.045254
0 0.799355 0.674993 0.059110 0.048789
0 0.623507 0.674694 0.062622 0.049010
0 0.668290 0.969212 0.092005 0.057174
0 0.745605 0.464160 0.061220 0.044987
0 0.653895 0.903620 0.080004 0.059271
0 0.388427 0.806924 0.078312 0.055879
0 0.546467 0.472692 0.059028 0.042051
0 0.765428 0.539961 0.064935 0.048047
0 0.850278 0.894893 0.072335 0.054668
0 0.787778 0.629541 0.072552 0.051009
0 0.828359 0.831081 0.063464 0.049063
0 0.540634 0.435664 0.052587 0.040677
0 0.572203 0.894639 0.072174 0.063470
0 0.867059 0.965378 0.081419 0.060313
0 0.395836 0.605758 0.068919 0.049993
0 0.390267 0.698708 0.057027 0.050684
0 0.386710 0.921029 0.082839 0.065143
0 0.393546 0.648561 0.053785 0.049466
0 0.601456 0.451309 0.055994 0.044753
0 0.398262 0.518190 0.061011 0.048932
0 0.638147 0.773249 0.058472 0.051432
0 0.396018 0.564287 0.067713 0.046790
0 0.615888 0.506755 0.059805 0.044512
0 0.613229 0.546104 0.062031 0.045384
0 0.617899 0.630016 0.059332 0.045879
0 0.542528 0.535632 0.060760 0.044687
0 0.732355 0.432536 0.058589 0.040410
0 0.410697 0.410160 0.054284 0.038652
0 0.591814 0.271191 0.051172 0.040534
0 0.541367 0.375928 0.041649 0.039980
0 0.403140 0.481318 0.061645 0.044512
0 0.710516 0.331357 0.056450 0.036556
0 0.607815 0.583620 0.053338 0.050339
0 0.599798 0.412673 0.056315 0.044629
0 0.595992 0.379883 0.042244 0.036458
0 0.419540 0.374814 0.056658 0.045150
0 0.378733 0.856722 0.065200 0.058079
0 0.401092 0.442458 0.051011 0.044108
0 0.694162 0.261260 0.055486 0.038392
0 0.589596 0.296885 0.044227 0.033574
0 0.700156 0.287367 0.053481 0.030996
0 0.594492 0.320807 0.042344 0.036719
0 0.593407 0.353239 0.044800 0.035814
0 0.550712 0.502884 0.048082 0.036706
0 0.539347 0.406204 0.048277 0.032227
0 0.702572 0.309482 0.053216 0.032454
0 0.691372 0.236208 0.043134 0.028301