0 0.841029 0.902015 0.081059 0.058314
0 0.397613 0.628958 0.061467 0.046367
0 0.840434 0.841396 0.085503 0.057064
0 0.571973 0.839593 0.074067 0.055827
0 0.694067 0.970869 0.079774 0.051660
0 0.553110 0.676878 0.072921 0.051204
0 0.661623 0.901735 0.061970 0.055879
0 0.652151 0.839518 0.073051 0.053737
0 0.559364 0.723675 0.069727 0.053053
0 0.312715 0.618330 0.030812 0.070501
0 0.642969 0.729300 0.073212 0.055475
0 0.397604 0.675557 0.063941 0.050632
0 0.777520 0.595085 0.069414 0.045000
0 0.650634 0.782559 0.076944 0.055898
0 0.400473 0.537812 0.060391 0.050807
0 0.611560 0.471751 0.055369 0.045833
0 0.403227 0.845658 0.065933 0.055443
0 0.564707 0.782327 0.070230 0.053522
0 0.867964 0.967396 0.087266 0.058047
0 0.784759 0.634850 0.068121 0.048086
0 0.577606 0.900544 0.071194 0.058743
0 0.612658 0.513112 0.057496 0.044714
0 0.395623 0.728874 0.079440 0.057396
0 0.586155 0.968298 0.062465 0.054772
0 0.400662 0.584287 0.063954 0.049772
0 0.551356 0.546061 0.063103 0.044010
0 0.809260 0.728945 0.061376 0.051849
0 0.575992 0.211488 0.042513 0.031895
0 0.824164 0.784466 0.076697 0.059206
0 0.398114 0.972998 0.080004 0.048913
0 0.402951 0.378776 0.058012 0.046068
0 0.618869 0.552256 0.054492 0.042415
0 0.248880 0.634124 0.058203 0.146230
0 0.552615 0.583766 0.054284 0.044902
0 0.549781 0.623493 0.061020 0.052793
0 0.800755 0.679287 0.078689 0.055762
0 0.748407 0.514805 0.065425 0.048568
0 0.721764 0.390928 0.057990 0.039382
0 0.767316 0.556055 0.067036 0.042930
0 0.399672 0.467917 0.059223 0.044115
0 0.617485 0.442243 0.056098 0.042611
0 0.633381 0.674538 0.069106 0.059518
0 0.624694 0.589753 0.057678 0.045781
0 0.591840 0.278010 0.038445 0.033147
0 0.549872 0.469310 0.059622 0.040990
0 0.656285 0.356289 0.030382 0.065117
0 0.742363 0.481214 0.062209 0.039837
0 0.714757 0.360329 0.050443 0.038288
0 0.603854 0.384193 0.052448 0.037891
0 0.393787 0.913143 0.087834 0.062984
0 0.397977 0.501654 0.062318 0.042904
0 0.738837 0.447269 0.051580 0.040749
0 0.727919 0.418792 0.055048 0.040632
0 0.612463 0.411292 0.043789 0.036335
0 0.547678 0.504531 0.055929 0.043685
0 0.398835 0.433805 0.048459 0.038158
0 0.406816 0.785358 0.063702 0.059466
0 0.628704 0.631071 0.061428 0.045111
0 0.709579 0.332982 0.055920 0.036732
0 0.686402 0.240384 0.045477 0.028828
0 0.702639 0.306536 0.054679 0.035299
0 0.598429 0.328844 0.041771 0.039824
0 0.597669 0.354893 0.050373 0.032845
0 0.697181 0.285638 0.048945 0.030091
0 0.693637 0.262734 0.048715 0.035000