0 0.614976 0.630947 0.066454 0.048457
0 0.541886 0.571768 0.060091 0.043626
0 0.606391 0.547692 0.061801 0.041986
0 0.384086 0.699808 0.072313 0.051009
0 0.381638 0.649368 0.066324 0.048125
0 0.535753 0.531865 0.058364 0.042572
0 0.400278 0.589017 0.064410 0.044609
0 0.543913 0.618900 0.063390 0.044531
0 0.402355 0.546361 0.058077 0.042891
0 0.780414 0.594463 0.068798 0.044759
0 0.764360 0.523330 0.065065 0.039928
0 0.612211 0.587663 0.061515 0.044596
0 0.570783 0.834281 0.073103 0.055853
0 0.797704 0.679258 0.077396 0.050143
0 0.382320 0.875010 0.085464 0.061764
0 0.604707 0.508994 0.054076 0.043900
0 0.214878 0.716061 0.057795 0.144922
0 0.759707 0.481530 0.062166 0.048555
0 0.560286 0.724375 0.072995 0.050872
0 0.810384 0.729333 0.072010 0.050371
0 0.858895 0.970000 0.075204 0.055156
0 0.786617 0.635579 0.055516 0.042031
0 0.549258 0.665866 0.068898 0.050195
0 0.652164 0.843779 0.067166 0.056686
0 0.381020 0.757796 0.056901 0.047480
0 0.607752 0.474889 0.056910 0.042148
0 0.639703 0.732240 0.061011 0.049453
0 0.696649 0.261439 0.049818 0.040430
0 0.664874 0.917314 0.078950 0.061634
0 0.577652 0.901419 0.070842 0.059557
0 0.566621 0.776602 0.064431 0.052448
0 0.844431 0.901449 0.072648 0.054355
0 0.823318 0.779085 0.076480 0.052259
0 0.387185 0.809108 0.058442 0.050938
0 0.603043 0.442109 0.054835 0.039622
0 0.580221 0.971963 0.086293 0.053340
0 0.836092 0.833154 0.079301 0.056543
0 0.642912 0.785352 0.072717 0.054518
0 0.743717 0.436113 0.057279 0.040469
0 0.778238 0.558327 0.057396 0.044427
0 0.626688 0.684131 0.063307 0.049186
0 0.733446 0.406781 0.059566 0.037715
0 0.710417 0.315221 0.050885 0.033932
0 0.716994 0.345081 0.055213 0.035449
0 0.599043 0.408815 0.050334 0.038529
0 0.722198 0.374932 0.051063 0.034147
0 0.595421 0.379173 0.053785 0.038698
0 0.666144 0.980697 0.063928 0.036458