0 0.569579 0.901966 0.085703 0.062266
0 0.399421 0.631833 0.069431 0.055124
0 0.642782 0.780482 0.075243 0.055560
0 0.566406 0.837542 0.072882 0.056087
0 0.841641 0.894160 0.083628 0.060391
0 0.667535 0.967207 0.084653 0.057917
0 0.385523 0.793122 0.085621 0.066712
0 0.401287 0.586016 0.068728 0.050078
0 0.551964 0.631302 0.059440 0.047591
0 0.615341 0.547054 0.059553 0.046908
0 0.642656 0.728092 0.063385 0.051029
0 0.758424 0.553929 0.065469 0.044212
0 0.803372 0.678467 0.080443 0.052441
0 0.397049 0.679984 0.053620 0.049902
0 0.579898 0.969225 0.086549 0.055872
0 0.619653 0.586908 0.056988 0.045872
0 0.627040 0.631702 0.060373 0.047363
0 0.715022 0.360020 0.058160 0.039271
0 0.553134 0.587806 0.057422 0.045156
0 0.639453 0.680446 0.052491 0.045514
0 0.562283 0.723779 0.072656 0.048691
0 0.613711 0.509453 0.057812 0.044154
0 0.557587 0.676722 0.067899 0.048340
0 0.852730 0.965729 0.084245 0.061888
0 0.405836 0.544596 0.068937 0.046393
0 0.604783 0.445993 0.061302 0.044368
0 0.757303 0.512816 0.062374 0.048665
0 0.811406 0.726296 0.072882 0.051354
0 0.561905 0.775400 0.074531 0.054186
0 0.778012 0.588831 0.053038 0.045762
0 0.745766 0.480550 0.061645 0.040254
0 0.579312 0.235947 0.050543 0.041361
0 0.655634 0.833480 0.070582 0.056074
0 0.825373 0.776143 0.071293 0.054694
0 0.404835 0.505368 0.049392 0.042389
0 0.391929 0.727572 0.057322 0.045182
0 0.543672 0.544925 0.055243 0.041009
0 0.592255 0.384053 0.053676 0.037988
0 0.834954 0.830225 0.077218 0.057793
0 0.659117 0.897090 0.066784 0.058633
0 0.696651 0.281299 0.054822 0.037415
0 0.598511 0.411331 0.056328 0.039941
0 0.739952 0.447311 0.061832 0.040404
0 0.588796 0.328926 0.050699 0.036276
0 0.703520 0.308955 0.049540 0.039238
0 0.588322 0.300736 0.041437 0.037799
0 0.379499 0.857946 0.065135 0.062402
0 0.690592 0.238353 0.039978 0.035143
0 0.401664 0.473519 0.058216 0.038770
0 0.385519 0.932301 0.089449 0.068809
0 0.591107 0.354779 0.051016 0.036289