0 0.654149 0.781885 0.074974 0.054655
0 0.543895 0.442129 0.056246 0.042044
0 0.558422 0.724294 0.069883 0.053600
0 0.394362 0.630225 0.070043 0.048626
0 0.393309 0.673353 0.067478 0.053047
0 0.855773 0.961123 0.083542 0.060267
0 0.389030 0.728382 0.069753 0.056999
0 0.563594 0.779323 0.074141 0.054492
0 0.387656 0.842920 0.073177 0.057337
0 0.398982 0.586139 0.067938 0.050924
0 0.781536 0.634352 0.061632 0.049134
0 0.750582 0.514482 0.067153 0.045150
0 0.644154 0.724840 0.062448 0.049486
0 0.616825 0.551377 0.054596 0.043014
0 0.580289 0.971025 0.088685 0.053301
0 0.805751 0.729297 0.069167 0.045977
0 0.401747 0.542682 0.069371 0.051888
0 0.744178 0.477653 0.060343 0.042507
0 0.759314 0.552116 0.066814 0.043789
0 0.570265 0.832780 0.079297 0.056107
0 0.818713 0.776553 0.062053 0.053535
0 0.845990 0.897194 0.074774 0.055195
0 0.738455 0.447445 0.052309 0.037585
0 0.611070 0.283512 0.045942 0.039915
0 0.664301 0.838086 0.073819 0.055430
0 0.767292 0.588877 0.067995 0.046777
0 0.571124 0.899209 0.085564 0.063210
0 0.600102 0.379801 0.059336 0.042845
0 0.611610 0.510947 0.063438 0.046816
0 0.623320 0.590957 0.049227 0.040625
0 0.823016 0.835114 0.067995 0.049798
0 0.791628 0.681748 0.064792 0.047350
0 0.390812 0.783861 0.076918 0.057344
0 0.542836 0.508158 0.050690 0.038763
0 0.716361 0.359759 0.058520 0.036198
0 0.726975 0.416211 0.058220 0.042318
0 0.631228 0.632601 0.065694 0.047559
0 0.556039 0.671309 0.052661 0.049245
0 0.603349 0.442428 0.053997 0.041784
0 0.418427 0.377949 0.061359 0.047383
0 0.550790 0.588099 0.064002 0.044375
0 0.599117 0.413893 0.055820 0.038659
0 0.665564 0.897686 0.065339 0.053978
0 0.606348 0.475280 0.055829 0.038711
0 0.406172 0.505023 0.047717 0.042259
0 0.551159 0.545387 0.063247 0.048548
0 0.402201 0.473285 0.066424 0.042819
0 0.380056 0.911742 0.086580 0.064460
0 0.721402 0.388044 0.054531 0.037467
0 0.640718 0.676449 0.054865 0.047272
0 0.701083 0.308372 0.048329 0.033008
0 0.548828 0.629206 0.062700 0.047161
0 0.711975 0.333691 0.054644 0.032305
0 0.671148 0.967077 0.085499 0.060677
0 0.695122 0.283324 0.045252 0.035046
0 0.588704 0.308620 0.048034 0.034870
0 0.689097 0.240420 0.042483 0.038353
0 0.591973 0.349238 0.045751 0.035482