0 0.381171 0.665966 0.072510 0.050912
0 0.835690 0.826361 0.071033 0.054143
0 0.795220 0.671537 0.076318 0.055618
0 0.843391 0.885925 0.072804 0.054358
0 0.387312 0.832266 0.061241 0.050979
0 0.651163 0.821053 0.071456 0.051861
0 0.554069 0.714649 0.070595 0.048516
0 0.658130 0.889280 0.065385 0.051945
0 0.628554 0.669915 0.060621 0.045960
0 0.568768 0.821503 0.072508 0.053709
0 0.383240 0.719409 0.061047 0.049741
0 0.389826 0.767153 0.069321 0.054468
0 0.618398 0.586354 0.064235 0.047598
0 0.566248 0.760498 0.071025 0.055848
0 0.661317 0.961048 0.063543 0.053521
0 0.617310 0.627398 0.056792 0.041736
0 0.580683 0.960367 0.083108 0.057743
0 0.854317 0.960737 0.080963 0.060096
0 0.646067 0.769807 0.056757 0.051332
0 0.612680 0.536308 0.061765 0.050080
0 0.574703 0.889373 0.070947 0.062600