0 0.417635 0.366718 0.055201 0.037984
0 0.682143 0.240354 0.045652 0.035526
0 0.765959 0.581765 0.067947 0.043044
0 0.390848 0.446484 0.043673 0.037698
0 0.734382 0.432777 0.047923 0.039978
0 0.403412 0.416294 0.060334 0.041069
0 0.390626 0.504045 0.065462 0.051944
0 0.410905 0.808887 0.077424 0.052236
0 0.757011 0.540425 0.058323 0.040602
0 0.537055 0.429964 0.053697 0.037662
0 0.403441 0.749590 0.064570 0.053893
0 0.780755 0.623200 0.061754 0.046007
0 0.399141 0.693696 0.069045 0.051875
0 0.537783 0.493117 0.050930 0.042587
0 0.602664 0.257704 0.051751 0.041384
0 0.755583 0.505352 0.064122 0.039952
0 0.878411 0.949521 0.090468 0.056392
0 0.653081 0.826188 0.064257 0.048766
0 0.706124 0.289265 0.053498 0.033349
0 0.715444 0.375497 0.053618 0.043677
0 0.793113 0.668001 0.057598 0.042467
0 0.599821 0.425506 0.044082 0.038812
0 0.392967 0.555709 0.064596 0.042382
0 0.391076 0.593274 0.052584 0.041316
0 0.391910 0.637094 0.065939 0.053836
0 0.412777 0.870593 0.062600 0.057592
0 0.400674 0.938827 0.080128 0.061348
0 0.561348 0.653996 0.069278 0.047576
0 0.571782 0.766051 0.068443 0.051332
0 0.575120 0.823643 0.066774 0.053836
0 0.577207 0.884365 0.074286 0.055088
0 0.587640 0.958859 0.080128 0.063852
0 0.538395 0.396710 0.055088 0.041316
0 0.658587 0.889373 0.070112 0.060096
0 0.667768 0.953225 0.060096 0.055088
0 0.646067 0.766051 0.060096 0.056340
0 0.639807 0.712215 0.064269 0.048828
0 0.632712 0.662760 0.058427 0.047576
0 0.621027 0.617062 0.058427 0.046324
0 0.611846 0.575746 0.058427 0.041316
0 0.605168 0.533178 0.056757 0.043820
0 0.603916 0.493114 0.054253 0.041316
0 0.603499 0.462440 0.050080 0.040064
0 0.595987 0.401092 0.050080 0.035056
0 0.589310 0.366662 0.056757 0.038812
0 0.603916 0.339744 0.052584 0.040064
0 0.601412 0.312826 0.052584 0.036308
0 0.601830 0.287159 0.040064 0.032552
0 0.850978 0.884365 0.064269 0.055088
0 0.836372 0.822391 0.068443 0.051332
0 0.709085 0.315956 0.050915 0.032552
0 0.715762 0.344752 0.055923 0.035056
0 0.752487 0.471204 0.047576 0.042568
0 0.816757 0.722231 0.077624 0.048828
0 0.823434 0.769181 0.077624 0.050080