0 0.391632 0.913857 0.086189 0.057259
0 0.212533 0.767725 0.046897 0.106439
0 0.392717 0.847412 0.080911 0.054108
0 0.391682 0.781794 0.073433 0.053327
0 0.403991 0.384219 0.059084 0.044531
0 0.766057 0.542262 0.059978 0.041921
0 0.387407 0.667786 0.071350 0.048125
0 0.876517 0.970785 0.085716 0.053001
0 0.383607 0.723883 0.069670 0.049030
0 0.801239 0.677197 0.076801 0.048939
0 0.825859 0.781292 0.077083 0.049264
0 0.812396 0.723721 0.070694 0.046309
0 0.256771 0.584740 0.034306 0.068099
0 0.838414 0.836937 0.077522 0.049186
0 0.276589 0.752380 0.037595 0.095684
0 0.850469 0.898636 0.071970 0.054030
0 0.778190 0.583643 0.070851 0.044993
0 0.602348 0.430000 0.056102 0.040807
0 0.587951 0.904499 0.074566 0.057318
0 0.752569 0.500273 0.059774 0.041615
0 0.594184 0.972158 0.076771 0.053118
0 0.391641 0.617402 0.064818 0.048307
0 0.557678 0.670846 0.069835 0.050990
0 0.787144 0.632458 0.068472 0.045866
0 0.583696 0.841110 0.073971 0.057116
0 0.624119 0.624681 0.063108 0.047070
0 0.401868 0.455765 0.044961 0.038027
0 0.573553 0.722337 0.071706 0.053503
0 0.650534 0.784544 0.069722 0.054180
0 0.572858 0.780003 0.068051 0.051790
0 0.547719 0.576175 0.061098 0.043913
0 0.545671 0.533262 0.054431 0.042565
0 0.392368 0.570983 0.061810 0.046159
0 0.740792 0.456071 0.066576 0.046751
0 0.587326 0.368877 0.051953 0.037637
0 0.634497 0.671670 0.068524 0.050085
0 0.394922 0.530173 0.067266 0.048991
0 0.553357 0.621647 0.058789 0.048854
0 0.621072 0.580137 0.066727 0.046849
0 0.659859 0.841891 0.063329 0.052168
0 0.610408 0.500010 0.055503 0.043522
0 0.395616 0.491823 0.062865 0.044570
0 0.708088 0.358815 0.048095 0.035625
0 0.643809 0.721660 0.059093 0.049479
0 0.536723 0.449531 0.054991 0.042630
0 0.543757 0.486644 0.062287 0.048587
0 0.660762 0.904111 0.057626 0.051569
0 0.691641 0.274714 0.043290 0.035391
0 0.593587 0.399915 0.056801 0.038086
0 0.672237 0.968809 0.062261 0.055937
0 0.599240 0.340573 0.053021 0.037617
0 0.701176 0.304137 0.043160 0.035215
0 0.616897 0.539762 0.059392 0.043457
0 0.707437 0.332256 0.049935 0.034772
0 0.727643 0.423040 0.050564 0.035521
0 0.535953 0.414993 0.045777 0.039544
0 0.526955 0.385697 0.044006 0.034818
0 0.600106 0.313835 0.051905 0.037760
0 0.598435 0.284912 0.051671 0.039707
0 0.589147 0.261559 0.041220 0.029837