0 0.781812 0.626441 0.068769 0.045328
0 0.753102 0.494858 0.062705 0.046636
0 0.761469 0.534402 0.068625 0.044707
0 0.855355 0.896933 0.063835 0.049245
0 0.772961 0.582278 0.070335 0.045922
0 0.395191 0.613412 0.064467 0.048029
0 0.879537 0.957134 0.090755 0.057842
0 0.747001 0.461978 0.066427 0.039004
0 0.399085 0.570413 0.053396 0.044663
0 0.411264 0.413841 0.059680 0.041318
0 0.404248 0.666222 0.068879 0.052780
0 0.684036 0.262900 0.045923 0.029106
0 0.829063 0.786582 0.066544 0.049452
0 0.583681 0.884426 0.078778 0.058554
0 0.400716 0.522964 0.064554 0.052026
0 0.791849 0.673646 0.063861 0.050191
0 0.643319 0.647688 0.068931 0.044976
0 0.684852 0.221381 0.042432 0.033171
0 0.705354 0.337612 0.051369 0.038289
0 0.405404 0.373854 0.057810 0.042266
0 0.403834 0.766143 0.055633 0.049399
0 0.846221 0.841573 0.065012 0.050122
0 0.623306 0.559656 0.058723 0.046597
0 0.402399 0.716529 0.053899 0.048602
0 0.803726 0.719815 0.054901 0.043642
0 0.397985 0.830808 0.079959 0.057461
0 0.644594 0.694915 0.061302 0.045611
0 0.632666 0.601965 0.059891 0.045914
0 0.619888 0.519289 0.063823 0.044138
0 0.574092 0.693309 0.066334 0.046550
0 0.599808 0.386121 0.050827 0.037011
0 0.407964 0.959059 0.075115 0.058770
0 0.560670 0.594782 0.060891 0.048952
0 0.402786 0.487480 0.064219 0.045072
0 0.592202 0.964609 0.084605 0.057418
0 0.673701 0.961929 0.064902 0.051633
0 0.544298 0.408246 0.052818 0.035572
0 0.408186 0.896885 0.081798 0.057592
0 0.584719 0.804863 0.067608 0.051332
0 0.664012 0.896259 0.059261 0.051332
0 0.662760 0.810497 0.075120 0.060096
0 0.656083 0.756035 0.060096 0.048828
0 0.578042 0.752279 0.072616 0.051332
0 0.566774 0.642728 0.058427 0.047576
0 0.557175 0.553210 0.059261 0.043820
0 0.557592 0.514398 0.053419 0.041316
0 0.552167 0.474334 0.060931 0.041316
0 0.548828 0.444912 0.055923 0.035056
0 0.616019 0.482472 0.056757 0.040064
0 0.612680 0.451798 0.053419 0.036308
0 0.602247 0.416742 0.050915 0.033804
0 0.599326 0.359776 0.040064 0.035056
0 0.606420 0.339118 0.040899 0.036308
0 0.606420 0.313452 0.037560 0.030048
0 0.600160 0.291541 0.050080 0.038812
0 0.600995 0.269631 0.048411 0.030048
0 0.596404 0.243965 0.035891 0.033804
0 0.592648 0.221429 0.045072 0.038812
0 0.590562 0.202649 0.045907 0.026292
0 0.684879 0.243339 0.050915 0.030048
0 0.719935 0.367914 0.057592 0.038812
0 0.698234 0.284655 0.045907 0.027544
0 0.697817 0.310322 0.045072 0.033804
0 0.731203 0.394206 0.045072 0.033804
0 0.729951 0.423002 0.055923 0.038812