0 0.649622 0.776374 0.074670 0.055391
0 0.577895 0.831416 0.071389 0.055176
0 0.780974 0.586598 0.072105 0.048132
0 0.371957 0.769622 0.076753 0.060339
0 0.733168 0.432998 0.062066 0.044434
0 0.642120 0.670690 0.072374 0.052904
0 0.765375 0.545130 0.064423 0.044219
0 0.648813 0.723021 0.064510 0.050938
0 0.754861 0.505837 0.059106 0.044147
0 0.789946 0.633102 0.072409 0.050540
0 0.382214 0.711533 0.077830 0.051335
0 0.633555 0.573939 0.061363 0.045052
0 0.364056 0.829365 0.076168 0.060814
0 0.570569 0.772158 0.074714 0.053926
0 0.657211 0.834378 0.063355 0.052207
0 0.402645 0.385150 0.057435 0.043711
0 0.578032 0.971908 0.087478 0.050820
0 0.236319 0.698167 0.061623 0.048392
0 0.743227 0.470348 0.048885 0.044329
0 0.585165 0.284076 0.047604 0.035091
0 0.567858 0.667285 0.069622 0.049583
0 0.588800 0.894212 0.090395 0.066380
0 0.794232 0.678799 0.068741 0.049121
0 0.835219 0.830684 0.071628 0.051706
0 0.573355 0.717930 0.066988 0.053568
0 0.385610 0.540827 0.068268 0.045299
0 0.568372 0.620459 0.059193 0.044603
0 0.355028 0.974681 0.083919 0.046341
0 0.560744 0.570257 0.055273 0.042676
0 0.850245 0.900436 0.071003 0.054544
0 0.663739 0.893740 0.060690 0.051348
0 0.809319 0.725817 0.064592 0.053730
0 0.365141 0.910361 0.075924 0.058340
0 0.874462 0.966221 0.091224 0.060215
0 0.635334 0.617702 0.068438 0.049661
0 0.812023 0.775495 0.061684 0.048516
0 0.720829 0.401953 0.051970 0.036992
0 0.715347 0.367699 0.054306 0.041309
0 0.378459 0.576712 0.051293 0.045495
0 0.552773 0.499824 0.057439 0.045039
0 0.671766 0.968496 0.085009 0.059740
0 0.548090 0.464137 0.051832 0.038835
0 0.548798 0.426592 0.043767 0.041270
0 0.700940 0.317900 0.052444 0.032910
0 0.703646 0.343818 0.051467 0.034017
0 0.608403 0.458314 0.056979 0.042578
0 0.616213 0.491950 0.055543 0.047350
0 0.598930 0.364421 0.052114 0.041419
0 0.688490 0.263913 0.050955 0.035625
0 0.691115 0.291468 0.043993 0.035514
0 0.606055 0.425794 0.051875 0.037539
0 0.604245 0.395996 0.045859 0.038281
0 0.681771 0.241423 0.049531 0.031673