0 0.653581 0.882682 0.060480 0.051520
0 0.556256 0.768584 0.077431 0.056882
0 0.835029 0.879423 0.064499 0.051115
0 0.388341 0.714831 0.076952 0.063778
0 0.561774 0.819021 0.071974 0.054579
0 0.393806 0.772210 0.064638 0.054938
0 0.573126 0.876323 0.070617 0.070019
0 0.797921 0.662086 0.076026 0.049911
0 0.402113 0.578445 0.065964 0.055239
0 0.611496 0.496505 0.059427 0.046514
0 0.795078 0.764085 0.062760 0.045202
0 0.572461 0.197358 0.034368 0.034883
0 0.850795 0.948689 0.081301 0.061213
0 0.577298 0.956302 0.085617 0.065188
0 0.663242 0.958063 0.064349 0.052176
0 0.561657 0.150875 0.040541 0.032230
0 0.687017 0.246276 0.041518 0.032271