0 0.654219 0.781898 0.075035 0.054798
0 0.389099 0.727952 0.069067 0.055658
0 0.558503 0.724710 0.069280 0.052454
0 0.394449 0.629587 0.069922 0.047728
0 0.393370 0.673379 0.066888 0.053815
0 0.387613 0.841836 0.072578 0.055781
0 0.855814 0.960576 0.083702 0.060710
0 0.563711 0.779255 0.074071 0.054121
0 0.398828 0.585615 0.067569 0.050645
0 0.781777 0.633548 0.061541 0.048451
0 0.581139 0.970430 0.087357 0.054062
0 0.750590 0.513496 0.066753 0.045130
0 0.805677 0.729069 0.069089 0.046667
0 0.644147 0.724684 0.062261 0.049134
0 0.543889 0.441439 0.056493 0.042643
0 0.390163 0.783330 0.078520 0.057025
0 0.744423 0.476794 0.059922 0.041868
0 0.617075 0.551006 0.054878 0.042702
0 0.759225 0.551318 0.066758 0.043887
0 0.818843 0.776217 0.062157 0.053503
0 0.611756 0.510283 0.063676 0.045801
0 0.570391 0.832181 0.079418 0.055299
0 0.401651 0.542559 0.070109 0.050273
0 0.846141 0.896637 0.074514 0.055436
0 0.571306 0.897093 0.085391 0.059368
0 0.738670 0.446641 0.051940 0.036979
0 0.767776 0.587480 0.069102 0.046654
0 0.823490 0.834004 0.068611 0.050169
0 0.623079 0.590205 0.049006 0.040449
0 0.791858 0.680938 0.065313 0.047917
0 0.599931 0.379502 0.059844 0.043678
0 0.543075 0.507884 0.050760 0.038451
0 0.716402 0.359362 0.058394 0.035664
0 0.655011 0.838210 0.068763 0.058750
0 0.418021 0.377653 0.060773 0.046947
0 0.603494 0.441543 0.053924 0.041680
0 0.551751 0.589515 0.064466 0.047428
0 0.606309 0.473994 0.055742 0.039004
0 0.599115 0.413226 0.056042 0.038730
0 0.631621 0.631715 0.065586 0.047663
0 0.700888 0.307520 0.048338 0.032630
0 0.533798 0.378125 0.052552 0.039414
0 0.551560 0.544727 0.062444 0.049258
0 0.727214 0.415801 0.057812 0.042292
0 0.665145 0.897568 0.064674 0.053796
0 0.640827 0.675986 0.055187 0.048835
0 0.406385 0.505583 0.047995 0.041999
0 0.712122 0.333249 0.054349 0.031966
0 0.721467 0.387246 0.054497 0.037318
0 0.535026 0.410544 0.054601 0.037064
0 0.695020 0.282692 0.044648 0.034824
0 0.673229 0.966982 0.091554 0.061283
0 0.587059 0.276064 0.050482 0.038392
0 0.592485 0.349440 0.046115 0.035768
0 0.588965 0.305970 0.048416 0.040651
0 0.690115 0.239590 0.040352 0.036510