0 0.639025 0.635812 0.065841 0.049578
0 0.392568 0.624474 0.066127 0.048821
0 0.388594 0.725340 0.075039 0.060531
0 0.727642 0.777512 0.042440 0.095117
0 0.827436 0.783800 0.082449 0.052367
0 0.403288 0.540644 0.066305 0.047978
0 0.393929 0.677816 0.069605 0.048029
0 0.566687 0.733927 0.076596 0.052686
0 0.731586 0.428815 0.055142 0.043619
0 0.398018 0.582067 0.050197 0.044427
0 0.395303 0.780199 0.058816 0.053681
0 0.629573 0.595381 0.068617 0.047376
0 0.785477 0.630811 0.066444 0.047111
0 0.805243 0.730379 0.075573 0.059647
0 0.631192 0.682437 0.067001 0.047327
0 0.727288 0.396113 0.057495 0.039151
0 0.779130 0.593153 0.068742 0.045058
0 0.640426 0.726303 0.061271 0.047756
0 0.557354 0.587882 0.058102 0.047705
0 0.648268 0.777778 0.059086 0.052692
0 0.401933 0.468587 0.064256 0.047802
0 0.559400 0.680076 0.067997 0.049583
0 0.581780 0.841128 0.072477 0.054293
0 0.762169 0.547140 0.061421 0.044736
0 0.742364 0.473889 0.058679 0.040974
0 0.578893 0.782658 0.050819 0.056584
0 0.542678 0.439800 0.049632 0.036154
0 0.715134 0.339716 0.041028 0.034799
0 0.555356 0.548809 0.050414 0.041424
0 0.544963 0.408615 0.055704 0.036119
0 0.750476 0.510240 0.061755 0.045012
0 0.596131 0.293349 0.047491 0.037186
0 0.658051 0.843864 0.065926 0.057623
0 0.395189 0.370527 0.053898 0.041188
0 0.563137 0.513983 0.060488 0.039375
0 0.598470 0.265734 0.044255 0.038968
0 0.596882 0.332822 0.051484 0.042683
0 0.608864 0.405156 0.057449 0.040336
0 0.825643 0.839831 0.064179 0.049180
0 0.548472 0.373901 0.042136 0.036941
0 0.611911 0.473531 0.049943 0.041004
0 0.852734 0.909189 0.071892 0.049710
0 0.705617 0.316628 0.050735 0.032384
0 0.703709 0.286678 0.038294 0.034094
0 0.405485 0.431466 0.055483 0.036908
0 0.603703 0.369120 0.043499 0.038617
0 0.665438 0.906470 0.063598 0.053872
0 0.548927 0.475225 0.057001 0.034486
0 0.595040 0.239907 0.036949 0.035703
0 0.399005 0.846805 0.083467 0.057592
0 0.580546 0.905649 0.064269 0.060096
0 0.588058 0.969501 0.072616 0.057592
0 0.668603 0.977013 0.061765 0.042568
0 0.603499 0.440530 0.045072 0.033804
0 0.874349 0.976387 0.072616 0.041316
0 0.695312 0.270257 0.048411 0.028796
0 0.689052 0.246469 0.040899 0.028796