0 0.569438 0.903011 0.085569 0.060384
0 0.399926 0.632627 0.070052 0.054525
0 0.541717 0.447402 0.058043 0.041263
0 0.566801 0.839212 0.073733 0.053815
0 0.552235 0.633001 0.058776 0.047174
0 0.667598 0.968057 0.084067 0.056751
0 0.553312 0.589053 0.057439 0.044447
0 0.644761 0.782861 0.078281 0.056074
0 0.401157 0.586732 0.067843 0.049531
0 0.841901 0.895990 0.083446 0.059453
0 0.579961 0.970358 0.086797 0.052812
0 0.386265 0.795111 0.086497 0.069336
0 0.758207 0.555280 0.064774 0.042461
0 0.791651 0.633831 0.063234 0.049941
0 0.615601 0.548239 0.058798 0.047376
0 0.397528 0.681149 0.053928 0.049811
0 0.620128 0.588317 0.056740 0.045449
0 0.613945 0.510182 0.057326 0.043438
0 0.627606 0.633102 0.060369 0.047337
0 0.853262 0.966693 0.084918 0.060117
0 0.643490 0.730843 0.064609 0.052077
0 0.778464 0.590990 0.053785 0.044935
0 0.803503 0.680046 0.081293 0.051953
0 0.727233 0.385495 0.053381 0.038711
0 0.757724 0.516182 0.062496 0.047025
0 0.562765 0.725339 0.073663 0.048281
0 0.640167 0.682165 0.052548 0.045137
0 0.406267 0.545524 0.068307 0.046178
0 0.562029 0.775856 0.075681 0.051829
0 0.811465 0.728577 0.072582 0.051452
0 0.746827 0.482041 0.063047 0.040319
0 0.579575 0.235674 0.048958 0.038561
0 0.832717 0.835039 0.071562 0.054935
0 0.558312 0.678844 0.069280 0.048301
0 0.824549 0.778411 0.068655 0.050911
0 0.404753 0.506097 0.048507 0.041725
0 0.728997 0.418405 0.055868 0.037682
0 0.545098 0.547419 0.054779 0.044069
0 0.716081 0.360215 0.059201 0.036354
0 0.740729 0.449740 0.063620 0.039518
0 0.605473 0.445706 0.060590 0.040462
0 0.392763 0.731104 0.059805 0.051413
0 0.655955 0.836546 0.071467 0.058926
0 0.659097 0.898395 0.065929 0.056725
0 0.236304 0.681598 0.059214 0.154382
0 0.697734 0.282451 0.055773 0.036296
0 0.704227 0.310609 0.053168 0.041921
0 0.592604 0.385436 0.053290 0.037044
0 0.599607 0.411917 0.056367 0.040033
0 0.612797 0.478249 0.060152 0.039609
0 0.402535 0.473988 0.058811 0.039082
0 0.378171 0.932568 0.088077 0.070306
0 0.379503 0.860345 0.065855 0.064857
0 0.691313 0.241152 0.040864 0.035599
0 0.590358 0.330215 0.049970 0.036654
0 0.592582 0.356126 0.050764 0.036484
0 0.682463 0.215081 0.044527 0.039447