0 0.380128 0.961058 0.083971 0.063340
0 0.663021 0.832181 0.076571 0.055417
0 0.389264 0.754932 0.081680 0.054863
0 0.649761 0.759001 0.070582 0.050137
0 0.627103 0.612301 0.055447 0.043314
0 0.642437 0.707041 0.071593 0.049238
0 0.579592 0.821006 0.070590 0.053301
0 0.379612 0.881859 0.090317 0.064095
0 0.388613 0.519548 0.064180 0.045866
0 0.836285 0.830570 0.071710 0.052233
0 0.392146 0.808229 0.062591 0.056706
0 0.388448 0.651423 0.065560 0.050697
0 0.570744 0.751504 0.073650 0.053594
0 0.557055 0.635807 0.059796 0.047656
0 0.560729 0.696563 0.072049 0.048568
0 0.388800 0.563027 0.049996 0.043385
0 0.384974 0.697015 0.053351 0.048665
0 0.543513 0.513070 0.053589 0.042181
0 0.856730 0.898786 0.072096 0.050671
0 0.548485 0.551797 0.063681 0.042695
0 0.634824 0.658281 0.064970 0.046380
0 0.779822 0.619593 0.073359 0.046413
0 0.553411 0.592028 0.049705 0.043092
0 0.589349 0.882861 0.077613 0.058939
0 0.832901 0.767467 0.083772 0.052930
0 0.742849 0.439684 0.056402 0.038678
0 0.817834 0.713372 0.067656 0.045703
0 0.389690 0.608320 0.067131 0.044727
0 0.724108 0.374046 0.056688 0.036608
0 0.592365 0.960335 0.084722 0.060202
0 0.617383 0.567806 0.060321 0.046185
0 0.792504 0.665062 0.062969 0.047480
0 0.613757 0.531217 0.058676 0.040534
0 0.535258 0.478643 0.052730 0.038027
0 0.389724 0.480026 0.066385 0.045039
0 0.542450 0.444515 0.054944 0.041699
0 0.670007 0.892643 0.062643 0.055065
0 0.606432 0.456432 0.054514 0.039831
0 0.609479 0.489818 0.051467 0.044453
0 0.537365 0.377500 0.039774 0.036914
0 0.398546 0.416559 0.060608 0.040020
0 0.752697 0.476266 0.058129 0.039850
0 0.733114 0.405384 0.045916 0.036992
0 0.768958 0.580768 0.068759 0.044818
0 0.604685 0.333636 0.052904 0.040788
0 0.869132 0.962324 0.066128 0.052383
0 0.593446 0.362965 0.047847 0.036673
0 0.668787 0.965000 0.061020 0.052734
0 0.760636 0.546637 0.064857 0.044850
0 0.604325 0.425068 0.055299 0.039277
0 0.757276 0.510882 0.060230 0.041400
0 0.394178 0.448389 0.046029 0.037285
0 0.542216 0.412539 0.044449 0.036992
0 0.597337 0.394619 0.056359 0.039030
0 0.712880 0.342490 0.042956 0.035788
0 0.680627 0.219398 0.038945 0.030684
0 0.698353 0.288464 0.052148 0.035807
0 0.602435 0.303066 0.049062 0.041940
0 0.593368 0.218301 0.041632 0.029375
0 0.703641 0.315921 0.044444 0.036100
0 0.601873 0.263398 0.037018 0.035326
0 0.687498 0.266266 0.050777 0.029525
0 0.683138 0.244215 0.047587 0.028092
0 0.594507 0.239906 0.045907 0.031061