0 0.808073 0.734489 0.065156 0.050423
0 0.657470 0.832272 0.074253 0.052448
0 0.844957 0.837578 0.078819 0.051237
0 0.852268 0.894678 0.071593 0.051074
0 0.667533 0.890352 0.060690 0.051094
0 0.659418 0.773529 0.074670 0.054323
0 0.781434 0.636572 0.073242 0.046439
0 0.574382 0.772181 0.075161 0.054076
0 0.389301 0.755775 0.076007 0.052747
0 0.654568 0.718812 0.059180 0.046309
0 0.584180 0.884235 0.070087 0.056074
0 0.636890 0.630465 0.062010 0.042754
0 0.797229 0.684102 0.057244 0.047956
0 0.856055 0.962568 0.083437 0.059603
0 0.576263 0.824606 0.070911 0.052702
0 0.380414 0.821322 0.078711 0.058607
0 0.567806 0.669515 0.059978 0.045423
0 0.774698 0.589759 0.070326 0.051328
0 0.387578 0.882969 0.063924 0.056081
0 0.603147 0.318532 0.038151 0.036582
0 0.597862 0.956735 0.092478 0.068457
0 0.764529 0.548057 0.065560 0.042533
0 0.677053 0.973867 0.061806 0.048099