0 0.210182 0.825531 0.092986 0.063952
0 0.309301 0.608503 0.072439 0.048542
0 0.194275 0.897044 0.093663 0.058359
0 0.762216 0.536937 0.063260 0.044941
0 0.641916 0.674779 0.072687 0.049570
0 0.381925 0.768418 0.077878 0.061471
0 0.776424 0.577565 0.068724 0.044219
0 0.754544 0.499733 0.059766 0.042174
0 0.803583 0.673776 0.077452 0.050169
0 0.659898 0.824749 0.079076 0.060592
0 0.861089 0.970547 0.075009 0.053073
0 0.543889 0.538333 0.064878 0.048997
0 0.224583 0.720589 0.069462 0.050527
0 0.213346 0.767998 0.064826 0.052129
0 0.666029 0.890264 0.065946 0.051882
0 0.558539 0.724336 0.069145 0.051992
0 0.630744 0.615003 0.065109 0.049824
0 0.581981 0.968721 0.087817 0.057637
0 0.391133 0.966016 0.074575 0.060456
0 0.677726 0.960407 0.080781 0.057767
0 0.388947 0.899688 0.077999 0.065273
0 0.732526 0.433265 0.058264 0.044525
0 0.575508 0.770990 0.074332 0.056693
0 0.381074 0.712360 0.077444 0.062376
0 0.399026 0.414300 0.054102 0.039316
0 0.640135 0.722132 0.075608 0.057585
0 0.846905 0.902686 0.073325 0.053574
0 0.651988 0.775918 0.058438 0.048945
0 0.379121 0.574307 0.073685 0.059225
0 0.602435 0.399551 0.055408 0.042461
0 0.812743 0.730374 0.061927 0.052689
0 0.541248 0.499313 0.058806 0.044954
0 0.381664 0.533281 0.069822 0.045573
0 0.380773 0.623975 0.064696 0.053861
0 0.558574 0.677738 0.071532 0.053717
0 0.578034 0.896139 0.070998 0.056432
0 0.607192 0.494798 0.056528 0.044193
0 0.551031 0.622412 0.067426 0.056699
0 0.602420 0.432272 0.055621 0.042174
0 0.722535 0.398503 0.055668 0.042044
0 0.784562 0.617350 0.058585 0.049310
0 0.620137 0.569609 0.055681 0.049870
0 0.393422 0.450358 0.049831 0.042982
0 0.830241 0.834134 0.064883 0.050547
0 0.387977 0.487445 0.049227 0.045423
0 0.537493 0.464710 0.049188 0.039954
0 0.825777 0.778516 0.068733 0.052578
0 0.713077 0.369342 0.052543 0.035339
0 0.609089 0.533206 0.060833 0.047598
0 0.386567 0.839609 0.068559 0.059766
0 0.672220 0.212337 0.049891 0.037539
0 0.702476 0.313665 0.048364 0.035612
0 0.708984 0.342813 0.054705 0.035990
0 0.587276 0.256058 0.050551 0.042819
0 0.537674 0.431699 0.055920 0.041484
0 0.536287 0.375303 0.042591 0.046361
0 0.594638 0.333997 0.054596 0.041120
0 0.592099 0.285231 0.060647 0.040319
0 0.691497 0.286462 0.045451 0.035905
0 0.686543 0.263971 0.050777 0.030664
0 0.589342 0.355495 0.042122 0.040781
0 0.679918 0.237578 0.044453 0.035846
0 0.590122 0.307591 0.050582 0.035703