0 0.388009 0.830103 0.062027 0.051480
0 0.816857 0.766998 0.084298 0.053624
0 0.785295 0.621479 0.071061 0.049670
0 0.380154 0.660081 0.071616 0.059035
0 0.777815 0.575329 0.071524 0.048746
0 0.383666 0.716973 0.061659 0.050636
0 0.799155 0.714681 0.075692 0.058411
0 0.745930 0.479437 0.061186 0.043124
0 0.834957 0.822190 0.071100 0.058130
0 0.796650 0.666430 0.072683 0.049280
0 0.389675 0.765047 0.069581 0.055067
0 0.766775 0.523008 0.061665 0.045963
0 0.842709 0.883110 0.072445 0.052758
0 0.738820 0.443391 0.057476 0.040522
0 0.379967 0.617993 0.058636 0.044169
0 0.384908 0.536981 0.067131 0.042951
0 0.383597 0.573334 0.066591 0.052366
0 0.712952 0.347288 0.053732 0.034608
0 0.696414 0.284319 0.040109 0.038530
0 0.733498 0.406559 0.064432 0.041211
0 0.390269 0.498076 0.047803 0.041722
0 0.617363 0.584159 0.065608 0.049258
0 0.683004 0.260609 0.035466 0.028787
0 0.617340 0.626141 0.057472 0.044946
0 0.551135 0.658520 0.051618 0.046138
0 0.661060 0.133717 0.040141 0.029964
0 0.632335 0.718009 0.067237 0.048829
0 0.721294 0.374425 0.050717 0.036480
0 0.549345 0.613669 0.061900 0.047283
0 0.628513 0.666861 0.062717 0.047277
0 0.411312 0.357377 0.058776 0.043752
0 0.612651 0.535985 0.057332 0.050575
0 0.568922 0.820085 0.071543 0.054063
0 0.554065 0.713444 0.073130 0.052217
0 0.565370 0.759466 0.075211 0.057101
0 0.591541 0.343836 0.052832 0.042547
0 0.540552 0.564274 0.056029 0.047483
0 0.601927 0.459919 0.051547 0.044540
0 0.852159 0.957005 0.074860 0.054347
0 0.656901 0.886500 0.067566 0.052948
0 0.604931 0.500387 0.057043 0.046263
0 0.646002 0.766161 0.054285 0.041890
0 0.597664 0.395169 0.051107 0.037725
0 0.604708 0.427281 0.053850 0.042062
0 0.651198 0.819420 0.075465 0.057556
0 0.537167 0.487152 0.059999 0.041151
0 0.574286 0.886243 0.068443 0.057592
0 0.579711 0.961363 0.084302 0.062600
0 0.662343 0.959485 0.065939 0.056340
0 0.595987 0.367914 0.055088 0.047576
0 0.537882 0.530486 0.050817 0.042770