0 0.569734 0.788753 0.071767 0.053652
0 0.636534 0.688703 0.072217 0.051578
0 0.813085 0.743726 0.079210 0.052924
0 0.651985 0.790435 0.064602 0.053489
0 0.657260 0.846535 0.057887 0.054192
0 0.578079 0.845017 0.063331 0.055406
0 0.790525 0.643219 0.062739 0.048394
0 0.579799 0.906385 0.076026 0.056341
0 0.558681 0.679680 0.069171 0.053300
0 0.630058 0.642784 0.067074 0.047688
0 0.748088 0.491536 0.063360 0.049798
0 0.798226 0.687233 0.078356 0.051105
0 0.404538 0.684530 0.074070 0.054116
0 0.614109 0.559644 0.059265 0.052694
0 0.577380 0.972452 0.089108 0.048592
0 0.689665 0.249682 0.041952 0.034660
0 0.767565 0.565280 0.069385 0.047225
0 0.820912 0.793177 0.072262 0.051846
0 0.661184 0.916055 0.058326 0.051788
0 0.837072 0.851378 0.075388 0.059226
0 0.555257 0.634798 0.068307 0.052170
0 0.739461 0.454727 0.062556 0.046066
0 0.624775 0.597372 0.055546 0.046661
0 0.781351 0.602361 0.061241 0.047193
0 0.596476 0.451807 0.051009 0.039491
0 0.645176 0.734093 0.056211 0.050892
0 0.732183 0.424003 0.053596 0.036770
0 0.410407 0.633265 0.050304 0.042988
0 0.838100 0.906267 0.071664 0.061365
0 0.611019 0.516310 0.054759 0.044220
0 0.662972 0.979422 0.063745 0.035846
0 0.403950 0.841982 0.065230 0.059726
0 0.758682 0.525657 0.061635 0.043839
0 0.599655 0.484472 0.053172 0.038735
0 0.555668 0.586299 0.057449 0.046590
0 0.567912 0.728721 0.075602 0.054247
0 0.868029 0.974218 0.093602 0.049497
0 0.402761 0.732873 0.072616 0.055088
0 0.405265 0.784831 0.060931 0.048828
0 0.731203 0.397962 0.058427 0.036308