0 0.315575 0.846772 0.065040 0.056553
0 0.357254 0.716819 0.069207 0.050422
0 0.320291 0.772969 0.075987 0.058382
0 0.353658 0.667280 0.070393 0.051768
0 0.758539 0.519087 0.065523 0.048214
0 0.788089 0.647361 0.064525 0.044570
0 0.701342 0.290538 0.053025 0.034791
0 0.770015 0.564963 0.061765 0.043539
0 0.783134 0.599171 0.062963 0.045799
0 0.691506 0.254878 0.041780 0.036788
0 0.799677 0.692714 0.072677 0.046512
0 0.723663 0.401984 0.058291 0.041132
0 0.730254 0.443305 0.047347 0.042025
0 0.824225 0.791831 0.065016 0.058615
0 0.712671 0.319455 0.050508 0.032315
0 0.607919 0.529155 0.059487 0.042703
0 0.564519 0.649001 0.063934 0.047981
0 0.629686 0.652605 0.048491 0.038129
0 0.631343 0.694511 0.062905 0.047576
0 0.843515 0.845044 0.066871 0.054854
0 0.601805 0.490823 0.051954 0.037441
0 0.714085 0.374161 0.048544 0.035364
0 0.654589 0.809226 0.063050 0.051279
0 0.599144 0.454443 0.055827 0.041487
0 0.359539 0.534040 0.050815 0.043799
0 0.355890 0.620928 0.050690 0.046227
0 0.358742 0.576611 0.050303 0.045943
0 0.618266 0.607804 0.060169 0.045151
0 0.642049 0.745121 0.063252 0.048863
0 0.379795 0.495884 0.064242 0.040367
0 0.581645 0.276900 0.047423 0.036420
0 0.871219 0.968770 0.090911 0.055638
0 0.714567 0.343183 0.043471 0.028751
0 0.544034 0.518764 0.057424 0.042194
0 0.552290 0.600918 0.056594 0.043316
0 0.662877 0.862062 0.056126 0.050443
0 0.592314 0.396544 0.043909 0.039429
0 0.538525 0.478295 0.057109 0.043173
0 0.577272 0.339330 0.055593 0.041863
0 0.580542 0.806477 0.073443 0.054364
0 0.402846 0.377053 0.058699 0.040207
0 0.402315 0.415145 0.061863 0.045110
0 0.384816 0.458684 0.049245 0.041316
0 0.531717 0.414864 0.050915 0.041316
0 0.536308 0.448668 0.051749 0.041316
0 0.569278 0.754783 0.074286 0.057592
0 0.581798 0.871845 0.075955 0.058844
0 0.588058 0.940705 0.075120 0.053836
0 0.596404 0.989120 0.090144 0.020458
0 0.686131 0.980143 0.065939 0.035056
0 0.586806 0.367288 0.040899 0.036308