0 0.600420 0.250774 0.039275 0.029099
0 0.689087 0.239226 0.043891 0.032202
0 0.615405 0.334446 0.045886 0.036271
0 0.716613 0.369973 0.058294 0.038817
0 0.405101 0.373311 0.059094 0.046125
0 0.398580 0.731798 0.064575 0.048131
0 0.659496 0.771381 0.070529 0.048424
0 0.391108 0.906579 0.070528 0.061225
0 0.816151 0.757628 0.074985 0.050743
0 0.617941 0.493111 0.056240 0.043289
0 0.610546 0.455086 0.053527 0.035460
0 0.555863 0.518712 0.054173 0.040246
0 0.393997 0.591396 0.053419 0.047576
0 0.397336 0.635216 0.071782 0.047576
0 0.398588 0.684670 0.050915 0.051332
0 0.401509 0.788587 0.073451 0.056340
0 0.399422 0.846179 0.055923 0.051332
0 0.560931 0.563852 0.061765 0.047576
0 0.558427 0.608298 0.056757 0.038812
0 0.567191 0.652118 0.064269 0.046324
0 0.569278 0.704703 0.073451 0.051332
0 0.583050 0.809871 0.069278 0.053836
0 0.580963 0.873097 0.080128 0.060096
0 0.585971 0.941957 0.083467 0.065104
0 0.652744 0.718475 0.068443 0.048828
0 0.667351 0.835537 0.074286 0.055088
0 0.666934 0.895633 0.063435 0.055088
0 0.666934 0.961363 0.063435 0.051332
0 0.646484 0.667142 0.055923 0.048828
0 0.639390 0.617062 0.066774 0.046324
0 0.629374 0.578876 0.055088 0.045072
0 0.615184 0.424254 0.055088 0.041316
0 0.606420 0.391702 0.055923 0.036308
0 0.730369 0.409230 0.056757 0.038812
0 0.740802 0.438652 0.045907 0.037560
0 0.743306 0.469952 0.057592 0.042568
0 0.750818 0.502504 0.059261 0.040064
0 0.762921 0.541942 0.068443 0.046324
0 0.769598 0.587014 0.071782 0.048828
0 0.789630 0.637094 0.070112 0.048828
0 0.798811 0.684670 0.061765 0.046324
0 0.835120 0.821765 0.070947 0.052584
0 0.850144 0.883739 0.070947 0.048828
0 0.873097 0.944461 0.070112 0.060096