0 0.401382 0.631530 0.068338 0.053229
0 0.399371 0.725537 0.056259 0.046348
0 0.557734 0.724170 0.076276 0.051230
0 0.598444 0.412044 0.055942 0.041719
0 0.768292 0.591325 0.071046 0.046257
0 0.644193 0.726501 0.077995 0.057220
0 0.549709 0.547588 0.050720 0.042129
0 0.404412 0.680280 0.055551 0.050443
0 0.402268 0.545664 0.061124 0.050951
0 0.582096 0.970589 0.088142 0.053223
0 0.570167 0.841999 0.073711 0.058073
0 0.611254 0.510996 0.056814 0.046667
0 0.742337 0.479144 0.066671 0.045267
0 0.645684 0.783164 0.070551 0.054766
0 0.549516 0.588320 0.056029 0.046419
0 0.556625 0.674186 0.064674 0.049948
0 0.402771 0.592119 0.069102 0.047493
0 0.388047 0.782874 0.055972 0.052598
0 0.654436 0.842113 0.070043 0.054499
0 0.761458 0.549606 0.068793 0.046608
0 0.805534 0.723496 0.067639 0.051146
0 0.613822 0.547054 0.054266 0.041243
0 0.782758 0.632689 0.068581 0.051966
0 0.859800 0.966917 0.075929 0.057754
0 0.537005 0.476794 0.054523 0.040163
0 0.830898 0.836019 0.074089 0.054290
0 0.824800 0.775993 0.081476 0.055645
0 0.846194 0.897220 0.075833 0.055977
0 0.716163 0.359225 0.052830 0.039557
0 0.625777 0.631354 0.067509 0.047695
0 0.622457 0.587588 0.066493 0.048431
0 0.576855 0.898558 0.070447 0.057428
0 0.403950 0.409115 0.045000 0.043737
0 0.562741 0.779261 0.074492 0.055046
0 0.727988 0.420094 0.056775 0.039316
0 0.801838 0.678574 0.061567 0.050234
0 0.552691 0.628695 0.050165 0.045723
0 0.754603 0.516074 0.055317 0.039102
0 0.667637 0.974443 0.064258 0.045892
0 0.593641 0.382500 0.054045 0.036953
0 0.603466 0.447048 0.057036 0.040801
0 0.664885 0.905280 0.064449 0.051029
0 0.390558 0.838490 0.082322 0.063503
0 0.725371 0.389824 0.057478 0.035013
0 0.386597 0.913945 0.087882 0.063529
0 0.401007 0.505550 0.062569 0.046243
0 0.540911 0.510947 0.055521 0.044954
0 0.539078 0.443434 0.056150 0.040124
0 0.603665 0.475934 0.057070 0.043626
0 0.594499 0.353213 0.053485 0.039082
0 0.705347 0.332949 0.055538 0.036263
0 0.738362 0.445589 0.048885 0.036243
0 0.689894 0.241029 0.040551 0.036823
0 0.578227 0.254834 0.044466 0.034551
0 0.587754 0.303809 0.046480 0.035456
0 0.398633 0.471592 0.059714 0.039655
0 0.701215 0.309368 0.049210 0.032487
0 0.594731 0.328695 0.046710 0.033522
0 0.586187 0.279323 0.046723 0.035065
0 0.696597 0.284036 0.046085 0.034518