0 0.851443 0.896136 0.088103 0.057507
0 0.584779 0.841520 0.081476 0.057207
0 0.252383 0.603672 0.037500 0.077266
0 0.404384 0.382819 0.057891 0.041354
0 0.377294 0.629775 0.069918 0.052871
0 0.832875 0.833083 0.073954 0.050723
0 0.377168 0.678828 0.071515 0.053685
0 0.373058 0.727266 0.071463 0.054883
0 0.660484 0.839368 0.059093 0.049883
0 0.731747 0.430622 0.057782 0.042298
0 0.595927 0.903236 0.077765 0.056289
0 0.587941 0.778792 0.087261 0.063053
0 0.582092 0.673229 0.076484 0.050885
0 0.778414 0.582803 0.068016 0.047637
0 0.580816 0.726660 0.072969 0.048659
0 0.379353 0.794554 0.068976 0.053105
0 0.662046 0.735475 0.074570 0.054089
0 0.790122 0.627604 0.069644 0.054128
0 0.603518 0.968942 0.084865 0.056452
0 0.562576 0.535433 0.055161 0.044772
0 0.667878 0.787428 0.064505 0.053750
0 0.649089 0.639167 0.064132 0.051797
0 0.567463 0.579326 0.065265 0.046999
0 0.823405 0.721969 0.062235 0.048001
0 0.680460 0.899971 0.071207 0.057064
0 0.575313 0.625124 0.063915 0.049505
0 0.373572 0.860557 0.064731 0.060501
0 0.658928 0.685560 0.063611 0.050195
0 0.754421 0.499176 0.061610 0.046882
0 0.824928 0.769694 0.068763 0.050872
0 0.741128 0.464880 0.058377 0.038040
0 0.387094 0.545706 0.066150 0.047975
0 0.628852 0.551777 0.059232 0.045846
0 0.383390 0.584762 0.062743 0.044837
0 0.636745 0.594502 0.063160 0.048079
0 0.542650 0.426816 0.049041 0.038372
0 0.725241 0.398932 0.056046 0.037930
0 0.387040 0.471738 0.047274 0.038750
0 0.624206 0.510173 0.055781 0.045267
0 0.545974 0.463757 0.051680 0.038333
0 0.720495 0.370547 0.054826 0.037227
0 0.804158 0.675824 0.068030 0.057025
0 0.554017 0.496995 0.054518 0.043040
0 0.688878 0.969694 0.081246 0.056432
0 0.385239 0.507057 0.048472 0.039909
0 0.591345 0.314613 0.050703 0.038678
0 0.580391 0.241178 0.046259 0.034753
0 0.688865 0.261247 0.051393 0.038561
0 0.708140 0.316348 0.051141 0.035443
0 0.594688 0.349255 0.052526 0.042441
0 0.879885 0.967282 0.068303 0.056725
0 0.381013 0.938854 0.087869 0.070547
0 0.607049 0.405778 0.058655 0.047064
0 0.623767 0.476064 0.044366 0.039316
0 0.715694 0.345710 0.055920 0.034102
0 0.604931 0.448424 0.054540 0.042747
0 0.582515 0.264056 0.042695 0.032188
0 0.699722 0.290039 0.043229 0.034388
0 0.589863 0.289782 0.046029 0.033757