0 0.514900 0.389024 0.055535 0.040596
0 0.786710 0.645249 0.068955 0.051384
0 0.655101 0.799903 0.078148 0.060003
0 0.777053 0.603744 0.068783 0.047388
0 0.748664 0.484365 0.063301 0.046294
0 0.653313 0.696458 0.064661 0.053697
0 0.388294 0.730945 0.073263 0.055902
0 0.585338 0.856437 0.071723 0.057666
0 0.653094 0.742144 0.059279 0.055469
0 0.828952 0.799124 0.078590 0.053112
0 0.659527 0.860601 0.060645 0.053338
0 0.400620 0.546806 0.057062 0.039578
0 0.844580 0.855413 0.069601 0.050511
0 0.577470 0.639211 0.069570 0.047622
0 0.576935 0.735787 0.077851 0.063305
0 0.667982 0.922421 0.069890 0.056890
0 0.397978 0.419006 0.059638 0.050616
0 0.738331 0.447110 0.064335 0.040675
0 0.621388 0.482420 0.062524 0.048483
0 0.801597 0.690280 0.060017 0.045727
0 0.400435 0.472420 0.051123 0.042882
0 0.392104 0.851921 0.088922 0.067391
0 0.759153 0.524318 0.062623 0.046133
0 0.576956 0.785505 0.066373 0.051194
0 0.398192 0.585946 0.069395 0.048888
0 0.637257 0.606848 0.056617 0.048039
0 0.394868 0.785170 0.059991 0.055319
0 0.731570 0.415771 0.060456 0.039903
0 0.808749 0.738989 0.069881 0.052294
0 0.715437 0.349687 0.056949 0.036998
0 0.629075 0.565198 0.059978 0.044340
0 0.580227 0.923415 0.080327 0.067132
0 0.772778 0.561395 0.057831 0.047676
0 0.573889 0.684401 0.058338 0.052150
0 0.726646 0.381340 0.055991 0.039503
0 0.614474 0.449594 0.053618 0.040112
0 0.392638 0.679220 0.069351 0.051163
0 0.860675 0.925419 0.075188 0.063392
0 0.651157 0.649896 0.057762 0.046690
0 0.600886 0.382414 0.049266 0.038592
0 0.612111 0.413548 0.049818 0.043783
0 0.393644 0.631329 0.069370 0.051256
0 0.602431 0.331977 0.049567 0.038582
0 0.872895 0.976360 0.085898 0.044488
0 0.383564 0.919421 0.087640 0.062600
0 0.575538 0.600160 0.064269 0.047576
0 0.563852 0.562600 0.067608 0.045072
0 0.602664 0.359150 0.051749 0.036308