0 0.390981 0.673643 0.056719 0.044629
0 0.387263 0.723851 0.052999 0.044629
0 0.384937 0.772666 0.078103 0.055788
0 0.377500 0.837516 0.059505 0.051608
0 0.373780 0.901673 0.083681 0.059974
0 0.551372 0.663177 0.066944 0.048815
0 0.557880 0.720361 0.065082 0.046022
0 0.560204 0.784518 0.073455 0.054388
0 0.570898 0.840306 0.065087 0.048815
0 0.579729 0.907253 0.069735 0.054388
0 0.593212 0.238493 0.035330 0.033470
0 0.596467 0.274056 0.047422 0.037656
0 0.613203 0.529984 0.064158 0.044629
0 0.617852 0.573919 0.056719 0.046029
0 0.625755 0.628314 0.063229 0.046029
0 0.628079 0.678522 0.067878 0.051602
0 0.629939 0.730124 0.064158 0.048815
0 0.640632 0.790098 0.068806 0.048815
0 0.652719 0.852858 0.059510 0.046029
0 0.654579 0.917018 0.057648 0.048815
0 0.664342 0.975592 0.064154 0.048815
0 0.685263 0.212692 0.042773 0.029290
0 0.717342 0.357044 0.047418 0.036263
0 0.721526 0.396097 0.052070 0.030684
0 0.731753 0.424687 0.059505 0.040443
0 0.741050 0.465830 0.055790 0.036257
0 0.766621 0.526501 0.060438 0.040449
0 0.785681 0.568343 0.059505 0.043236
0 0.797305 0.615062 0.064158 0.044629
0 0.813110 0.671549 0.071593 0.046029
0 0.826591 0.723151 0.078103 0.051602
0 0.837283 0.788701 0.066016 0.046022
0 0.843329 0.845189 0.068802 0.052995
0 0.860996 0.904463 0.068806 0.048809
0 0.867969 0.967923 0.080894 0.061367
