0 0.410972 0.359137 0.057648 0.043236
0 0.390516 0.500700 0.048351 0.041842
0 0.385401 0.540446 0.064154 0.040449
0 0.383542 0.580195 0.064158 0.044635
0 0.380753 0.622035 0.060438 0.044629
0 0.381682 0.667363 0.071593 0.048815
0 0.384006 0.721758 0.057648 0.046029
0 0.388657 0.769180 0.066949 0.048815
0 0.387728 0.834030 0.061367 0.052995
0 0.537891 0.490934 0.056719 0.041842
0 0.538819 0.528590 0.051137 0.039056
0 0.542072 0.569040 0.053928 0.044629
0 0.549512 0.616458 0.061367 0.047422
0 0.553231 0.661784 0.053928 0.046029
0 0.555089 0.713389 0.070664 0.051608
0 0.566248 0.762204 0.072522 0.051608
0 0.569039 0.821478 0.070664 0.052995
0 0.575545 0.887725 0.068806 0.057181
0 0.582520 0.962344 0.084614 0.064154
0 0.574618 0.146442 0.040911 0.030684
0 0.592281 0.341003 0.053928 0.034870
0 0.596931 0.367503 0.052066 0.040449
0 0.599720 0.400977 0.053928 0.037656
0 0.605299 0.433053 0.055790 0.040443
0 0.604368 0.465133 0.053928 0.043236
0 0.604835 0.502093 0.056719 0.041842
0 0.612274 0.539749 0.056719 0.047415
0 0.619247 0.587168 0.065082 0.047422
0 0.617852 0.628311 0.054861 0.043236
0 0.629010 0.670853 0.058576 0.047422
0 0.632263 0.721758 0.068806 0.048815
0 0.646678 0.769176 0.052999 0.046022
0 0.649931 0.820081 0.074384 0.055788
0 0.657834 0.889821 0.067873 0.055788
0 0.661552 0.134587 0.036263 0.029290
0 0.688518 0.262204 0.043702 0.030684
0 0.698279 0.290098 0.037192 0.033477
0 0.714086 0.349372 0.052070 0.034863
0 0.724314 0.377266 0.046493 0.034870
0 0.735937 0.410042 0.058576 0.041842
0 0.738726 0.446302 0.054857 0.039049
0 0.747094 0.482565 0.058581 0.039049
0 0.767550 0.524408 0.060438 0.041836
0 0.777311 0.578799 0.070664 0.041842
0 0.785215 0.622038 0.069735 0.047422
0 0.797769 0.668757 0.066944 0.048815
0 0.798698 0.718271 0.074384 0.047415
0 0.817760 0.769176 0.080894 0.054395
0 0.836821 0.827057 0.068806 0.055794
0 0.843796 0.886331 0.069735 0.059967
0 0.854950 0.960947 0.071593 0.058574
