0 0.417945 0.442122 0.045560 0.036263
0 0.419340 0.478382 0.055790 0.039056
0 0.415156 0.513249 0.064158 0.050208
0 0.413296 0.566247 0.056714 0.041842
0 0.410972 0.605999 0.048351 0.043236
0 0.411437 0.649928 0.067873 0.047422
0 0.410041 0.697350 0.068806 0.047422
0 0.407253 0.744772 0.055790 0.050208
0 0.401209 0.801953 0.077174 0.052995
0 0.395165 0.864717 0.061363 0.055788
0 0.387261 0.923988 0.060434 0.057181
0 0.540679 0.408646 0.052999 0.036263
0 0.543932 0.442119 0.055790 0.033470
0 0.547188 0.470713 0.058576 0.043236
0 0.549976 0.521618 0.060438 0.044629
0 0.546721 0.602510 0.061367 0.041842
0 0.553231 0.649928 0.063225 0.047422
0 0.560204 0.702930 0.066016 0.050208
0 0.564852 0.761504 0.064158 0.050208
0 0.573685 0.815898 0.057648 0.050208
0 0.586239 0.878662 0.071593 0.055788
0 0.588097 0.935146 0.069735 0.057181
0 0.596465 0.986751 0.086471 0.026497
0 0.596003 0.376569 0.040911 0.039049
0 0.604835 0.412832 0.047422 0.036263
0 0.608555 0.450488 0.054861 0.036263
0 0.614599 0.485355 0.059510 0.039056
0 0.613670 0.518828 0.053928 0.041836
0 0.617852 0.559274 0.058576 0.041842
0 0.622038 0.601813 0.068806 0.046022
0 0.623895 0.649928 0.061367 0.047422
0 0.634123 0.696654 0.055790 0.048815
0 0.644816 0.751745 0.062296 0.047422
0 0.649466 0.809626 0.071597 0.057181
0 0.658763 0.866110 0.066016 0.053001
0 0.670386 0.926777 0.063229 0.051602
0 0.675966 0.983265 0.063225 0.033470
0 0.685263 0.236400 0.050213 0.034870
0 0.688518 0.264294 0.045560 0.032077
0 0.699674 0.313809 0.041840 0.033477
0 0.708974 0.340306 0.043702 0.039049
0 0.726174 0.381452 0.055786 0.034870
0 0.732682 0.404463 0.046493 0.039056
0 0.732682 0.436540 0.055790 0.033470
0 0.740586 0.470016 0.056719 0.041842
0 0.758251 0.501396 0.047422 0.040449
0 0.758253 0.539049 0.060438 0.037656
0 0.768479 0.575316 0.062296 0.043236
0 0.783822 0.630407 0.059510 0.044629
0 0.795909 0.674336 0.061367 0.048815
0 0.801024 0.720365 0.073455 0.048815
0 0.823804 0.776149 0.078103 0.054395
0 0.838681 0.836123 0.079965 0.054395
0 0.852628 0.907253 0.070664 0.051602
0 0.862389 0.973499 0.086471 0.053001
