0 0.409577 0.361227 0.060438 0.044629
0 0.389123 0.500000 0.049280 0.043242
0 0.383542 0.539053 0.066016 0.043236
0 0.384008 0.578102 0.063225 0.046022
0 0.381684 0.623431 0.058576 0.041836
0 0.381217 0.666667 0.070664 0.047422
0 0.384008 0.722454 0.061367 0.044635
0 0.389121 0.769176 0.069735 0.051608
0 0.387726 0.833333 0.059505 0.051602
0 0.538819 0.490238 0.056719 0.040449
0 0.539748 0.529984 0.051137 0.041842
0 0.541144 0.570433 0.055786 0.044629
0 0.548116 0.617852 0.064158 0.041836
0 0.552765 0.663180 0.049280 0.040449
0 0.554160 0.715482 0.070664 0.044635
0 0.566248 0.763600 0.072522 0.051602
0 0.569967 0.823571 0.070664 0.051608
0 0.575547 0.886331 0.066944 0.054395
0 0.581591 0.959554 0.084614 0.058574
0 0.575082 0.145745 0.041840 0.029290
0 0.582986 0.274756 0.040911 0.039056
0 0.592747 0.341003 0.052995 0.034870
0 0.594607 0.368896 0.051141 0.040449
0 0.599256 0.402370 0.051141 0.034870
0 0.606230 0.434447 0.052070 0.037656
0 0.603440 0.466527 0.055786 0.040449
0 0.606230 0.504883 0.053928 0.039049
0 0.613668 0.540446 0.057648 0.043236
0 0.619247 0.589958 0.065082 0.044629
0 0.618316 0.629010 0.055790 0.041836
0 0.629475 0.670153 0.057648 0.043236
0 0.633659 0.722454 0.067873 0.050208
0 0.647140 0.769873 0.055790 0.041842
0 0.651788 0.822874 0.074384 0.055788
0 0.658763 0.889121 0.064158 0.051602
0 0.661554 0.135983 0.039983 0.029284
0 0.688982 0.265690 0.046489 0.032083
0 0.697350 0.290098 0.039049 0.033477
0 0.714086 0.348675 0.052070 0.033470
0 0.722919 0.378662 0.045560 0.034863
0 0.736400 0.412135 0.061367 0.037656
0 0.737795 0.446302 0.058576 0.039049
0 0.745234 0.482565 0.060434 0.039049
0 0.768479 0.526501 0.060438 0.043236
0 0.778244 0.577406 0.070664 0.039056
0 0.785215 0.623431 0.062296 0.039049
0 0.799627 0.670156 0.066944 0.048815
0 0.798234 0.716875 0.073455 0.047422
0 0.816829 0.768480 0.079032 0.055788
0 0.838214 0.827754 0.071593 0.057187
0 0.841934 0.884938 0.069735 0.054395
0 0.856345 0.958161 0.072526 0.053001
