0 0.215250 0.739189 0.052999 0.128314
0 0.406788 0.369593 0.054861 0.044629
0 0.417945 0.441423 0.043702 0.037663
0 0.419805 0.477686 0.054861 0.043236
0 0.412830 0.519528 0.050208 0.043236
0 0.412830 0.564854 0.057648 0.044629
0 0.411437 0.604600 0.049280 0.043236
0 0.410043 0.648535 0.065087 0.047422
0 0.410508 0.693864 0.067873 0.051608
0 0.408646 0.744072 0.056719 0.051608
0 0.400744 0.801253 0.070664 0.057181
0 0.394701 0.863320 0.060434 0.052995
0 0.388192 0.923991 0.062296 0.059974
0 0.491864 0.510459 0.048346 0.078105
0 0.540213 0.406556 0.050208 0.040443
0 0.542072 0.440723 0.052070 0.036263
0 0.548116 0.471410 0.058576 0.044629
0 0.551372 0.518828 0.057648 0.041836
0 0.548116 0.601813 0.058576 0.046022
0 0.554625 0.646442 0.062296 0.046022
0 0.560671 0.701536 0.068806 0.050208
0 0.566248 0.759414 0.061367 0.048815
0 0.574151 0.812412 0.056714 0.051608
0 0.586704 0.876569 0.068806 0.051602
0 0.589959 0.933057 0.069735 0.055788
0 0.593214 0.206416 0.044631 0.033470
0 0.596931 0.232217 0.044627 0.032077
0 0.602511 0.285915 0.052070 0.033470
0 0.601580 0.315202 0.040911 0.033477
0 0.603440 0.350765 0.037192 0.032077
0 0.596000 0.376569 0.037192 0.036263
0 0.605299 0.410042 0.042769 0.033470
0 0.608088 0.448395 0.053928 0.034863
0 0.613203 0.483962 0.054861 0.039056
0 0.614599 0.517432 0.052070 0.044629
0 0.618780 0.559274 0.056719 0.039056
0 0.622502 0.599723 0.067878 0.044629
0 0.624824 0.645745 0.061367 0.047415
0 0.635519 0.695257 0.054857 0.051608
0 0.647142 0.752441 0.063225 0.046029
0 0.650862 0.806836 0.070664 0.051602
0 0.671317 0.924687 0.061367 0.052995
0 0.676895 0.983962 0.059510 0.032077
0 0.685263 0.232217 0.048346 0.034863
0 0.689911 0.261507 0.042773 0.032077
0 0.700603 0.287308 0.049280 0.033470
0 0.698743 0.313109 0.038121 0.029290
0 0.708971 0.340306 0.041840 0.039049
0 0.724314 0.380055 0.050208 0.034863
0 0.736866 0.403766 0.043698 0.032077
0 0.734078 0.435146 0.054857 0.039056
0 0.741515 0.468620 0.056719 0.041836
0 0.757789 0.497907 0.044631 0.041842
0 0.758717 0.536960 0.059510 0.044635
0 0.767550 0.573223 0.058581 0.047422
0 0.782891 0.626917 0.059505 0.046022
0 0.797303 0.671549 0.060438 0.048815
0 0.801953 0.719665 0.071597 0.053001
0 0.825197 0.774059 0.079032 0.055788
0 0.837285 0.832633 0.077174 0.055788
0 0.853090 0.902370 0.066016 0.050208
0 0.858207 0.970013 0.074384 0.059974
