0 0.331009 0.658997 0.063225 0.048815
0 0.346816 0.761507 0.076246 0.053001
0 0.325896 0.829847 0.077174 0.055788
0 0.416549 0.427477 0.057648 0.040449
0 0.413761 0.458158 0.061367 0.046029
0 0.416085 0.500700 0.058576 0.041842
0 0.417014 0.536960 0.049280 0.041836
0 0.419340 0.577406 0.057648 0.047415
0 0.416085 0.617852 0.064158 0.050208
0 0.412830 0.662480 0.066944 0.050208
0 0.414692 0.709902 0.066944 0.052995
0 0.420269 0.765693 0.057648 0.055788
0 0.417016 0.829847 0.060438 0.053001
0 0.408648 0.903066 0.077174 0.062760
0 0.407717 0.966527 0.066016 0.058574
0 0.529987 0.377962 0.055790 0.036263
0 0.551836 0.436543 0.051137 0.036263
0 0.557880 0.467923 0.046489 0.034870
0 0.560668 0.504880 0.059505 0.041842
0 0.567641 0.547419 0.052999 0.043236
0 0.572292 0.633193 0.062300 0.047415
0 0.587168 0.730124 0.064154 0.051602
0 0.588099 0.788005 0.073455 0.053001
0 0.592283 0.841702 0.072526 0.054395
0 0.584379 0.903763 0.067873 0.061367
0 0.602511 0.971410 0.076246 0.057181
0 0.591816 0.209206 0.038121 0.033477
0 0.601580 0.251045 0.035330 0.033470
0 0.602511 0.276149 0.046489 0.033470
0 0.609948 0.306139 0.039054 0.037656
0 0.612274 0.354951 0.051137 0.037663
0 0.594143 0.382845 0.053928 0.037656
0 0.603904 0.414225 0.054857 0.036263
0 0.613668 0.444212 0.052066 0.037656
0 0.619711 0.479079 0.052999 0.043236
0 0.629939 0.546722 0.056719 0.041842
0 0.637378 0.586475 0.056719 0.043236
0 0.642027 0.634590 0.058576 0.047422
0 0.650859 0.681309 0.066944 0.048815
0 0.660158 0.732217 0.059510 0.047415
0 0.668991 0.787308 0.064154 0.051608
0 0.677823 0.843796 0.068806 0.050208
0 0.673175 0.903070 0.079961 0.065553
0 0.682938 0.974199 0.060434 0.051602
0 0.676895 0.214085 0.042773 0.029290
0 0.684332 0.237100 0.042769 0.027897
0 0.685263 0.260114 0.037192 0.029290
0 0.705254 0.276849 0.038121 0.026497
0 0.706183 0.304043 0.052999 0.036263
0 0.718737 0.327757 0.050208 0.030684
0 0.715480 0.354255 0.045560 0.033470
0 0.723385 0.382845 0.055790 0.034870
0 0.729891 0.412135 0.057648 0.034870
0 0.738726 0.444212 0.054857 0.034870
0 0.747561 0.476986 0.057648 0.036263
0 0.753138 0.512552 0.055790 0.040443
0 0.767552 0.549512 0.049280 0.044635
0 0.775454 0.592051 0.070664 0.046029
0 0.790330 0.638073 0.066944 0.048815
0 0.813576 0.737796 0.072526 0.055788
0 0.834497 0.790794 0.066016 0.047422
0 0.847049 0.847282 0.076241 0.057181
0 0.853090 0.907949 0.075313 0.058581
0 0.879125 0.969316 0.088329 0.061367
