0 0.411437 0.360531 0.056719 0.043236
0 0.389588 0.500000 0.048351 0.040443
0 0.384473 0.540446 0.064154 0.043236
0 0.383542 0.580195 0.064158 0.044635
0 0.379822 0.622035 0.056719 0.041842
0 0.381682 0.666667 0.069735 0.050208
0 0.384937 0.721061 0.061367 0.047422
0 0.389588 0.769176 0.066944 0.046022
0 0.389121 0.834727 0.060438 0.051602
0 0.538355 0.489541 0.057648 0.041842
0 0.540215 0.528590 0.046489 0.041842
0 0.542075 0.569736 0.055790 0.040449
0 0.549047 0.615758 0.058581 0.043236
0 0.551838 0.661087 0.052999 0.047422
0 0.555556 0.713392 0.071597 0.048815
0 0.569967 0.821481 0.068806 0.055788
0 0.566712 0.762204 0.071593 0.057181
0 0.576011 0.886331 0.066016 0.054395
0 0.581124 0.960951 0.083681 0.061367
0 0.591819 0.341006 0.051137 0.032077
0 0.597862 0.368896 0.052070 0.040449
0 0.599720 0.400977 0.053928 0.034870
0 0.604835 0.434450 0.052995 0.040449
0 0.602511 0.464437 0.050213 0.041842
0 0.604835 0.503486 0.054861 0.039056
0 0.611343 0.541839 0.056714 0.043236
0 0.619247 0.588564 0.061367 0.047415
0 0.618316 0.629710 0.055790 0.043236
0 0.627615 0.672246 0.059510 0.044635
0 0.633194 0.721758 0.066944 0.046029
0 0.647142 0.771270 0.053928 0.041836
0 0.653184 0.824268 0.069735 0.058574
0 0.658299 0.889121 0.065087 0.054388
0 0.662016 0.962340 0.061367 0.055788
0 0.662947 0.136683 0.040911 0.030684
0 0.697815 0.289401 0.038121 0.034870
0 0.713622 0.350068 0.052999 0.030684
0 0.723850 0.378662 0.047422 0.034863
0 0.737331 0.411436 0.059505 0.041842
0 0.737795 0.447002 0.058576 0.040449
0 0.745699 0.483962 0.055790 0.039056
0 0.768014 0.525107 0.061367 0.043236
0 0.777778 0.577406 0.069731 0.044629
0 0.785217 0.624128 0.067873 0.046029
0 0.797303 0.670850 0.069735 0.053001
0 0.799162 0.717572 0.073455 0.048815
0 0.816365 0.765690 0.079961 0.052995
0 0.836821 0.825664 0.068806 0.058581
0 0.843329 0.886331 0.072526 0.057181
0 0.854950 0.959551 0.077174 0.061367
