0 0.411437 0.361227 0.062300 0.044629
0 0.389588 0.502093 0.050208 0.039056
0 0.384937 0.541143 0.065082 0.041842
0 0.384473 0.581592 0.067878 0.044629
0 0.382146 0.623431 0.061367 0.041836
0 0.382148 0.666667 0.066944 0.050208
0 0.385401 0.723154 0.062296 0.043236
0 0.388192 0.767087 0.069735 0.053001
0 0.389121 0.834727 0.060438 0.048815
0 0.537424 0.458854 0.052070 0.036263
0 0.537888 0.491631 0.060438 0.043236
0 0.539748 0.529987 0.051137 0.039049
0 0.541144 0.569040 0.059510 0.044629
0 0.549512 0.615062 0.061367 0.044629
0 0.551836 0.663877 0.054861 0.047415
0 0.554162 0.714785 0.074384 0.051602
0 0.566712 0.763597 0.069735 0.054395
0 0.569036 0.824268 0.072526 0.055788
0 0.574616 0.886331 0.072522 0.059967
0 0.582520 0.961647 0.084614 0.062760
0 0.675966 0.958854 0.085543 0.059974
0 0.659227 0.890518 0.065087 0.054395
0 0.653186 0.822874 0.075312 0.055788
0 0.647604 0.772666 0.056719 0.044629
0 0.634123 0.722454 0.065087 0.047422
0 0.629010 0.671549 0.060434 0.046029
0 0.619711 0.629707 0.058581 0.046029
0 0.619711 0.589261 0.064154 0.048809
0 0.614599 0.542539 0.055786 0.041836
0 0.605764 0.505576 0.058576 0.043236
0 0.604835 0.466527 0.056719 0.043236
0 0.607624 0.435843 0.054857 0.040449
0 0.599720 0.401673 0.053928 0.036263
0 0.597398 0.368896 0.052999 0.040449
0 0.592283 0.343796 0.052066 0.034870
0 0.587168 0.295677 0.051141 0.036263
0 0.583448 0.228034 0.043702 0.034870
0 0.574151 0.147139 0.039978 0.032077
0 0.661552 0.138076 0.038121 0.027897
0 0.675966 0.188285 0.037192 0.036257
0 0.698743 0.290098 0.036263 0.036263
0 0.714551 0.351465 0.054857 0.033477
0 0.723385 0.382148 0.048351 0.036263
0 0.737795 0.411436 0.058576 0.041842
0 0.739191 0.449095 0.053928 0.036263
0 0.746630 0.483962 0.055786 0.039056
0 0.768016 0.525104 0.057648 0.046029
0 0.779173 0.576009 0.068806 0.047422
0 0.787075 0.624824 0.066016 0.047422
0 0.796374 0.672943 0.067878 0.051602
0 0.799629 0.719665 0.068806 0.047415
0 0.816365 0.769873 0.078103 0.053001
0 0.835425 0.827757 0.073455 0.054395
0 0.845189 0.887031 0.066949 0.061367
0 0.852626 0.960947 0.072526 0.058574
