0 0.214319 0.739193 0.060434 0.122734
0 0.407253 0.369593 0.057648 0.044629
0 0.418409 0.441423 0.044631 0.040449
0 0.417480 0.475592 0.052070 0.044635
0 0.414227 0.519525 0.049280 0.040443
0 0.413296 0.564154 0.058581 0.048815
0 0.409112 0.695260 0.068806 0.048815
0 0.407717 0.742676 0.058576 0.051602
0 0.401209 0.803346 0.075317 0.052995
0 0.394234 0.863317 0.061367 0.055788
0 0.387261 0.920501 0.060434 0.058581
0 0.392841 0.978382 0.079032 0.043236
0 0.540215 0.407253 0.053928 0.036263
0 0.543003 0.442816 0.055790 0.040449
0 0.552767 0.520921 0.060438 0.046022
0 0.547188 0.601117 0.062300 0.041842
0 0.553696 0.647839 0.064154 0.051602
0 0.560671 0.700140 0.063225 0.053001
0 0.561135 0.802650 0.079032 0.062760
0 0.588099 0.875869 0.067873 0.055788
0 0.588563 0.934450 0.072526 0.058574
0 0.594607 0.207113 0.047418 0.032077
0 0.599256 0.234310 0.047418 0.033477
0 0.602511 0.288005 0.052070 0.040449
0 0.600651 0.315202 0.042769 0.036263
0 0.604371 0.350768 0.039054 0.034870
0 0.596931 0.376569 0.040911 0.039049
0 0.604368 0.410739 0.044631 0.037663
0 0.608555 0.448398 0.054861 0.037656
0 0.615063 0.482568 0.058581 0.041842
0 0.615063 0.516038 0.054857 0.044629
0 0.619711 0.558577 0.058581 0.043236
0 0.622967 0.601117 0.066949 0.047415
0 0.625757 0.647839 0.061367 0.051602
0 0.635519 0.694561 0.052999 0.053001
0 0.646678 0.751045 0.062296 0.054395
0 0.651790 0.808229 0.066949 0.057187
0 0.668060 0.869596 0.058576 0.057187
0 0.670386 0.923291 0.059505 0.055788
0 0.676895 0.982565 0.061367 0.034870
0 0.686194 0.234310 0.048351 0.036263
0 0.700141 0.288005 0.053928 0.034863
0 0.699210 0.312412 0.039054 0.033470
0 0.709902 0.339609 0.043702 0.040443
0 0.726638 0.379359 0.051141 0.033470
0 0.734542 0.404463 0.044631 0.036257
0 0.740122 0.435146 0.048351 0.041842
0 0.740122 0.467923 0.057648 0.037656
0 0.757786 0.500000 0.048351 0.043242
0 0.758717 0.537656 0.063225 0.040443
0 0.767550 0.574616 0.060438 0.044635
0 0.783822 0.627617 0.059510 0.047422
0 0.797305 0.670853 0.058576 0.050208
0 0.801953 0.721061 0.071597 0.058581
0 0.825197 0.771966 0.079032 0.057188
0 0.837750 0.833333 0.079961 0.057188
0 0.854486 0.905856 0.070664 0.057181
0 0.862389 0.972106 0.084614 0.055788
