0 0.410972 0.361227 0.059505 0.044629
0 0.390514 0.500697 0.044631 0.039049
0 0.383544 0.541146 0.062296 0.039049
0 0.384470 0.578802 0.066016 0.039049
0 0.379822 0.622035 0.058576 0.041842
0 0.381220 0.667363 0.066944 0.048815
0 0.384473 0.721755 0.062296 0.043236
0 0.389588 0.768480 0.066944 0.047415
0 0.388657 0.832637 0.061367 0.052995
0 0.536495 0.457461 0.052070 0.039049
0 0.539748 0.491631 0.058576 0.040449
0 0.538819 0.529987 0.049280 0.036263
0 0.541144 0.571130 0.053928 0.040449
0 0.549512 0.617152 0.059510 0.043236
0 0.552767 0.662484 0.051141 0.044629
0 0.554627 0.716178 0.073455 0.046029
0 0.565783 0.764993 0.069735 0.051602
0 0.571363 0.824964 0.071597 0.051608
0 0.575080 0.888421 0.067878 0.055788
0 0.581124 0.963040 0.083681 0.057188
0 0.575080 0.148535 0.043702 0.034870
0 0.584379 0.228730 0.047422 0.036263
0 0.586704 0.294980 0.048346 0.037656
0 0.592283 0.342399 0.055790 0.032077
0 0.598327 0.370293 0.054857 0.040443
0 0.599720 0.403766 0.052070 0.034863
0 0.604835 0.435146 0.056719 0.036257
0 0.603440 0.467223 0.055786 0.041842
0 0.604835 0.506276 0.058576 0.036263
0 0.613668 0.542539 0.055790 0.041836
0 0.618783 0.589958 0.062296 0.047415
0 0.617387 0.631800 0.057648 0.041842
0 0.629475 0.672246 0.059505 0.047422
0 0.632730 0.723151 0.067873 0.046029
0 0.646675 0.771270 0.056719 0.044635
0 0.652719 0.824964 0.076246 0.054395
0 0.657370 0.890514 0.066944 0.051602
0 0.673639 0.963040 0.086471 0.057188
0 0.661089 0.135283 0.040911 0.030684
0 0.676895 0.189678 0.035334 0.033470
0 0.689911 0.263597 0.042773 0.030684
0 0.696886 0.290098 0.036263 0.033477
0 0.715946 0.350068 0.052066 0.033470
0 0.724314 0.379359 0.046493 0.036257
0 0.735937 0.412132 0.056719 0.040449
0 0.740122 0.447002 0.057648 0.040449
0 0.747094 0.483958 0.056714 0.036263
0 0.766621 0.526501 0.060438 0.043236
0 0.779173 0.578799 0.068806 0.041842
0 0.786148 0.625524 0.069735 0.046022
0 0.795909 0.672246 0.066949 0.050208
0 0.799162 0.718968 0.071597 0.048809
0 0.816829 0.769176 0.082756 0.051608
0 0.837750 0.828451 0.068806 0.058581
0 0.842862 0.889121 0.069735 0.059974
0 0.854021 0.962340 0.071593 0.055788
