0 0.390052 0.673639 0.056719 0.047422
0 0.377500 0.840306 0.065087 0.048815
0 0.377033 0.901673 0.079032 0.057188
0 0.550441 0.663877 0.070664 0.050215
0 0.556020 0.721758 0.068802 0.048815
0 0.556020 0.777546 0.068802 0.057187
0 0.569503 0.843096 0.067878 0.054395
0 0.579264 0.911436 0.068806 0.057181
0 0.579264 0.968620 0.085543 0.059974
0 0.596467 0.272663 0.051137 0.037656
0 0.597396 0.327754 0.039983 0.036263
0 0.601582 0.361227 0.052070 0.033470
0 0.606695 0.440726 0.047418 0.033470
0 0.609019 0.475592 0.048351 0.039049
0 0.613668 0.529287 0.065087 0.046022
0 0.618780 0.576012 0.058576 0.044629
0 0.623431 0.629710 0.062296 0.043236
0 0.626686 0.677826 0.063225 0.052995
0 0.629010 0.726641 0.064158 0.050208
0 0.641096 0.786608 0.069735 0.050208
0 0.652721 0.850768 0.057648 0.050208
0 0.656439 0.914922 0.061367 0.050208
0 0.665273 0.974199 0.066016 0.051602
0 0.709438 0.304743 0.052070 0.034863
0 0.724314 0.396794 0.052066 0.040449
0 0.732682 0.429567 0.053932 0.039056
0 0.741050 0.467223 0.052066 0.041842
0 0.767550 0.526501 0.062296 0.043236
0 0.783822 0.568340 0.061367 0.046029
0 0.800093 0.617852 0.064154 0.044635
0 0.813576 0.669456 0.072526 0.050215
0 0.827057 0.723151 0.075312 0.046029
0 0.834494 0.783125 0.079032 0.051602
0 0.841934 0.845885 0.067878 0.048815
0 0.858205 0.905160 0.070664 0.053001
