0 0.411903 0.361227 0.061367 0.044629
0 0.384006 0.580895 0.065087 0.043236
0 0.380753 0.622734 0.058581 0.046029
0 0.382146 0.667363 0.070664 0.046029
0 0.383544 0.721755 0.060438 0.043236
0 0.388657 0.767083 0.070664 0.050208
0 0.389586 0.834030 0.061367 0.052995
0 0.377498 0.897490 0.087400 0.059967
0 0.432357 0.960251 0.063229 0.079499
0 0.603440 0.463737 0.055786 0.046029
0 0.604835 0.504880 0.056719 0.041842
0 0.613203 0.541842 0.056719 0.046029
0 0.617852 0.589261 0.064158 0.048809
0 0.618783 0.630407 0.054857 0.044629
0 0.628544 0.671549 0.061367 0.046029
0 0.634123 0.722454 0.066944 0.047422
0 0.645282 0.770573 0.057648 0.046029
0 0.652255 0.822174 0.075317 0.059974
0 0.659692 0.891214 0.066016 0.058574
0 0.662483 0.963040 0.066016 0.057188
0 0.554625 0.711992 0.071593 0.048815
0 0.565319 0.764297 0.070664 0.050208
0 0.569967 0.824268 0.070664 0.053001
0 0.576011 0.886331 0.066016 0.059967
0 0.581126 0.963040 0.085543 0.059974
0 0.745234 0.482568 0.054861 0.044629
0 0.744770 0.792188 0.044627 0.100417
0 0.767086 0.527894 0.061367 0.046022
0 0.778244 0.578802 0.070664 0.050208
0 0.785681 0.624824 0.066944 0.047422
0 0.797305 0.675036 0.064158 0.047415
0 0.798234 0.717572 0.073455 0.051602
0 0.817294 0.771266 0.083685 0.055788
0 0.838678 0.827754 0.068806 0.057187
0 0.844258 0.887028 0.072526 0.055788
0 0.853092 0.960947 0.077174 0.058574
