0 0.214319 0.737796 0.049280 0.131100
0 0.406788 0.368896 0.056719 0.046022
0 0.418874 0.442819 0.043702 0.037656
0 0.419805 0.479079 0.054861 0.043236
0 0.417480 0.642956 0.063225 0.047422
0 0.409577 0.696654 0.067878 0.051602
0 0.408181 0.745469 0.057648 0.051602
0 0.401673 0.800557 0.076246 0.055788
0 0.395632 0.864714 0.062296 0.058581
0 0.387263 0.923294 0.062296 0.061367
0 0.542537 0.409346 0.052999 0.040449
0 0.544397 0.442119 0.056719 0.039056
0 0.552303 0.521618 0.061367 0.044629
0 0.548583 0.603206 0.061367 0.043236
0 0.554160 0.647142 0.063225 0.050208
0 0.560668 0.700140 0.065087 0.053001
0 0.563924 0.805439 0.079036 0.057181
0 0.586704 0.876569 0.066949 0.054388
0 0.588099 0.933750 0.073455 0.062760
0 0.593678 0.207113 0.047418 0.032077
0 0.599722 0.235703 0.048351 0.033477
0 0.602975 0.288704 0.054857 0.039049
0 0.601580 0.316595 0.042769 0.036263
0 0.603906 0.350072 0.039983 0.036263
0 0.596931 0.376569 0.039054 0.036263
0 0.606230 0.412135 0.044631 0.037656
0 0.608555 0.449792 0.058576 0.037656
0 0.615527 0.484658 0.059510 0.040449
0 0.615992 0.518828 0.052999 0.044635
0 0.618316 0.557881 0.057648 0.041842
0 0.622967 0.600417 0.068806 0.048815
0 0.626222 0.648535 0.062296 0.050208
0 0.646211 0.752441 0.063229 0.051602
0 0.651326 0.807533 0.067878 0.052995
0 0.668526 0.866807 0.063225 0.051608
0 0.670851 0.925384 0.062300 0.054388
0 0.676895 0.983265 0.061367 0.033470
0 0.685729 0.236403 0.049280 0.040449
0 0.701070 0.287308 0.055786 0.033470
0 0.699674 0.311715 0.039983 0.032077
0 0.709902 0.341006 0.041845 0.040449
0 0.726638 0.381452 0.051141 0.034870
0 0.735935 0.407253 0.045560 0.036263
0 0.737795 0.434447 0.051137 0.037656
0 0.740586 0.468620 0.056719 0.041836
0 0.757786 0.500700 0.050208 0.041842
0 0.757322 0.536263 0.058576 0.037656
0 0.767550 0.575313 0.060438 0.046029
0 0.785215 0.631800 0.060438 0.047415
0 0.796374 0.672246 0.064154 0.047422
0 0.802882 0.723154 0.071597 0.057181
0 0.824731 0.775452 0.074384 0.055788
0 0.839145 0.835426 0.080894 0.055788
0 0.853557 0.903766 0.070664 0.055788
0 0.861458 0.973499 0.082752 0.053001
