0 0.395629 0.373083 0.054861 0.034863
0 0.406788 0.434450 0.056719 0.034863
0 0.403997 0.471410 0.066016 0.047415
0 0.399349 0.584378 0.051137 0.041842
0 0.393772 0.627617 0.066016 0.047422
0 0.394698 0.683402 0.069735 0.044629
0 0.391445 0.732220 0.076241 0.050208
0 0.399349 0.782428 0.062300 0.050208
0 0.400744 0.846582 0.085543 0.058581
0 0.549512 0.376569 0.042773 0.039049
0 0.546723 0.412135 0.055790 0.037656
0 0.545328 0.447002 0.052999 0.034863
0 0.551372 0.479079 0.053932 0.034863
0 0.563924 0.514645 0.060434 0.041842
0 0.556951 0.554395 0.052070 0.040443
0 0.556951 0.595537 0.059510 0.047415
0 0.562995 0.685495 0.066016 0.046029
0 0.568108 0.736400 0.072526 0.050208
0 0.582055 0.783822 0.055786 0.050208
0 0.583451 0.842399 0.073455 0.053001
0 0.580662 0.908649 0.069735 0.057181
0 0.586704 0.967223 0.068806 0.054395
0 0.596003 0.241982 0.035330 0.032077
0 0.599720 0.270573 0.046489 0.033477
0 0.598327 0.337516 0.052999 0.041842
0 0.606695 0.370990 0.039978 0.036263
0 0.609948 0.410739 0.057648 0.043236
0 0.613668 0.479779 0.055790 0.039049
0 0.631799 0.599023 0.067878 0.046029
0 0.639703 0.640169 0.063225 0.047422
0 0.631799 0.685495 0.064154 0.046029
0 0.642027 0.730824 0.062300 0.047415
0 0.649000 0.782425 0.055786 0.055788
0 0.660158 0.849375 0.065082 0.050208
0 0.667598 0.911436 0.063225 0.051608
0 0.666667 0.978382 0.065087 0.043236
0 0.690378 0.249652 0.039983 0.027897
0 0.696886 0.271270 0.045560 0.032083
0 0.707112 0.292887 0.038121 0.030684
0 0.708507 0.319385 0.050208 0.027897
0 0.716875 0.345189 0.039054 0.034870
0 0.729429 0.398887 0.054857 0.036263
0 0.735471 0.431660 0.053928 0.040443
0 0.744770 0.476986 0.055790 0.039049
0 0.753602 0.512552 0.056719 0.040443
0 0.763366 0.552301 0.059510 0.044629
0 0.780566 0.597630 0.064154 0.046029
0 0.787541 0.638076 0.063225 0.046022
0 0.806602 0.730820 0.071597 0.050208
0 0.828453 0.788005 0.078103 0.058574
0 0.825197 0.841702 0.064154 0.054395
0 0.854488 0.912832 0.065087 0.051602
0 0.874010 0.976989 0.074384 0.046022
