0 0.392841 0.633890 0.056714 0.046022
0 0.391447 0.674336 0.053928 0.048815
0 0.386330 0.721061 0.052999 0.047422
0 0.384008 0.771966 0.076246 0.054388
0 0.377498 0.837516 0.061367 0.051608
0 0.374709 0.902370 0.081823 0.061367
0 0.550443 0.663180 0.066944 0.051608
0 0.556484 0.718968 0.067873 0.051608
0 0.560668 0.782425 0.072526 0.058574
0 0.570432 0.841702 0.064154 0.054395
0 0.580195 0.906556 0.070668 0.058581
0 0.591819 0.217575 0.032543 0.033470
0 0.592747 0.237796 0.036259 0.032077
0 0.597398 0.270570 0.045560 0.041842
0 0.683867 0.210602 0.041840 0.030684
0 0.607159 0.442819 0.044631 0.037656
0 0.608555 0.473499 0.043698 0.043236
0 0.613203 0.527197 0.064158 0.047415
0 0.618316 0.576009 0.059505 0.047422
0 0.625291 0.628314 0.062300 0.046029
0 0.627148 0.677129 0.066016 0.051602
0 0.629939 0.727337 0.064158 0.051602
0 0.640167 0.789401 0.071593 0.052995
0 0.649000 0.852858 0.059510 0.048815
0 0.654579 0.914925 0.059505 0.053001
0 0.664807 0.974896 0.063225 0.050208
0 0.711298 0.306136 0.050208 0.034863
0 0.717806 0.357044 0.046489 0.036263
0 0.720595 0.397490 0.048351 0.039056
0 0.735471 0.428174 0.053928 0.039056
0 0.739191 0.464434 0.055786 0.039049
0 0.766621 0.526501 0.062296 0.043236
0 0.785217 0.568340 0.056719 0.040443
0 0.798234 0.614365 0.066016 0.046022
0 0.813110 0.670853 0.069735 0.047422
0 0.827522 0.723151 0.076241 0.051602
0 0.836819 0.786611 0.065087 0.055788
0 0.843796 0.845189 0.069735 0.052995
0 0.860996 0.903766 0.070664 0.053001
0 0.868433 0.967227 0.085538 0.062760
