0 0.394701 0.373083 0.056719 0.034863
0 0.406322 0.434447 0.053928 0.037656
0 0.404464 0.470013 0.063225 0.050208
0 0.404928 0.545329 0.067878 0.039056
0 0.397491 0.582985 0.049280 0.041842
0 0.395165 0.626921 0.061363 0.048815
0 0.395165 0.679219 0.070668 0.052995
0 0.390050 0.730127 0.069735 0.054395
0 0.399816 0.783125 0.061367 0.048815
0 0.401209 0.846582 0.090187 0.061367
0 0.547652 0.375173 0.040911 0.041842
0 0.545792 0.412132 0.055786 0.032077
0 0.543468 0.443516 0.051137 0.036263
0 0.550441 0.477686 0.053928 0.034863
0 0.562064 0.511855 0.062296 0.041836
0 0.556487 0.553695 0.054857 0.041842
0 0.558811 0.595537 0.059505 0.044629
0 0.559740 0.682708 0.063229 0.048815
0 0.566712 0.735703 0.071593 0.048815
0 0.577871 0.784518 0.060438 0.054388
0 0.584379 0.845189 0.073455 0.052995
0 0.582520 0.900277 0.071593 0.057181
0 0.587170 0.971410 0.073455 0.054395
0 0.596000 0.237796 0.037192 0.032077
0 0.598791 0.266387 0.044631 0.039049
0 0.597860 0.297070 0.048351 0.033477
0 0.596934 0.336820 0.053928 0.040449
0 0.605764 0.370293 0.039983 0.040443
0 0.609948 0.406553 0.055790 0.043236
0 0.604371 0.442819 0.052066 0.037656
0 0.612739 0.479779 0.055790 0.039049
0 0.626686 0.550208 0.059510 0.046029
0 0.630870 0.595537 0.067878 0.047415
0 0.638307 0.638773 0.066016 0.047415
0 0.632266 0.685495 0.066944 0.046029
0 0.643422 0.730127 0.063225 0.046022
0 0.648071 0.779639 0.063225 0.053001
0 0.657834 0.845885 0.066016 0.057188
0 0.667131 0.910739 0.066016 0.050215
0 0.667131 0.978382 0.060434 0.043236
0 0.688980 0.246862 0.040911 0.027891
0 0.695026 0.269176 0.049280 0.033470
0 0.705718 0.290798 0.037192 0.032077
0 0.706183 0.315898 0.052999 0.034870
0 0.715946 0.342399 0.040911 0.034863
0 0.728032 0.396790 0.053928 0.037656
0 0.732682 0.430964 0.053932 0.039049
0 0.743841 0.475592 0.055790 0.041836
0 0.752674 0.511855 0.060434 0.039049
0 0.762901 0.552998 0.064154 0.043236
0 0.779638 0.595537 0.069735 0.044629
0 0.787539 0.638076 0.065087 0.046022
0 0.805206 0.730824 0.070664 0.055788
0 0.827986 0.786611 0.080894 0.053001
0 0.825662 0.842399 0.063225 0.050215
0 0.855414 0.910039 0.070664 0.048815
0 0.872153 0.974896 0.072526 0.050208
