0 0.415156 0.504186 0.058576 0.034870
0 0.415621 0.538353 0.048351 0.039049
0 0.418876 0.580892 0.058576 0.040443
0 0.415621 0.622035 0.065087 0.041842
0 0.411437 0.665970 0.069731 0.046029
0 0.414227 0.713392 0.066016 0.048815
0 0.420734 0.764993 0.058576 0.051602
0 0.416552 0.831240 0.061367 0.053001
0 0.407253 0.903766 0.076241 0.055788
0 0.407253 0.966527 0.065087 0.058574
0 0.488145 0.465133 0.037192 0.071126
0 0.602511 0.253838 0.039049 0.030684
0 0.616458 0.313112 0.040911 0.034870
0 0.595072 0.384238 0.055786 0.034870
0 0.602975 0.415622 0.054857 0.033470
0 0.612272 0.445605 0.054857 0.037656
0 0.560204 0.505579 0.060434 0.040443
0 0.567177 0.548815 0.053928 0.037656
0 0.570898 0.589958 0.065087 0.041842
0 0.572756 0.634590 0.063229 0.047422
0 0.580195 0.680615 0.052066 0.044629
0 0.586239 0.735007 0.067878 0.050208
0 0.588099 0.788005 0.077170 0.053001
0 0.593212 0.845189 0.072526 0.050208
0 0.583448 0.905160 0.071593 0.058574
0 0.601115 0.973499 0.079036 0.053001
0 0.621107 0.479779 0.052066 0.036263
0 0.624360 0.513945 0.047418 0.034870
0 0.630870 0.549512 0.060438 0.041836
0 0.636914 0.587868 0.055790 0.043236
0 0.641096 0.635983 0.062296 0.044635
0 0.649466 0.684798 0.067873 0.047422
0 0.657834 0.735007 0.058576 0.044635
0 0.667131 0.788704 0.066016 0.048815
0 0.676430 0.845885 0.071593 0.051602
0 0.673641 0.909342 0.080894 0.061367
0 0.682472 0.978382 0.061367 0.043236
0 0.727103 0.386331 0.059510 0.030684
0 0.730358 0.414922 0.060438 0.034870
0 0.739657 0.447002 0.058576 0.034863
0 0.748025 0.481868 0.058576 0.037656
0 0.754533 0.515342 0.060438 0.040449
0 0.767086 0.552998 0.050213 0.040449
0 0.775454 0.594840 0.070664 0.043236
0 0.790330 0.640169 0.068802 0.047422
0 0.810786 0.688285 0.063229 0.046022
0 0.811714 0.740586 0.074384 0.052995
0 0.833566 0.794284 0.067878 0.048815
0 0.844722 0.849372 0.080894 0.053001
0 0.854950 0.910739 0.071593 0.053001
0 0.878197 0.972106 0.092053 0.053001
