0 0.336124 0.603206 0.056719 0.046022
0 0.347745 0.762900 0.078103 0.053001
0 0.321710 0.831240 0.079965 0.053001
0 0.407253 0.967227 0.066944 0.059974
0 0.408181 0.904463 0.079965 0.054395
0 0.415156 0.829847 0.064158 0.053001
0 0.421200 0.767083 0.061367 0.047422
0 0.414225 0.711995 0.067878 0.051608
0 0.412365 0.660391 0.067873 0.048815
0 0.416085 0.620641 0.064158 0.047415
0 0.420269 0.579499 0.057648 0.040443
0 0.417945 0.539053 0.045560 0.040449
0 0.414690 0.503486 0.061367 0.039056
0 0.413296 0.460947 0.062296 0.046022
0 0.417014 0.426781 0.058576 0.041842
0 0.532311 0.378662 0.054857 0.040449
0 0.543468 0.419108 0.043698 0.037656
0 0.558346 0.471410 0.049280 0.039056
0 0.558809 0.505579 0.061367 0.040443
0 0.568108 0.549512 0.052066 0.041836
0 0.572292 0.635286 0.064158 0.046029
0 0.584379 0.735007 0.066016 0.050208
0 0.586239 0.787308 0.073451 0.051608
0 0.592283 0.843792 0.066944 0.053001
0 0.582984 0.907253 0.072522 0.054388
0 0.601580 0.972803 0.079965 0.054395
0 0.595072 0.209902 0.039049 0.034870
0 0.604835 0.253838 0.038125 0.030684
0 0.604371 0.280335 0.046493 0.030684
0 0.610412 0.310322 0.039983 0.029290
0 0.613203 0.354251 0.049280 0.036263
0 0.596467 0.386335 0.056719 0.036263
0 0.607159 0.414922 0.053928 0.034870
0 0.614134 0.449095 0.052999 0.039049
0 0.631335 0.549512 0.055786 0.039049
0 0.637843 0.588564 0.055790 0.047415
0 0.642491 0.636680 0.063229 0.046029
0 0.651324 0.682705 0.064158 0.051608
0 0.659227 0.735007 0.059505 0.047422
0 0.668526 0.788005 0.063225 0.053001
0 0.678754 0.844489 0.066944 0.054395
0 0.673641 0.903066 0.082752 0.059974
0 0.682474 0.978382 0.059505 0.043236
0 0.678290 0.216178 0.043698 0.033477
0 0.684798 0.263597 0.038121 0.030684
0 0.703859 0.279639 0.039054 0.029290
0 0.708043 0.305439 0.049280 0.033470
0 0.716875 0.329847 0.048351 0.032077
0 0.716413 0.357044 0.045560 0.033477
0 0.729427 0.385635 0.056719 0.032077
0 0.730358 0.415618 0.058581 0.036263
0 0.741981 0.449095 0.055786 0.039049
0 0.754067 0.517432 0.057648 0.041842
0 0.768481 0.552998 0.051137 0.043236
0 0.776847 0.591354 0.069735 0.047422
0 0.790794 0.640866 0.066016 0.048815
0 0.806137 0.686888 0.063229 0.051602
0 0.812179 0.741283 0.073455 0.054388
0 0.833101 0.793584 0.065082 0.050215
0 0.846120 0.847282 0.081823 0.054395
0 0.853092 0.908646 0.071593 0.062760
0 0.880521 0.972106 0.091120 0.055788
