0 0.394236 0.371689 0.050208 0.032077
0 0.403069 0.398187 0.054861 0.040449
0 0.405393 0.434450 0.055786 0.040449
0 0.407253 0.505579 0.057648 0.037656
0 0.404464 0.545329 0.063225 0.044629
0 0.398885 0.582985 0.052066 0.047415
0 0.394234 0.628314 0.061367 0.046029
0 0.395632 0.680612 0.069735 0.050208
0 0.390050 0.729427 0.071593 0.058581
0 0.398420 0.782425 0.056719 0.044629
0 0.400742 0.844489 0.081823 0.054395
0 0.543003 0.444212 0.052066 0.040443
0 0.550443 0.481172 0.055790 0.039049
0 0.562995 0.515342 0.058576 0.040449
0 0.556949 0.553001 0.050208 0.037656
0 0.558344 0.596234 0.054857 0.043236
0 0.555556 0.636680 0.049280 0.040443
0 0.560671 0.684102 0.063225 0.048815
0 0.566248 0.735007 0.072522 0.050208
0 0.577871 0.783125 0.054857 0.048815
0 0.582986 0.843096 0.074384 0.054395
0 0.581591 0.908649 0.071593 0.054395
0 0.585775 0.970713 0.068806 0.055788
0 0.596467 0.307533 0.039983 0.037656
0 0.604835 0.368900 0.041840 0.037656
0 0.609484 0.407952 0.056719 0.043236
0 0.601580 0.441423 0.048351 0.040449
0 0.613203 0.476989 0.052995 0.041842
0 0.624824 0.509066 0.044631 0.041842
0 0.627151 0.550908 0.060438 0.044629
0 0.631335 0.597630 0.066949 0.046029
0 0.639703 0.638773 0.061367 0.044629
0 0.631335 0.685495 0.063225 0.046029
0 0.642027 0.731520 0.062300 0.048809
0 0.649466 0.781729 0.058576 0.054395
0 0.660625 0.847282 0.066016 0.054395
0 0.668062 0.910039 0.060438 0.048815
0 0.666667 0.978382 0.061363 0.043236
0 0.696419 0.271966 0.048351 0.033477
0 0.708974 0.320081 0.052999 0.029290
0 0.716875 0.341006 0.040911 0.029290
0 0.721523 0.368200 0.048351 0.033470
0 0.727103 0.397487 0.055786 0.036263
0 0.733613 0.431660 0.053928 0.034870
0 0.744770 0.478382 0.057648 0.039056
0 0.752207 0.513949 0.061367 0.040449
0 0.762901 0.550908 0.060438 0.044629
0 0.779635 0.598327 0.066016 0.041836
0 0.787077 0.637376 0.062296 0.047422
0 0.802418 0.682708 0.061363 0.048815
0 0.806137 0.730127 0.072526 0.054395
0 0.828453 0.787308 0.078103 0.051608
0 0.826591 0.844492 0.061367 0.046029
0 0.853092 0.911439 0.069735 0.048815
0 0.871688 0.975592 0.075313 0.048815
