0 0.394234 0.373779 0.052070 0.039056
0 0.405859 0.433750 0.056719 0.039049
0 0.400744 0.467223 0.063225 0.044629
0 0.405859 0.506276 0.058576 0.041836
0 0.403997 0.544632 0.064158 0.043236
0 0.399813 0.584378 0.050208 0.044629
0 0.393770 0.626917 0.060438 0.046022
0 0.394234 0.683405 0.068806 0.047422
0 0.389121 0.728730 0.069735 0.054388
0 0.398885 0.783125 0.057648 0.051602
0 0.398420 0.843096 0.080894 0.059967
0 0.548116 0.377266 0.041840 0.034870
0 0.546257 0.411439 0.054857 0.036263
0 0.543468 0.445605 0.054861 0.040443
0 0.549047 0.482565 0.056714 0.036263
0 0.562064 0.514645 0.058581 0.041842
0 0.555556 0.552998 0.052995 0.040449
0 0.558344 0.596234 0.052999 0.043236
0 0.554627 0.638773 0.051137 0.041842
0 0.560204 0.684798 0.067873 0.047422
0 0.565317 0.736403 0.074384 0.053001
0 0.578802 0.785215 0.058576 0.052995
0 0.582986 0.844489 0.074384 0.054395
0 0.580195 0.907949 0.070668 0.058581
0 0.587168 0.970013 0.071593 0.059974
0 0.575082 0.174339 0.041840 0.033470
0 0.596931 0.308229 0.039054 0.033477
0 0.597398 0.337520 0.052999 0.039049
0 0.604371 0.369596 0.040911 0.039049
0 0.609484 0.409346 0.060434 0.043236
0 0.603442 0.443516 0.048351 0.036263
0 0.613203 0.477682 0.054861 0.037656
0 0.622967 0.511156 0.044631 0.043236
0 0.625755 0.550908 0.057648 0.044629
0 0.630868 0.597627 0.066016 0.043236
0 0.638774 0.639473 0.063225 0.048815
0 0.631801 0.686191 0.066016 0.047422
0 0.640167 0.731520 0.060438 0.048809
0 0.649000 0.781729 0.059510 0.051608
0 0.660158 0.849372 0.066949 0.053001
0 0.667598 0.910739 0.063225 0.053001
0 0.665736 0.977686 0.061367 0.044629
0 0.689447 0.250348 0.041845 0.029290
0 0.694095 0.273363 0.043702 0.027897
0 0.706183 0.291494 0.039978 0.033470
0 0.707578 0.320081 0.052066 0.032077
0 0.714551 0.341006 0.039978 0.032077
0 0.720130 0.368896 0.045564 0.032077
0 0.727567 0.399583 0.052999 0.034870
0 0.731751 0.430964 0.053928 0.036263
0 0.743841 0.477686 0.055790 0.034863
0 0.750349 0.511855 0.059510 0.039049
0 0.762901 0.552998 0.062296 0.040449
0 0.778242 0.599023 0.068802 0.046029
0 0.785681 0.638076 0.063229 0.046022
0 0.801487 0.683405 0.063225 0.050208
0 0.804277 0.731520 0.070664 0.048809
0 0.826591 0.785911 0.078103 0.051602
0 0.825197 0.845189 0.060438 0.050208
0 0.852164 0.911436 0.069735 0.051608
0 0.871222 0.974896 0.078103 0.050208
