0 0.393305 0.374479 0.055786 0.037656
0 0.405393 0.433753 0.053928 0.041842
0 0.402140 0.471410 0.064158 0.044629
0 0.405859 0.509066 0.056719 0.036257
0 0.402604 0.546025 0.065087 0.040449
0 0.397491 0.585775 0.049280 0.039049
0 0.392376 0.626917 0.061367 0.046022
0 0.393305 0.685495 0.070664 0.048815
0 0.389586 0.735703 0.072522 0.048815
0 0.397954 0.785215 0.053928 0.050208
0 0.396560 0.846582 0.079032 0.052995
0 0.546259 0.377266 0.041840 0.034870
0 0.544863 0.411439 0.053928 0.036263
0 0.542539 0.444909 0.051137 0.036263
0 0.549512 0.481868 0.055786 0.037656
0 0.563457 0.515342 0.053928 0.040449
0 0.556020 0.553695 0.052066 0.044629
0 0.556487 0.595537 0.054857 0.041842
0 0.555091 0.635983 0.050208 0.041836
0 0.559275 0.686195 0.064158 0.044629
0 0.565783 0.734310 0.069735 0.054388
0 0.578800 0.785911 0.054857 0.048815
0 0.582055 0.846585 0.070664 0.055788
0 0.580660 0.905856 0.067873 0.057181
0 0.587168 0.968620 0.069735 0.059974
0 0.576011 0.173639 0.043698 0.034870
0 0.598327 0.307533 0.036263 0.037656
0 0.596467 0.334730 0.052995 0.041842
0 0.603442 0.370293 0.040911 0.037656
0 0.608090 0.408646 0.055790 0.039049
0 0.602044 0.443516 0.049280 0.039049
0 0.611343 0.476289 0.052999 0.037656
0 0.622038 0.509066 0.044631 0.041842
0 0.625291 0.549512 0.058576 0.044635
0 0.630870 0.599023 0.067878 0.046029
0 0.640167 0.638773 0.064154 0.050215
0 0.630406 0.684798 0.061367 0.044635
0 0.642027 0.728034 0.058576 0.047422
0 0.649000 0.782425 0.061367 0.053001
0 0.660625 0.847279 0.066016 0.048815
0 0.667598 0.910039 0.061367 0.048815
0 0.667133 0.975592 0.062296 0.046029
0 0.689447 0.248258 0.041845 0.030684
0 0.695026 0.269873 0.047422 0.032077
0 0.706183 0.292887 0.038121 0.036257
0 0.707578 0.317295 0.048351 0.034863
0 0.714086 0.339609 0.040907 0.029284
0 0.721990 0.368900 0.047418 0.034870
0 0.726638 0.396790 0.052999 0.037656
0 0.732218 0.428870 0.051137 0.037663
0 0.743841 0.479779 0.055790 0.039049
0 0.750814 0.513945 0.058581 0.037656
0 0.761042 0.551605 0.060434 0.043236
0 0.777313 0.597630 0.066944 0.046029
0 0.788006 0.638076 0.062296 0.046022
0 0.801022 0.685495 0.060438 0.046029
0 0.805206 0.731520 0.072522 0.046022
0 0.828917 0.789401 0.079032 0.052995
0 0.824269 0.843796 0.060438 0.050208
0 0.854021 0.911436 0.067878 0.046022
0 0.874013 0.974896 0.078103 0.044635
