0 0.394234 0.372383 0.052070 0.036263
0 0.404928 0.437240 0.056714 0.040443
0 0.405395 0.504183 0.057648 0.043236
0 0.403997 0.544632 0.066016 0.043236
0 0.397491 0.584378 0.049280 0.041842
0 0.393305 0.627617 0.063225 0.050208
0 0.395165 0.681312 0.068802 0.046022
0 0.390050 0.728034 0.069735 0.058581
0 0.397954 0.783125 0.055786 0.051602
0 0.399349 0.844489 0.080894 0.057181
0 0.546723 0.377962 0.042769 0.039049
0 0.545328 0.411439 0.054857 0.036263
0 0.543468 0.444909 0.051137 0.039049
0 0.549976 0.481172 0.054857 0.039049
0 0.562995 0.513949 0.058576 0.043236
0 0.556484 0.555788 0.051137 0.040443
0 0.557415 0.593447 0.054857 0.043236
0 0.554627 0.637376 0.049280 0.047422
0 0.559740 0.684798 0.065087 0.047422
0 0.564852 0.735703 0.073455 0.051602
0 0.577871 0.784518 0.058581 0.051602
0 0.582520 0.842399 0.073451 0.053001
0 0.578800 0.905160 0.067878 0.058574
0 0.585775 0.970013 0.070664 0.059974
0 0.575082 0.172943 0.041840 0.033477
0 0.596934 0.306833 0.037192 0.033470
0 0.596000 0.336123 0.053928 0.041842
0 0.604371 0.369596 0.040911 0.039049
0 0.608555 0.407949 0.058576 0.040443
0 0.602046 0.442819 0.051141 0.037656
0 0.612739 0.478382 0.055790 0.036257
0 0.622502 0.510459 0.045560 0.041842
0 0.626220 0.552301 0.058576 0.041842
0 0.630870 0.598327 0.069735 0.044635
0 0.639703 0.639469 0.063225 0.046022
0 0.632730 0.686191 0.066016 0.047422
0 0.640167 0.729427 0.060438 0.047422
0 0.648535 0.782425 0.060438 0.053001
0 0.659230 0.849372 0.063225 0.053001
0 0.666667 0.911436 0.061363 0.051608
0 0.665273 0.978382 0.056719 0.043236
0 0.688051 0.248255 0.039054 0.027891
0 0.695024 0.272663 0.045560 0.034870
0 0.707578 0.317992 0.050208 0.030684
0 0.715017 0.341702 0.040911 0.030684
0 0.720130 0.368200 0.047422 0.033470
0 0.727103 0.398187 0.053928 0.032077
0 0.732682 0.430267 0.052066 0.034870
0 0.741979 0.476986 0.057648 0.036263
0 0.749418 0.511159 0.059505 0.040443
0 0.761506 0.551605 0.057648 0.040449
0 0.777313 0.596930 0.066944 0.041842
0 0.786146 0.637380 0.062300 0.041842
0 0.801951 0.682008 0.062296 0.047415
0 0.803811 0.730124 0.073455 0.048815
0 0.827986 0.785915 0.080894 0.054395
0 0.826593 0.843796 0.059505 0.047422
0 0.852164 0.911436 0.069735 0.051608
0 0.872617 0.975592 0.073455 0.048815
