0 0.395165 0.373079 0.055790 0.037656
0 0.408181 0.434447 0.055790 0.037656
0 0.404462 0.469316 0.065087 0.048815
0 0.404462 0.543936 0.065087 0.044629
0 0.398885 0.584378 0.048351 0.044629
0 0.393305 0.629010 0.061367 0.044635
0 0.394701 0.682008 0.067873 0.044629
0 0.391912 0.732217 0.071593 0.053001
0 0.397956 0.782425 0.057648 0.053001
0 0.399349 0.843792 0.080894 0.058574
0 0.549047 0.376569 0.039978 0.036263
0 0.548118 0.412832 0.060438 0.039049
0 0.543003 0.446302 0.048351 0.039049
0 0.550443 0.481868 0.055790 0.037656
0 0.563459 0.517435 0.059505 0.039049
0 0.556951 0.554395 0.052070 0.040443
0 0.559740 0.596234 0.055790 0.046022
0 0.561599 0.684102 0.065082 0.046029
0 0.565783 0.737796 0.071593 0.050215
0 0.580660 0.783822 0.054861 0.050208
0 0.582984 0.844489 0.068806 0.054395
0 0.581589 0.907949 0.073455 0.061367
0 0.588563 0.972106 0.068802 0.055788
0 0.596003 0.245465 0.035330 0.033470
0 0.599720 0.269180 0.044631 0.036263
0 0.598791 0.297070 0.048346 0.033477
0 0.597860 0.336123 0.050208 0.039056
0 0.605764 0.370293 0.039983 0.037656
0 0.609484 0.408649 0.058576 0.041842
0 0.612739 0.476989 0.050208 0.041842
0 0.631801 0.599723 0.066016 0.044629
0 0.639703 0.641563 0.063225 0.050208
0 0.631801 0.686888 0.066016 0.048815
0 0.643422 0.732220 0.061367 0.050208
0 0.649931 0.783125 0.059505 0.051602
0 0.660623 0.849372 0.060438 0.055788
0 0.667133 0.912829 0.062296 0.054395
0 0.667131 0.979775 0.064158 0.040449
0 0.689911 0.248955 0.039049 0.029290
0 0.695490 0.271969 0.046493 0.030684
0 0.708043 0.291491 0.039983 0.036263
0 0.708507 0.320778 0.050208 0.030684
0 0.717804 0.346582 0.040911 0.037656
0 0.729429 0.400280 0.054857 0.036263
0 0.733147 0.430267 0.056719 0.034870
0 0.744770 0.479079 0.055790 0.034863
0 0.750814 0.513949 0.058581 0.040449
0 0.763366 0.552998 0.059510 0.040449
0 0.777778 0.599023 0.064158 0.046029
0 0.788470 0.635983 0.063225 0.044635
0 0.805671 0.731520 0.071593 0.048809
0 0.828917 0.787308 0.080890 0.057181
0 0.825197 0.843796 0.064154 0.050208
0 0.854021 0.911439 0.069735 0.048815
0 0.874013 0.976989 0.072522 0.046022
