0 0.395632 0.631800 0.062296 0.044629
0 0.392841 0.674339 0.052999 0.046022
0 0.386797 0.723151 0.053932 0.048815
0 0.382613 0.773363 0.073455 0.054395
0 0.377033 0.837520 0.060438 0.048815
0 0.375640 0.903066 0.078103 0.059974
0 0.550907 0.664574 0.067873 0.051608
0 0.557413 0.719668 0.066016 0.050208
0 0.560668 0.783822 0.072526 0.058581
0 0.573223 0.841702 0.067878 0.051608
0 0.581126 0.907253 0.068806 0.057188
0 0.578336 0.972803 0.085543 0.054395
0 0.582520 0.169456 0.041845 0.032077
0 0.595538 0.270573 0.049280 0.039049
0 0.601115 0.359831 0.049280 0.039049
0 0.606695 0.442122 0.043702 0.036263
0 0.608088 0.473499 0.046489 0.040449
0 0.613668 0.527894 0.065087 0.046022
0 0.619245 0.573919 0.057648 0.046029
0 0.623895 0.626221 0.061367 0.044629
0 0.628082 0.678522 0.066016 0.051602
0 0.629475 0.728034 0.066944 0.052995
0 0.639703 0.789401 0.066949 0.052995
0 0.652721 0.850072 0.057648 0.051602
0 0.655974 0.915622 0.060438 0.051608
0 0.662949 0.976289 0.061367 0.047422
0 0.710367 0.306139 0.052070 0.037656
0 0.716875 0.356344 0.048351 0.043236
0 0.721523 0.397487 0.048351 0.036263
0 0.735473 0.428171 0.057648 0.036263
0 0.741053 0.464437 0.053928 0.041842
0 0.764761 0.525107 0.058576 0.043236
0 0.785215 0.569040 0.060438 0.044629
0 0.800558 0.615758 0.065082 0.046022
0 0.811250 0.671549 0.071597 0.048815
0 0.826593 0.723851 0.076241 0.053001
0 0.841934 0.844489 0.067878 0.054395
0 0.859601 0.903766 0.071597 0.053001
0 0.867969 0.968620 0.082752 0.062760
