0 0.309158 0.846585 0.075312 0.055788
0 0.417480 0.375869 0.055786 0.043236
0 0.407717 0.438633 0.043698 0.037656
0 0.397489 0.470713 0.045560 0.043236
0 0.402140 0.509066 0.058576 0.039056
0 0.404462 0.543936 0.050208 0.044629
0 0.402140 0.588564 0.064158 0.041842
0 0.396558 0.635983 0.066016 0.047422
0 0.393305 0.681312 0.053928 0.046022
0 0.394701 0.728730 0.060434 0.048815
0 0.395165 0.785911 0.072526 0.048815
0 0.399813 0.850068 0.063229 0.054395
0 0.532309 0.378659 0.049280 0.037656
0 0.535566 0.412832 0.053928 0.036263
0 0.532776 0.440726 0.053928 0.039056
0 0.540679 0.476986 0.054857 0.039049
0 0.529985 0.510459 0.063225 0.044629
0 0.549514 0.548815 0.057648 0.040443
0 0.549045 0.589958 0.066016 0.039056
0 0.553231 0.631104 0.066949 0.046022
0 0.560204 0.677826 0.054861 0.050208
0 0.563924 0.724548 0.058576 0.051608
0 0.565783 0.778242 0.054857 0.050208
0 0.568572 0.838913 0.071597 0.051602
0 0.573687 0.902370 0.076246 0.052995
0 0.584379 0.972803 0.088333 0.054395
0 0.603442 0.447002 0.057648 0.043236
0 0.606230 0.506973 0.063225 0.046029
0 0.617387 0.549512 0.055790 0.044635
0 0.622964 0.589958 0.057648 0.047415
0 0.627615 0.633893 0.063225 0.048815
0 0.632730 0.675732 0.056719 0.046022
0 0.642493 0.732217 0.053928 0.041842
0 0.647140 0.786608 0.065087 0.050208
0 0.652255 0.840309 0.073451 0.054395
0 0.664342 0.904463 0.077174 0.057181
0 0.678288 0.970713 0.077174 0.055788
0 0.690840 0.242679 0.037192 0.033470
0 0.700139 0.313809 0.048351 0.033477
0 0.715946 0.361227 0.059505 0.036257
0 0.725245 0.389818 0.046489 0.037656
0 0.733147 0.421898 0.056719 0.034863
0 0.737795 0.451185 0.051137 0.034870
0 0.747559 0.483962 0.059510 0.039056
0 0.751743 0.519525 0.054857 0.037656
0 0.761042 0.555091 0.058576 0.041836
0 0.769876 0.593447 0.061367 0.043236
0 0.785681 0.635283 0.072526 0.043236
0 0.797305 0.681312 0.073455 0.046022
0 0.809390 0.729427 0.064154 0.050208
0 0.818687 0.781032 0.069735 0.050215
0 0.831706 0.838913 0.067873 0.048815
0 0.844260 0.896097 0.078103 0.057181
0 0.852628 0.969316 0.085543 0.058581
