0 0.393770 0.373079 0.052999 0.037656
0 0.406788 0.433053 0.060434 0.034870
0 0.404928 0.469316 0.067878 0.046029
0 0.403997 0.543932 0.066016 0.039049
0 0.397954 0.580892 0.053928 0.046029
0 0.395632 0.626921 0.062296 0.048815
0 0.392374 0.681312 0.065087 0.046022
0 0.392376 0.732217 0.076246 0.053001
0 0.398418 0.783125 0.060438 0.048815
0 0.396558 0.843096 0.082752 0.057181
0 0.529987 0.341003 0.050208 0.034870
0 0.546721 0.375872 0.044631 0.040443
0 0.545792 0.410739 0.055786 0.040449
0 0.543468 0.444212 0.051137 0.037656
0 0.550907 0.479079 0.056719 0.040449
0 0.562530 0.514645 0.057648 0.039056
0 0.556484 0.552998 0.051137 0.040449
0 0.556951 0.594840 0.059510 0.046022
0 0.560671 0.684798 0.068806 0.047422
0 0.567179 0.739193 0.072526 0.050208
0 0.581591 0.784518 0.052999 0.054388
0 0.582986 0.844492 0.074384 0.051602
0 0.583451 0.903066 0.067873 0.062760
0 0.589492 0.968620 0.074384 0.057187
0 0.595538 0.237796 0.034401 0.034863
0 0.598791 0.268480 0.046489 0.037663
0 0.597862 0.294980 0.046489 0.037656
0 0.599720 0.336823 0.053928 0.037656
0 0.605299 0.368203 0.039054 0.036263
0 0.609019 0.407253 0.057648 0.047422
0 0.602975 0.442122 0.045560 0.036263
0 0.612737 0.477686 0.053928 0.040449
0 0.626684 0.547419 0.057648 0.046022
0 0.631335 0.596934 0.066949 0.047422
0 0.639238 0.641563 0.062296 0.047422
0 0.632266 0.683405 0.066944 0.047422
0 0.640632 0.726641 0.061367 0.047422
0 0.645280 0.781729 0.061367 0.054395
0 0.661089 0.846585 0.065087 0.055788
0 0.667131 0.909342 0.067873 0.050208
0 0.670386 0.976989 0.065087 0.046022
0 0.690378 0.247559 0.041840 0.026497
0 0.695490 0.271270 0.048351 0.032083
0 0.705254 0.287311 0.038121 0.025104
0 0.707114 0.317295 0.049280 0.029290
0 0.716411 0.342399 0.041840 0.034863
0 0.727567 0.397487 0.052999 0.036263
0 0.731751 0.428174 0.052070 0.033470
0 0.744306 0.479079 0.054861 0.034863
0 0.749418 0.511855 0.059505 0.041836
0 0.761973 0.550908 0.062296 0.044629
0 0.778707 0.594840 0.067873 0.046022
0 0.786146 0.635983 0.064158 0.044635
0 0.806602 0.725944 0.067873 0.048815
0 0.827988 0.786611 0.079032 0.053001
0 0.827524 0.841702 0.061367 0.046022
0 0.853092 0.910739 0.069735 0.047415
0 0.873082 0.974199 0.074384 0.048815
