0 0.333798 0.603206 0.055790 0.046022
0 0.345421 0.761507 0.079036 0.053001
0 0.323105 0.827057 0.075317 0.058581
0 0.416552 0.426081 0.061367 0.040443
0 0.413761 0.458158 0.061367 0.046029
0 0.414225 0.499300 0.054857 0.041842
0 0.416549 0.534867 0.048351 0.040449
0 0.420271 0.578802 0.053928 0.039049
0 0.415621 0.616458 0.063229 0.050208
0 0.413761 0.662480 0.068806 0.050208
0 0.415621 0.710599 0.066944 0.051602
0 0.420269 0.763597 0.057648 0.054395
0 0.417016 0.829847 0.062296 0.055788
0 0.407717 0.903066 0.075313 0.062760
0 0.409112 0.966527 0.065082 0.058574
0 0.530916 0.378662 0.053932 0.040449
0 0.558809 0.469316 0.044631 0.040443
0 0.560204 0.502790 0.060434 0.043236
0 0.566248 0.546025 0.050213 0.046022
0 0.572292 0.631800 0.066016 0.047415
0 0.587168 0.731520 0.064154 0.054395
0 0.587635 0.786611 0.074384 0.053001
0 0.591819 0.843096 0.071597 0.054395
0 0.583451 0.902370 0.067873 0.064154
0 0.602511 0.970713 0.078103 0.058574
0 0.592747 0.209902 0.036259 0.032083
0 0.602044 0.250352 0.039983 0.037656
0 0.602511 0.277546 0.046489 0.033477
0 0.610879 0.305439 0.037192 0.039056
0 0.612737 0.354251 0.053928 0.036263
0 0.595536 0.383542 0.054857 0.039049
0 0.605766 0.413529 0.054857 0.034870
0 0.615527 0.446999 0.053928 0.037656
0 0.630404 0.546025 0.057648 0.043236
0 0.637843 0.585078 0.057648 0.046029
0 0.642958 0.636680 0.062296 0.046029
0 0.651324 0.680615 0.066016 0.053001
0 0.659230 0.731520 0.061367 0.051608
0 0.669455 0.788704 0.063225 0.051602
0 0.676430 0.843096 0.071593 0.051608
0 0.673641 0.903066 0.080894 0.062760
0 0.683869 0.976989 0.062296 0.046022
0 0.677823 0.215482 0.046489 0.029284
0 0.685727 0.237796 0.045560 0.029290
0 0.684798 0.258717 0.036263 0.029284
0 0.701999 0.277542 0.039049 0.030684
0 0.704323 0.302650 0.051137 0.033477
0 0.717806 0.327057 0.050213 0.029284
0 0.715946 0.352858 0.046493 0.033477
0 0.726174 0.383542 0.052070 0.033477
0 0.730822 0.412135 0.059510 0.034870
0 0.739191 0.444212 0.053928 0.037656
0 0.750349 0.477682 0.055786 0.037656
0 0.754067 0.512552 0.059505 0.046029
0 0.767086 0.550908 0.050213 0.044629
0 0.774989 0.594141 0.069735 0.047422
0 0.789399 0.639469 0.070664 0.051608
0 0.814041 0.739189 0.073455 0.053001
0 0.832172 0.789401 0.063225 0.047422
0 0.845653 0.848675 0.077174 0.057181
0 0.853557 0.905859 0.070664 0.059974
0 0.879592 0.969316 0.089262 0.061367
