0 0.408184 0.390518 0.053928 0.041842
0 0.417014 0.427474 0.058576 0.037656
0 0.413761 0.458854 0.061367 0.047422
0 0.413763 0.498604 0.057648 0.043236
0 0.416085 0.537660 0.047422 0.043236
0 0.418411 0.578102 0.057648 0.043236
0 0.415156 0.621341 0.064158 0.048815
0 0.411901 0.663877 0.066944 0.050215
0 0.413761 0.710599 0.066949 0.051602
0 0.419340 0.764993 0.057648 0.051602
0 0.415621 0.830544 0.061363 0.054395
0 0.407250 0.903066 0.078103 0.059974
0 0.407253 0.966527 0.065087 0.058574
0 0.549512 0.433053 0.052070 0.037656
0 0.556022 0.470013 0.044631 0.036263
0 0.560204 0.506973 0.058576 0.040443
0 0.565319 0.547419 0.052070 0.040449
0 0.570432 0.588564 0.064154 0.047415
0 0.570432 0.634590 0.064154 0.047422
0 0.579264 0.679915 0.053928 0.046029
0 0.583915 0.732217 0.066944 0.053001
0 0.586239 0.788008 0.071593 0.050208
0 0.590888 0.844489 0.069735 0.054395
0 0.582984 0.907253 0.068806 0.057188
0 0.600184 0.972106 0.079032 0.055788
0 0.595536 0.230127 0.043702 0.027897
0 0.601115 0.251745 0.039983 0.034870
0 0.601115 0.280335 0.047422 0.030684
0 0.615063 0.311019 0.038121 0.033470
0 0.610879 0.353558 0.050213 0.040449
0 0.594143 0.383542 0.055786 0.033477
0 0.602975 0.413529 0.054857 0.034870
0 0.611808 0.444909 0.052070 0.039049
0 0.618783 0.477682 0.051141 0.037656
0 0.624360 0.509066 0.045560 0.036257
0 0.627615 0.547419 0.055786 0.040449
0 0.635985 0.586471 0.057648 0.046029
0 0.641096 0.637380 0.062296 0.044629
0 0.649466 0.682705 0.067873 0.051608
0 0.657834 0.732220 0.060434 0.050208
0 0.666202 0.788008 0.066016 0.050208
0 0.675499 0.843096 0.071597 0.051608
0 0.669922 0.903766 0.080894 0.058574
0 0.681079 0.976289 0.060438 0.047422
0 0.683869 0.239189 0.045560 0.029290
0 0.683405 0.262204 0.037192 0.027897
0 0.702928 0.278242 0.037192 0.029284
0 0.704323 0.304046 0.054861 0.033470
0 0.716877 0.328454 0.052070 0.032077
0 0.714551 0.353555 0.045560 0.034870
0 0.725245 0.383545 0.053928 0.030684
0 0.728498 0.411439 0.058576 0.036263
0 0.738726 0.445605 0.056714 0.034870
0 0.748490 0.479779 0.055790 0.036263
0 0.751743 0.514645 0.060438 0.039056
0 0.765226 0.551605 0.050208 0.043236
0 0.774060 0.592048 0.069735 0.043236
0 0.788934 0.639469 0.067878 0.046022
0 0.809390 0.685495 0.062296 0.048815
0 0.811714 0.739189 0.074384 0.053001
0 0.832637 0.792187 0.067878 0.050208
0 0.844260 0.850765 0.078103 0.055788
0 0.853092 0.910739 0.071593 0.055788
0 0.878197 0.972106 0.088329 0.055788
