0 0.394234 0.373779 0.052070 0.036257
0 0.405393 0.433750 0.053928 0.039049
0 0.401675 0.470016 0.065087 0.044629
0 0.406324 0.505576 0.059505 0.043236
0 0.403997 0.544632 0.066016 0.046022
0 0.398420 0.584378 0.049280 0.044629
0 0.393770 0.629707 0.064154 0.048815
0 0.394698 0.682008 0.069735 0.053001
0 0.390981 0.730127 0.071597 0.057181
0 0.398885 0.783125 0.055790 0.051602
0 0.398885 0.844489 0.076241 0.057181
0 0.388192 0.914922 0.080890 0.061367
0 0.547188 0.376569 0.039983 0.039049
0 0.546723 0.409342 0.055790 0.037656
0 0.543003 0.443516 0.050208 0.039049
0 0.549512 0.481868 0.053928 0.037656
0 0.563924 0.513949 0.060434 0.043236
0 0.555556 0.555091 0.051137 0.039049
0 0.557415 0.594840 0.056714 0.043236
0 0.555091 0.638076 0.050208 0.046022
0 0.558811 0.684798 0.066944 0.047422
0 0.565783 0.737100 0.073451 0.051608
0 0.579266 0.783822 0.057648 0.052995
0 0.582984 0.842399 0.070664 0.055788
0 0.580662 0.906556 0.069735 0.058581
0 0.586704 0.970013 0.068806 0.059974
0 0.575547 0.175732 0.040911 0.030684
0 0.597396 0.294980 0.047422 0.037656
0 0.596003 0.335426 0.052066 0.043236
0 0.603906 0.369596 0.039983 0.039049
0 0.608090 0.407952 0.057648 0.043236
0 0.603442 0.444212 0.048351 0.037656
0 0.612272 0.476986 0.054857 0.036263
0 0.623431 0.509766 0.043702 0.037656
0 0.625755 0.552301 0.057648 0.044629
0 0.629939 0.597630 0.067873 0.048815
0 0.639238 0.640169 0.064154 0.047422
0 0.631335 0.687588 0.065082 0.047415
0 0.640167 0.730824 0.060438 0.047415
0 0.648071 0.784518 0.059510 0.051602
0 0.658763 0.847979 0.064158 0.053001
0 0.667131 0.911436 0.060434 0.054395
0 0.667133 0.978382 0.062296 0.043236
0 0.688516 0.248955 0.041840 0.029290
0 0.695026 0.271270 0.043698 0.029284
0 0.707112 0.291494 0.038121 0.033470
0 0.707578 0.317992 0.052066 0.033470
0 0.714551 0.341702 0.039978 0.033470
0 0.720595 0.366803 0.048351 0.036263
0 0.727567 0.398887 0.052999 0.036263
0 0.733149 0.429570 0.052999 0.036263
0 0.743841 0.478382 0.057648 0.039056
0 0.750814 0.511855 0.056714 0.039049
0 0.763366 0.551605 0.059510 0.043236
0 0.777778 0.599720 0.066016 0.050208
0 0.786146 0.636680 0.062300 0.048815
0 0.802418 0.682705 0.061363 0.051608
0 0.804277 0.729427 0.070664 0.050208
0 0.827988 0.786611 0.079032 0.055788
0 0.825662 0.842399 0.059510 0.050215
0 0.852628 0.910739 0.068806 0.053001
0 0.873546 0.974896 0.075312 0.050208
