0 0.334729 0.604603 0.052070 0.046029
0 0.346814 0.763600 0.074384 0.051602
0 0.324036 0.828454 0.073455 0.055788
0 0.417014 0.428174 0.058576 0.039056
0 0.414225 0.458158 0.062296 0.046029
0 0.416085 0.501396 0.056719 0.043236
0 0.417016 0.537660 0.045560 0.043236
0 0.420734 0.579495 0.058576 0.043236
0 0.416549 0.619945 0.065087 0.046022
0 0.413294 0.663180 0.066016 0.051608
0 0.414692 0.711992 0.065087 0.048815
0 0.421198 0.765690 0.057648 0.052995
0 0.417478 0.829847 0.057648 0.053001
0 0.407717 0.902370 0.077170 0.058581
0 0.408184 0.965133 0.063225 0.058574
0 0.531382 0.378659 0.052999 0.037656
0 0.542539 0.415618 0.041840 0.039049
0 0.558344 0.467227 0.043702 0.039049
0 0.561133 0.504183 0.058576 0.040449
0 0.567177 0.546025 0.052070 0.043236
0 0.573223 0.635286 0.062296 0.046029
0 0.586704 0.733613 0.063225 0.050208
0 0.589028 0.788704 0.075313 0.051602
0 0.593214 0.843792 0.068806 0.053001
0 0.584379 0.905160 0.067873 0.058574
0 0.602511 0.973499 0.076246 0.053001
0 0.594607 0.211299 0.038121 0.032077
0 0.602975 0.251045 0.038121 0.033470
0 0.603442 0.277546 0.048351 0.033477
0 0.609948 0.306836 0.039054 0.036263
0 0.611345 0.354251 0.049280 0.036263
0 0.596000 0.383542 0.053928 0.036263
0 0.605302 0.412832 0.053928 0.036263
0 0.613670 0.447002 0.053928 0.040449
0 0.630404 0.548115 0.057648 0.041842
0 0.636914 0.585775 0.057648 0.044635
0 0.642027 0.635983 0.058576 0.044635
0 0.651324 0.682708 0.066016 0.048815
0 0.657834 0.732217 0.060434 0.047415
0 0.669922 0.788008 0.064158 0.050208
0 0.676430 0.844492 0.071593 0.051602
0 0.670851 0.904463 0.080894 0.059967
0 0.683405 0.975592 0.061367 0.048815
0 0.676895 0.216878 0.042773 0.032077
0 0.685727 0.259414 0.038121 0.033477
0 0.703394 0.278939 0.036259 0.027891
0 0.705718 0.304743 0.053928 0.034863
0 0.717806 0.329847 0.050213 0.032077
0 0.716411 0.354951 0.047422 0.032077
0 0.726174 0.384242 0.055786 0.032077
0 0.729894 0.412135 0.059510 0.034870
0 0.740119 0.444212 0.053928 0.040443
0 0.749418 0.479079 0.055790 0.040449
0 0.753602 0.513949 0.060434 0.040449
0 0.766621 0.549512 0.047418 0.044635
0 0.775454 0.592747 0.070664 0.050208
0 0.790330 0.639469 0.066944 0.051608
0 0.813574 0.737796 0.070664 0.053001
0 0.834032 0.791491 0.065087 0.051602
0 0.845653 0.849372 0.075317 0.055788
0 0.854486 0.909346 0.070664 0.053001
0 0.879125 0.972803 0.088329 0.054395
