0 0.075779 0.972803 0.095768 0.054395
0 0.405857 0.435146 0.054857 0.041842
0 0.392841 0.628314 0.064154 0.046029
0 0.393770 0.679915 0.067878 0.048815
0 0.390516 0.730127 0.072526 0.054395
0 0.397956 0.782428 0.057648 0.050208
0 0.399349 0.843096 0.082752 0.057181
0 0.556949 0.553695 0.050208 0.041842
0 0.556951 0.594840 0.055786 0.043236
0 0.554627 0.637380 0.051137 0.044629
0 0.559275 0.684798 0.066016 0.047422
0 0.564852 0.737100 0.073455 0.051608
0 0.580195 0.783822 0.057648 0.050208
0 0.582520 0.844489 0.073451 0.054395
0 0.579264 0.906556 0.068806 0.058581
0 0.585310 0.970013 0.071593 0.059974
0 0.596003 0.308229 0.039054 0.039049
0 0.602511 0.442816 0.052070 0.040449
0 0.611808 0.477686 0.053928 0.040449
0 0.622967 0.510462 0.046489 0.039049
0 0.626686 0.550908 0.055786 0.044629
0 0.631335 0.597630 0.066949 0.046029
0 0.638772 0.638773 0.065087 0.047415
0 0.631335 0.686191 0.065082 0.047422
0 0.641562 0.731520 0.059505 0.048809
0 0.649002 0.783822 0.057648 0.052995
0 0.660623 0.848675 0.064154 0.051608
0 0.667133 0.911436 0.062296 0.051608
0 0.666667 0.978382 0.061363 0.043236
0 0.715946 0.341702 0.040911 0.033470
0 0.721059 0.368900 0.047422 0.034870
0 0.728032 0.399583 0.053928 0.034870
0 0.732682 0.430964 0.055790 0.036263
0 0.743377 0.477682 0.058576 0.037656
0 0.750814 0.513249 0.058581 0.039049
0 0.762901 0.553695 0.058581 0.041842
0 0.778242 0.598327 0.065087 0.044635
0 0.786146 0.638773 0.064158 0.047415
0 0.803349 0.684798 0.061367 0.047422
0 0.802884 0.730820 0.069735 0.050208
0 0.828453 0.787308 0.078103 0.054395
0 0.824733 0.843792 0.061367 0.044629
0 0.852628 0.912135 0.070664 0.050208
0 0.873082 0.973499 0.076241 0.053001
