0 0.406324 0.437240 0.057648 0.040443
0 0.388190 0.730820 0.073455 0.050208
0 0.400278 0.785215 0.058576 0.047422
0 0.399813 0.845186 0.081823 0.055788
0 0.559275 0.686195 0.067873 0.044629
0 0.565319 0.739193 0.072522 0.050208
0 0.579731 0.787308 0.058576 0.048809
0 0.583451 0.845186 0.075312 0.055788
0 0.580660 0.908646 0.071597 0.059974
0 0.586704 0.970713 0.070664 0.058574
0 0.630404 0.601813 0.066944 0.046022
0 0.639703 0.641563 0.065082 0.044635
0 0.632266 0.687585 0.065087 0.050208
0 0.640632 0.732917 0.059510 0.048815
0 0.648071 0.784518 0.059510 0.054388
0 0.660625 0.850072 0.066016 0.051602
0 0.666667 0.912832 0.061363 0.051602
0 0.666667 0.976289 0.065087 0.047422
0 0.763830 0.552998 0.064154 0.043236
0 0.778707 0.599723 0.067873 0.041842
0 0.786146 0.638076 0.062300 0.046022
0 0.802884 0.684798 0.062296 0.047422
0 0.805206 0.732217 0.070664 0.047415
0 0.828453 0.787308 0.078103 0.054395
0 0.825662 0.843796 0.059510 0.047422
0 0.853557 0.913529 0.068806 0.052995
0 0.873082 0.976289 0.072526 0.047422
