0 0.392841 0.373079 0.052999 0.037656
0 0.405859 0.434447 0.058576 0.037656
0 0.401675 0.468620 0.065087 0.044635
0 0.407717 0.506276 0.056719 0.041836
0 0.403997 0.543936 0.066016 0.044629
0 0.398885 0.583682 0.050208 0.043236
0 0.392841 0.627614 0.060438 0.044629
0 0.394698 0.681312 0.069735 0.046022
0 0.390050 0.730127 0.071593 0.054395
0 0.399813 0.784518 0.063229 0.051602
0 0.400280 0.845186 0.079032 0.055788
0 0.549047 0.375176 0.041845 0.039049
0 0.545792 0.411436 0.055786 0.039056
0 0.543003 0.445605 0.053932 0.034870
0 0.550907 0.481172 0.054861 0.039049
0 0.562064 0.514645 0.058581 0.041842
0 0.556487 0.554395 0.052999 0.037656
0 0.557415 0.593447 0.056714 0.043236
0 0.556020 0.638076 0.050208 0.043236
0 0.560204 0.686191 0.066016 0.050208
0 0.576940 0.785215 0.056719 0.052995
0 0.581591 0.841702 0.069735 0.054395
0 0.566250 0.736400 0.074384 0.047422
0 0.580662 0.905859 0.069735 0.059974
0 0.586704 0.970713 0.070664 0.055788
0 0.576011 0.172943 0.039983 0.033477
0 0.596467 0.305439 0.038125 0.033470
0 0.596467 0.336123 0.051137 0.041842
0 0.604371 0.370990 0.040911 0.033477
0 0.608555 0.406553 0.056719 0.043236
0 0.603442 0.442819 0.050208 0.034870
0 0.611808 0.477682 0.055786 0.037656
0 0.623431 0.509762 0.045560 0.040449
0 0.625755 0.550908 0.059505 0.044629
0 0.631335 0.596234 0.066949 0.046022
0 0.638307 0.637380 0.064158 0.044629
0 0.631799 0.684102 0.064154 0.046029
0 0.641560 0.730127 0.061367 0.046022
0 0.647142 0.781032 0.061367 0.050215
0 0.659227 0.847979 0.065087 0.053001
0 0.665271 0.907253 0.062296 0.051602
0 0.666667 0.976292 0.061363 0.044629
0 0.689913 0.247559 0.040911 0.029284
0 0.695490 0.274059 0.044627 0.034863
0 0.706183 0.319385 0.052999 0.030684
0 0.716875 0.342399 0.040911 0.029290
0 0.720130 0.368203 0.047422 0.036263
0 0.727567 0.397490 0.054857 0.033470
0 0.732216 0.429570 0.052999 0.036263
0 0.744306 0.476986 0.058576 0.039049
0 0.749418 0.511855 0.059505 0.039049
0 0.761042 0.553695 0.062300 0.041842
0 0.777313 0.597627 0.066944 0.043236
0 0.787541 0.635983 0.061367 0.041836
0 0.801953 0.682008 0.064158 0.044629
0 0.804277 0.730124 0.072522 0.051602
0 0.827522 0.783818 0.085538 0.055788
0 0.824733 0.843796 0.055786 0.050208
0 0.854021 0.909342 0.073451 0.050208
0 0.874941 0.973503 0.078103 0.050208
