0 0.576476 0.165273 0.040911 0.034870
0 0.717806 0.360531 0.046489 0.043236
0 0.814041 0.673639 0.067873 0.047422
0 0.827986 0.725941 0.073455 0.051608
0 0.842398 0.777546 0.061367 0.048815
0 0.842398 0.847282 0.068806 0.054395
0 0.859601 0.907253 0.071597 0.054388
0 0.867969 0.969316 0.082752 0.061367
0 0.651788 0.854255 0.057648 0.051608
0 0.654579 0.918411 0.057648 0.048815
0 0.663414 0.975592 0.062296 0.048815
0 0.579729 0.910042 0.069735 0.057181
0 0.575080 0.974199 0.086471 0.051602
0 0.377962 0.839609 0.062296 0.055794
