0 0.212459 0.737796 0.052999 0.125527
0 0.387261 0.921895 0.066016 0.061367
0 0.394701 0.864017 0.060434 0.054388
0 0.400742 0.801253 0.074384 0.054395
0 0.407717 0.743372 0.056719 0.050208
0 0.408184 0.693864 0.068806 0.046022
0 0.408181 0.646445 0.065087 0.048815
0 0.413761 0.564854 0.059510 0.047415
0 0.413296 0.518132 0.051141 0.040443
0 0.418409 0.474893 0.055786 0.043236
0 0.417016 0.440029 0.047418 0.040449
0 0.406786 0.369593 0.052999 0.041842
0 0.540679 0.406556 0.051141 0.037656
0 0.543468 0.439329 0.054861 0.036263
0 0.543003 0.474196 0.055790 0.041842
0 0.552303 0.517432 0.061367 0.044629
0 0.550907 0.557184 0.066016 0.043236
0 0.545792 0.600420 0.061367 0.043236
0 0.553231 0.646445 0.065082 0.048815
0 0.561135 0.699440 0.064154 0.048815
0 0.587170 0.875176 0.073455 0.051602
0 0.588563 0.931657 0.070668 0.055788
0 0.670851 0.921898 0.062300 0.053001
0 0.679219 0.983265 0.071597 0.033470
0 0.649000 0.805439 0.070664 0.057181
0 0.646211 0.751048 0.063229 0.048815
0 0.635519 0.694561 0.056714 0.053001
0 0.623898 0.647142 0.065087 0.047422
0 0.622038 0.599720 0.070664 0.047422
0 0.617387 0.554395 0.059505 0.046029
0 0.615063 0.514645 0.058581 0.044629
0 0.613670 0.483265 0.061367 0.040449
0 0.609019 0.449095 0.057648 0.039049
0 0.603440 0.410739 0.046489 0.034863
0 0.596931 0.374476 0.040911 0.034863
0 0.603906 0.349372 0.041840 0.032077
0 0.600184 0.313112 0.045560 0.034870
0 0.602046 0.285911 0.047418 0.036263
0 0.603904 0.260114 0.045560 0.032077
0 0.598791 0.230820 0.044631 0.037656
0 0.592283 0.206416 0.046493 0.030684
0 0.686194 0.230824 0.048351 0.034863
0 0.688982 0.259414 0.044631 0.033477
0 0.702465 0.285215 0.056719 0.034870
0 0.701070 0.311715 0.042773 0.034863
0 0.708974 0.339609 0.043702 0.037656
0 0.727103 0.379359 0.055786 0.039056
0 0.736402 0.400977 0.044627 0.032083
0 0.733613 0.433750 0.053928 0.039049
0 0.741517 0.467923 0.054857 0.037656
0 0.757322 0.500700 0.049280 0.041842
0 0.759648 0.534867 0.057648 0.043236
0 0.767550 0.573919 0.064154 0.046029
0 0.783822 0.625524 0.061367 0.043236
0 0.796374 0.670853 0.060438 0.050208
0 0.801489 0.720361 0.072526 0.057181
0 0.825197 0.772663 0.080890 0.050208
0 0.840076 0.832637 0.079032 0.058581
0 0.854486 0.901673 0.072522 0.054388
0 0.863320 0.972106 0.084609 0.055788
