0 0.601115 0.255928 0.041840 0.032077
0 0.615527 0.314505 0.039049 0.034870
0 0.413763 0.536263 0.057648 0.040443
0 0.257090 0.983265 0.092053 0.033470
0 0.419340 0.579499 0.057648 0.040443
0 0.416085 0.622035 0.064158 0.041842
0 0.411437 0.665273 0.069731 0.047422
0 0.413761 0.711995 0.066949 0.051608
0 0.419805 0.767783 0.062300 0.051608
0 0.414690 0.829150 0.061367 0.057181
0 0.409112 0.899580 0.085543 0.055788
0 0.406788 0.967223 0.066016 0.057181
0 0.572292 0.632497 0.064158 0.051608
0 0.582055 0.682008 0.050213 0.041842
0 0.585308 0.732220 0.067873 0.050208
0 0.585308 0.788704 0.075312 0.051602
0 0.589494 0.845885 0.068806 0.054388
0 0.583915 0.907253 0.074384 0.059974
0 0.602509 0.413529 0.057648 0.032083
0 0.613203 0.449095 0.052995 0.039049
0 0.616923 0.481868 0.051137 0.037656
0 0.624360 0.512552 0.045560 0.034870
0 0.629939 0.549512 0.058576 0.047422
0 0.635985 0.587868 0.057648 0.043236
0 0.642958 0.638773 0.062296 0.041842
0 0.650859 0.681309 0.066944 0.048815
0 0.657370 0.734310 0.059505 0.046029
0 0.668062 0.786611 0.062296 0.047415
0 0.676895 0.847975 0.068806 0.050208
0 0.673639 0.911439 0.084614 0.062760
0 0.684332 0.977686 0.066944 0.044629
0 0.740586 0.449092 0.058576 0.041842
0 0.747094 0.477682 0.058581 0.037656
0 0.753602 0.514645 0.064158 0.041842
0 0.765226 0.552998 0.052066 0.043236
0 0.775918 0.594837 0.069735 0.048815
0 0.788937 0.645049 0.066016 0.048809
0 0.810786 0.686195 0.059505 0.044629
0 0.814505 0.740586 0.072526 0.052995
0 0.834961 0.797767 0.066944 0.047422
0 0.847049 0.849372 0.079965 0.058574
0 0.854952 0.912132 0.073455 0.053001
0 0.878661 0.970713 0.092982 0.053001
