0 0.393307 0.633893 0.057648 0.048815
0 0.391912 0.671549 0.052999 0.048815
0 0.386797 0.723151 0.052066 0.046029
0 0.384006 0.773363 0.074384 0.057181
0 0.378429 0.836820 0.061363 0.053001
0 0.374709 0.900977 0.081823 0.061367
0 0.550907 0.663180 0.067873 0.051608
0 0.556020 0.721061 0.066944 0.050208
0 0.560668 0.783818 0.072526 0.055788
0 0.570434 0.841702 0.066016 0.057181
0 0.579729 0.907253 0.069735 0.057188
0 0.578800 0.972106 0.086471 0.055788
0 0.582984 0.171546 0.042773 0.030684
0 0.592747 0.238493 0.038125 0.030684
0 0.595538 0.269876 0.049280 0.037656
0 0.606230 0.442819 0.046489 0.034870
0 0.608088 0.473499 0.044631 0.043236
0 0.612739 0.528590 0.065087 0.044629
0 0.618316 0.575313 0.059505 0.046029
0 0.624360 0.627617 0.062296 0.047422
0 0.627615 0.678522 0.066949 0.051602
0 0.629010 0.728730 0.064158 0.051602
0 0.640632 0.789401 0.070664 0.052995
0 0.651788 0.852161 0.057648 0.050208
0 0.655510 0.916318 0.059510 0.050215
0 0.662947 0.974199 0.063229 0.051602
0 0.709436 0.306136 0.050208 0.032077
0 0.717339 0.357044 0.049280 0.039049
0 0.720595 0.397487 0.048351 0.036263
0 0.734078 0.428171 0.054857 0.036263
0 0.740586 0.465830 0.054861 0.036257
0 0.766621 0.526501 0.062296 0.043236
0 0.783822 0.569040 0.059510 0.041842
0 0.797305 0.614365 0.064158 0.046022
0 0.813110 0.672246 0.069735 0.047422
0 0.827988 0.725244 0.079032 0.050215
0 0.835425 0.785911 0.066016 0.051602
0 0.841469 0.844489 0.068806 0.054395
0 0.858670 0.903763 0.069735 0.050208
0 0.867504 0.967923 0.083681 0.061367
