0 0.391447 0.674339 0.053928 0.046022
0 0.387263 0.723151 0.052999 0.046029
0 0.383077 0.773363 0.074384 0.054395
0 0.377033 0.838913 0.062296 0.051602
0 0.373316 0.900977 0.080894 0.058581
0 0.550907 0.663177 0.066016 0.048815
0 0.556484 0.719668 0.066016 0.050208
0 0.559740 0.782425 0.072526 0.055788
0 0.569501 0.840309 0.066016 0.054395
0 0.580195 0.907253 0.070668 0.054388
0 0.593214 0.238493 0.037192 0.030684
0 0.596003 0.271270 0.048351 0.040443
0 0.613203 0.529287 0.064158 0.046022
0 0.617852 0.575313 0.060434 0.048815
0 0.623895 0.627614 0.063225 0.044629
0 0.628546 0.677826 0.066944 0.050208
0 0.630406 0.728730 0.063225 0.048815
0 0.639238 0.789401 0.067878 0.052995
0 0.652255 0.851465 0.058581 0.048815
0 0.654115 0.914225 0.060434 0.051602
0 0.663878 0.974896 0.061367 0.050208
0 0.684798 0.211995 0.043702 0.030684
0 0.718273 0.356348 0.049280 0.037656
0 0.732218 0.422594 0.056719 0.044629
0 0.741053 0.465830 0.053928 0.036257
0 0.766621 0.527197 0.062296 0.041842
0 0.785217 0.569736 0.058576 0.040449
0 0.797303 0.615758 0.060438 0.046022
0 0.813574 0.672246 0.070664 0.047422
0 0.827988 0.725244 0.077174 0.053001
0 0.836354 0.785915 0.066016 0.054395
0 0.841469 0.845189 0.066949 0.052995
0 0.858670 0.905859 0.067878 0.051602
0 0.868898 0.967227 0.082752 0.062760
