0 0.417945 0.474196 0.056714 0.044629
0 0.414227 0.513945 0.066016 0.048815
0 0.415156 0.567643 0.058576 0.044635
0 0.412368 0.608089 0.052999 0.036257
0 0.410508 0.651325 0.073455 0.047415
0 0.409112 0.695957 0.065082 0.050208
0 0.407717 0.745469 0.058576 0.051602
0 0.401675 0.801950 0.081823 0.055788
0 0.394236 0.862624 0.066944 0.059974
0 0.389121 0.921201 0.069735 0.054395
0 0.540215 0.409342 0.052070 0.037656
0 0.544397 0.444212 0.056719 0.037656
0 0.547654 0.472106 0.061367 0.043236
0 0.551372 0.522314 0.059505 0.043236
0 0.550907 0.557184 0.054861 0.046022
0 0.548583 0.601813 0.063225 0.043236
0 0.555556 0.649232 0.062300 0.046029
0 0.560671 0.701533 0.070664 0.053001
0 0.568108 0.761507 0.068802 0.047415
0 0.575547 0.815202 0.059505 0.048815
0 0.585310 0.876569 0.079032 0.054388
0 0.589030 0.935146 0.069735 0.054395
0 0.594607 0.988841 0.082756 0.022318
0 0.613203 0.483265 0.060434 0.040449
0 0.614132 0.518828 0.058576 0.044635
0 0.617852 0.560671 0.058576 0.047422
0 0.621107 0.601813 0.068802 0.046022
0 0.625757 0.649928 0.061367 0.050208
0 0.636450 0.698047 0.056719 0.048815
0 0.649931 0.752441 0.065087 0.051602
0 0.650859 0.806836 0.072526 0.051602
0 0.659227 0.868200 0.065087 0.054395
0 0.671780 0.925384 0.064158 0.054388
0 0.674106 0.985355 0.066944 0.029290
0 0.696419 0.287308 0.057648 0.036257
0 0.704325 0.315898 0.045560 0.034870
0 0.709902 0.343096 0.045560 0.033470
0 0.726638 0.381452 0.058581 0.034870
0 0.733611 0.408646 0.050208 0.036263
0 0.732218 0.437236 0.056719 0.032077
0 0.741981 0.468620 0.059510 0.041836
0 0.758715 0.500700 0.048351 0.041842
0 0.760113 0.540446 0.066016 0.043236
0 0.767086 0.576709 0.061367 0.046022
0 0.784286 0.629010 0.060438 0.047422
0 0.794978 0.670850 0.063229 0.041842
0 0.803813 0.718968 0.071593 0.054395
0 0.823340 0.775452 0.086471 0.053001
0 0.841469 0.835426 0.076246 0.053001
0 0.855414 0.905163 0.070664 0.050208
0 0.860996 0.972106 0.085543 0.055788
