0 0.392374 0.632497 0.057648 0.043236
0 0.391447 0.674339 0.053928 0.046022
0 0.387728 0.724548 0.053928 0.046022
0 0.384937 0.776149 0.078103 0.054395
0 0.377962 0.836120 0.062296 0.048815
0 0.374709 0.901673 0.081823 0.057188
0 0.550907 0.662480 0.066016 0.047422
0 0.556949 0.719665 0.066944 0.047415
0 0.560668 0.783818 0.072526 0.055788
0 0.570432 0.841702 0.067878 0.051608
0 0.580660 0.907253 0.066016 0.054388
0 0.665736 0.974199 0.063225 0.051602
0 0.655043 0.915618 0.056719 0.048815
0 0.652719 0.850768 0.059510 0.050208
0 0.640632 0.789401 0.068806 0.050208
0 0.630404 0.728034 0.065087 0.050208
0 0.628082 0.678522 0.066016 0.048815
0 0.625291 0.627617 0.062300 0.047422
0 0.619711 0.576009 0.060438 0.047422
0 0.613203 0.528590 0.064158 0.039056
0 0.609484 0.473499 0.043698 0.040449
0 0.606230 0.443516 0.046489 0.036263
0 0.596467 0.271270 0.047422 0.040443
0 0.593212 0.238493 0.035330 0.030684
0 0.684334 0.211299 0.044631 0.029290
0 0.710831 0.306833 0.047418 0.033470
0 0.717806 0.358437 0.048346 0.039049
0 0.722454 0.396790 0.048346 0.034870
0 0.735471 0.428870 0.052070 0.034863
0 0.741981 0.465130 0.053928 0.037656
0 0.766155 0.526501 0.059505 0.043236
0 0.785215 0.566943 0.060438 0.043236
0 0.798698 0.613669 0.063229 0.047415
0 0.813110 0.669456 0.069735 0.044629
0 0.828453 0.722454 0.072522 0.050208
0 0.836821 0.785915 0.063225 0.054395
0 0.841934 0.843792 0.069735 0.053001
0 0.858670 0.905163 0.069735 0.050208
0 0.869826 0.966530 0.082752 0.061367
