0 0.599720 0.253835 0.039049 0.036263
0 0.615992 0.313112 0.038121 0.037656
0 0.611343 0.444909 0.056714 0.039049
0 0.414690 0.621338 0.063225 0.046022
0 0.411437 0.667363 0.069731 0.046029
0 0.414225 0.714089 0.069735 0.047422
0 0.421198 0.765690 0.057648 0.052995
0 0.416085 0.831940 0.064158 0.051602
0 0.409577 0.903766 0.082756 0.058574
0 0.407717 0.967223 0.071597 0.054395
0 0.590888 0.843792 0.071593 0.058574
0 0.582984 0.909346 0.070664 0.055788
0 0.586239 0.788704 0.073451 0.051602
0 0.585773 0.734310 0.066944 0.054388
0 0.641096 0.637380 0.062296 0.044629
0 0.650859 0.684798 0.066944 0.050208
0 0.659227 0.735007 0.055790 0.050208
0 0.667595 0.789401 0.065087 0.050208
0 0.677359 0.847979 0.071593 0.055788
0 0.675035 0.911439 0.081823 0.059974
0 0.684798 0.977686 0.067878 0.044629
0 0.790330 0.641563 0.066944 0.050208
0 0.809390 0.684798 0.062296 0.047422
0 0.812645 0.739193 0.076246 0.050208
0 0.834961 0.794977 0.065087 0.053001
0 0.847049 0.854951 0.079965 0.053001
0 0.856345 0.914925 0.074384 0.055788
0 0.879590 0.974896 0.085543 0.050208
