0 0.261738 0.500697 0.047418 0.119948
0 0.410972 0.358437 0.059505 0.047422
0 0.390052 0.500697 0.047422 0.039049
0 0.384473 0.540446 0.064154 0.046022
0 0.383542 0.579495 0.064158 0.043236
0 0.381684 0.624131 0.058576 0.043236
0 0.380753 0.666667 0.071593 0.047422
0 0.384937 0.721755 0.063225 0.043236
0 0.388192 0.767780 0.067878 0.048815
0 0.385868 0.831937 0.066944 0.057181
0 0.539284 0.489541 0.059505 0.044629
0 0.539284 0.529987 0.053932 0.039049
0 0.542072 0.569736 0.053928 0.043236
0 0.551372 0.617852 0.063229 0.044635
0 0.552767 0.660391 0.054857 0.046029
0 0.553696 0.715482 0.073451 0.050208
0 0.566712 0.764297 0.071593 0.050208
0 0.569967 0.823571 0.070664 0.051608
0 0.576009 0.886331 0.069735 0.057181
0 0.581591 0.962344 0.088329 0.061367
0 0.572756 0.145049 0.040911 0.033470
0 0.592747 0.343096 0.052995 0.030684
0 0.596000 0.368896 0.053928 0.040449
0 0.600184 0.403066 0.052999 0.036263
0 0.605299 0.434450 0.057648 0.040449
0 0.604835 0.465133 0.056719 0.043236
0 0.605764 0.503486 0.058576 0.041842
0 0.612739 0.540446 0.057648 0.043236
0 0.618316 0.587168 0.065087 0.047422
0 0.617387 0.627617 0.057648 0.047422
0 0.629008 0.671549 0.062296 0.048815
0 0.633194 0.720365 0.066944 0.051602
0 0.646675 0.769876 0.060434 0.047422
0 0.650862 0.820781 0.078103 0.057188
0 0.656905 0.889121 0.066016 0.054388
0 0.675499 0.960251 0.084609 0.057181
0 0.662483 0.135983 0.038125 0.032083
0 0.675966 0.189678 0.035334 0.033470
0 0.023244 0.958161 0.046489 0.055788
0 0.689911 0.264294 0.046489 0.032077
0 0.697815 0.290798 0.039978 0.032077
0 0.715015 0.348675 0.053928 0.033470
0 0.721990 0.375872 0.051141 0.034870
0 0.734542 0.410042 0.059510 0.041842
0 0.740122 0.447699 0.055790 0.036257
0 0.747094 0.484658 0.058581 0.040449
0 0.768014 0.525804 0.061367 0.044629
0 0.778242 0.577406 0.068802 0.044629
0 0.785217 0.623431 0.066016 0.047422
0 0.797305 0.671546 0.066016 0.054395
0 0.798698 0.718268 0.074384 0.050208
0 0.818225 0.769873 0.081823 0.053001
0 0.835425 0.824964 0.069731 0.057181
0 0.843796 0.884938 0.069735 0.059967
0 0.854952 0.960947 0.075313 0.058574
