0 0.395165 0.631104 0.061363 0.046022
0 0.391910 0.675033 0.051137 0.050208
0 0.386797 0.723151 0.052066 0.046029
0 0.384473 0.772663 0.073451 0.058581
0 0.377964 0.837516 0.058576 0.054395
0 0.373780 0.902370 0.079965 0.061367
0 0.549976 0.662480 0.067878 0.050208
0 0.556484 0.718968 0.064158 0.051608
0 0.561135 0.782425 0.071593 0.055788
0 0.571363 0.840309 0.066016 0.054395
0 0.580660 0.907949 0.071597 0.064154
0 0.579264 0.972106 0.085543 0.055788
0 0.583451 0.171549 0.039983 0.033477
0 0.593212 0.238493 0.035330 0.033470
0 0.596003 0.271966 0.048351 0.036263
0 0.602046 0.359831 0.051141 0.039049
0 0.607159 0.442122 0.044631 0.036263
0 0.609019 0.472106 0.044627 0.040449
0 0.613203 0.529287 0.062300 0.046022
0 0.617852 0.573919 0.056719 0.046029
0 0.625291 0.628311 0.062300 0.043236
0 0.628082 0.678522 0.066016 0.048815
0 0.629939 0.728034 0.066016 0.052995
0 0.640167 0.790098 0.069735 0.051602
0 0.653650 0.853555 0.057648 0.050208
0 0.654115 0.916318 0.060434 0.047415
0 0.662947 0.974896 0.065087 0.050208
0 0.710369 0.304740 0.050208 0.037656
0 0.717806 0.355648 0.050213 0.041842
0 0.721523 0.396094 0.050208 0.039049
0 0.734078 0.426081 0.054857 0.037656
0 0.741517 0.463737 0.054857 0.040443
0 0.768014 0.525104 0.059510 0.040443
0 0.785215 0.567643 0.060438 0.047422
0 0.798234 0.615062 0.064158 0.047415
0 0.813110 0.672943 0.071593 0.051602
0 0.827522 0.724548 0.076241 0.054395
0 0.835890 0.786611 0.068802 0.053001
0 0.841469 0.843792 0.070664 0.053001
0 0.859134 0.905856 0.070664 0.054395
0 0.867969 0.969316 0.084609 0.061367
