0 0.410041 0.393307 0.053928 0.039049
0 0.417014 0.427474 0.058576 0.037656
0 0.413296 0.458158 0.062296 0.046029
0 0.415621 0.503486 0.055790 0.039056
0 0.415621 0.538353 0.046493 0.039049
0 0.417480 0.580895 0.061367 0.043236
0 0.415156 0.622035 0.064158 0.044629
0 0.411901 0.663180 0.066944 0.051608
0 0.416549 0.714089 0.066944 0.047422
0 0.419805 0.764993 0.058576 0.048815
0 0.416087 0.831243 0.062296 0.050208
0 0.407717 0.903766 0.079036 0.055788
0 0.410043 0.966527 0.065087 0.055788
0 0.549976 0.433053 0.054857 0.034870
0 0.556020 0.470013 0.046493 0.039049
0 0.560204 0.506976 0.060434 0.043236
0 0.565783 0.546722 0.054857 0.039056
0 0.572292 0.590654 0.060434 0.043236
0 0.572292 0.631100 0.066016 0.048815
0 0.580195 0.680615 0.053932 0.041842
0 0.585310 0.732217 0.069735 0.055788
0 0.587635 0.789401 0.072526 0.050208
0 0.590423 0.844489 0.068806 0.054395
0 0.582520 0.905163 0.069735 0.061367
0 0.600184 0.971410 0.077174 0.057181
0 0.602046 0.252441 0.043702 0.036263
0 0.616923 0.311715 0.039983 0.037663
0 0.611343 0.354255 0.052999 0.039056
0 0.593676 0.382845 0.049280 0.032083
0 0.603440 0.414922 0.053928 0.034870
0 0.614599 0.446302 0.055786 0.036263
0 0.621107 0.480472 0.052066 0.032077
0 0.625291 0.512552 0.047422 0.034870
0 0.630868 0.547422 0.058576 0.034870
0 0.636450 0.586475 0.058576 0.043236
0 0.642027 0.636683 0.062300 0.043236
0 0.649466 0.683405 0.066016 0.047422
0 0.657370 0.733613 0.059505 0.047422
0 0.668526 0.788701 0.063225 0.046022
0 0.676430 0.842399 0.071593 0.053001
0 0.670386 0.904463 0.081823 0.057181
0 0.680150 0.974896 0.062296 0.050208
0 0.685263 0.238493 0.048346 0.030684
0 0.686191 0.262900 0.039049 0.032077
0 0.706649 0.306136 0.057648 0.034863
0 0.718270 0.333333 0.051141 0.025104
0 0.715480 0.353555 0.045560 0.034870
0 0.725245 0.382845 0.053928 0.034870
0 0.728963 0.413529 0.057648 0.037656
0 0.738726 0.448398 0.056714 0.037656
0 0.748023 0.479082 0.054857 0.037656
0 0.752671 0.518132 0.062296 0.040443
0 0.767086 0.550208 0.050213 0.040443
0 0.774987 0.591354 0.075312 0.047422
0 0.789865 0.640169 0.064158 0.047422
0 0.810786 0.687585 0.059505 0.050208
0 0.811250 0.737796 0.073455 0.055788
0 0.834497 0.794281 0.067873 0.046022
0 0.843327 0.849372 0.078103 0.053001
0 0.852628 0.910739 0.070664 0.055788
0 0.878197 0.972106 0.088329 0.055788
