0 0.416552 0.376569 0.053928 0.044635
0 0.408184 0.439333 0.046489 0.041842
0 0.401675 0.509066 0.057648 0.039056
0 0.400744 0.546025 0.059510 0.040449
0 0.400744 0.588564 0.063225 0.047415
0 0.397025 0.635983 0.066949 0.047422
0 0.393305 0.681312 0.052070 0.046022
0 0.393305 0.729427 0.061367 0.047422
0 0.394701 0.785915 0.067873 0.046022
0 0.400280 0.849375 0.062296 0.050208
0 0.533240 0.377962 0.047418 0.039049
0 0.534633 0.413529 0.053928 0.034870
0 0.531847 0.441423 0.052070 0.040449
0 0.540215 0.476289 0.053928 0.037656
0 0.529985 0.511159 0.063225 0.046029
0 0.549512 0.590654 0.068806 0.043236
0 0.552765 0.631800 0.066016 0.047415
0 0.565319 0.724544 0.059510 0.048815
0 0.566248 0.779635 0.053928 0.047422
0 0.567643 0.836820 0.071597 0.053001
0 0.575082 0.900973 0.075312 0.055788
0 0.582520 0.972803 0.086471 0.054395
0 0.603440 0.447002 0.059510 0.040449
0 0.604835 0.476292 0.045564 0.043236
0 0.605766 0.507673 0.062296 0.044629
0 0.617387 0.548812 0.055790 0.043236
0 0.623431 0.590654 0.058581 0.043236
0 0.626684 0.633193 0.065087 0.044629
0 0.632266 0.676429 0.057648 0.044629
0 0.642958 0.730824 0.052999 0.041842
0 0.648535 0.784518 0.060438 0.048815
0 0.653186 0.841006 0.075312 0.055788
0 0.663414 0.902373 0.079032 0.055788
0 0.678288 0.970713 0.077174 0.055788
0 0.691306 0.242679 0.036259 0.033470
0 0.699674 0.313109 0.049280 0.032077
0 0.715946 0.361927 0.057648 0.037656
0 0.724779 0.389818 0.047422 0.034870
0 0.733147 0.421898 0.056719 0.034863
0 0.736866 0.450488 0.051137 0.036263
0 0.747559 0.482565 0.059510 0.039049
0 0.752671 0.518828 0.052999 0.039049
0 0.760113 0.555091 0.058576 0.039049
0 0.769874 0.594144 0.063229 0.044629
0 0.784753 0.635983 0.074384 0.041836
0 0.795909 0.679915 0.072522 0.046029
0 0.808461 0.728034 0.064154 0.050208
0 0.819154 0.781032 0.068802 0.050215
0 0.831706 0.836820 0.067873 0.050215
0 0.845189 0.896794 0.076246 0.058574
0 0.853092 0.970016 0.084614 0.054395
