0 0.051139 0.958158 0.087400 0.058581
0 0.415621 0.377266 0.057648 0.046029
0 0.407719 0.478382 0.062296 0.041842
0 0.401673 0.546722 0.061367 0.044629
0 0.400744 0.588564 0.061367 0.044629
0 0.397489 0.635286 0.067878 0.046029
0 0.392376 0.682008 0.052070 0.044629
0 0.393307 0.730127 0.057648 0.046022
0 0.395165 0.785911 0.068802 0.048815
0 0.400744 0.850072 0.063225 0.048815
0 0.533707 0.380055 0.050208 0.043236
0 0.530916 0.441423 0.052066 0.040449
0 0.538819 0.476289 0.056719 0.037656
0 0.529056 0.511159 0.063225 0.046029
0 0.541144 0.548815 0.050213 0.040443
0 0.548581 0.590654 0.066944 0.043236
0 0.556484 0.677126 0.067873 0.046022
0 0.564852 0.724544 0.058576 0.048815
0 0.564390 0.778242 0.053928 0.050208
0 0.568572 0.837516 0.071597 0.051608
0 0.576478 0.900277 0.078103 0.057181
0 0.581589 0.969316 0.090191 0.061367
0 0.605764 0.507673 0.064158 0.044629
0 0.609486 0.541143 0.069735 0.053001
0 0.624362 0.589958 0.058576 0.044629
0 0.627615 0.632497 0.061367 0.046022
0 0.633194 0.674336 0.057648 0.048815
0 0.642491 0.732217 0.052066 0.041842
0 0.647142 0.785911 0.063225 0.051602
0 0.664342 0.905856 0.079032 0.057181
0 0.677826 0.971410 0.074384 0.054395
0 0.691771 0.242679 0.035330 0.033470
0 0.724779 0.390514 0.047422 0.039049
0 0.738260 0.452578 0.050208 0.037656
0 0.753138 0.517432 0.052066 0.041842
0 0.760577 0.556488 0.057648 0.041842
0 0.786146 0.635283 0.071597 0.043236
0 0.796374 0.680615 0.073451 0.044629
0 0.810786 0.730124 0.063229 0.051602
0 0.820547 0.783122 0.073455 0.054395
0 0.834961 0.837516 0.066944 0.054395
0 0.844724 0.898187 0.077174 0.061361
0 0.855414 0.970016 0.085543 0.057181
